1.01999963278043	1.2086e-30	2.3099400000000002e-08
1.0607978032552452	1.2606e-30	2.5745580000000003e-08
1.0961060936137415	1.3079e-30	2.8245030000000002e-08
1.122255941700268	1.3443e-30	3.0179450000000006e-08
1.1416163571754085	1.3717e-30	3.170808e-08
1.1567507964571138	1.3947e-30	3.293613e-08
1.1737940547403016	1.4172e-30	3.4313360000000007e-08
1.1959480219629435	1.4488e-30	3.616704e-08
1.2196964525959917	1.4831e-30	3.81684e-08
1.2405379042064084	1.5133e-30	4.0028700000000004e-08
1.2626562228568663	1.545e-30	4.22507e-08
1.287545407799799	1.5807e-30	4.4470300000000003e-08
1.3110831877790334	1.6144e-30	4.7061e-08
1.333301970587464	1.6459e-30	4.928880000000001e-08
1.3587550511267599	1.6815e-30	5.18609e-08
1.387270668094581	1.7211e-30	5.5189199999999996e-08
1.4141788585348376	1.7581e-30	5.81412e-08
1.437010148628973	1.7892e-30	6.073380000000001e-08
1.456882607231846	1.8158e-30	6.29356e-08
1.4794578757621153	1.8453e-30	6.58971e-08
1.508809613786613	1.8829e-30	6.9192e-08
1.5390525661157077	1.9216e-30	7.324460000000001e-08
1.564051937554482	1.9529e-30	7.65496e-08
1.5901466923930878	1.9845e-30	7.9851e-08
1.6240646884364125	2.0246e-30	8.46108e-08
1.658403985787365	2.0652e-30	8.93869e-08
1.6857885707831697	2.0968e-30	9.34164e-08
1.7138958495605205	2.1279e-30	9.74415e-08
1.7504323952697165	2.1674e-30	1.032858e-07
1.7883235867219	2.2083e-30	1.0912050000000001e-07
1.8198952585596673	2.2416e-30	1.1423730000000001e-07
1.852860465491895	2.2749e-30	1.196856e-07
1.8957132900362181	2.3171e-30	1.266013e-07
1.9397684436969245	2.3604e-30	1.34612e-07
1.9760684125179908	2.3954e-30	1.411355e-07
2.013933677735859	2.43e-30	1.4801640000000002e-07
2.0631643559218085	2.4739e-30	1.570506e-07
2.114556633893817	2.5195e-30	1.672125e-07
2.1535853388765958	2.5568e-30	1.751544e-07
2.1832741179471955	2.5792e-30	1.81298e-07
2.2160059887705836	2.606e-30	1.8816840000000002e-07
2.2585606616202774	2.6401e-30	1.971232e-07
2.3054482563799588	2.6776e-30	2.0721260000000002e-07
2.3480385778018364	2.7114e-30	2.169194e-07
2.3874075646100064	2.7417e-30	2.2587899999999998e-07
2.432522453098361	2.775e-30	2.3658480000000004e-07
2.4834512996319797	2.8127e-30	2.4879360000000003e-07
2.531806967409779	2.8479e-30	2.609104e-07
2.5774436213637344	2.88e-30	2.723468e-07
2.62966877961313	2.9151e-30	2.858682e-07
2.6882296613733905	2.9545e-30	3.01456e-07
2.7434590220241013	2.9941e-30	3.171746e-07
2.795651772480603	3.0241e-30	3.31325e-07
2.8554765581637453	3.0602e-30	3.48606e-07
2.9332487795518314	3.1053e-30	3.7224200000000006e-07
3.012155273691223	3.1522e-30	3.9699e-07
3.0759662179003824	3.1889e-30	4.1446e-07
3.1423633039825187	3.2238e-30	4.35479e-07
3.2286749787982902	3.2663e-30	4.6696000000000005e-07
3.320113566449963	3.3137e-30	4.948680000000001e-07
3.390535700409589	3.3492e-30	5.22972e-07
3.4439761508925266	3.3749e-30	5.402780000000001e-07
3.502990741753308	3.4017e-30	5.60961e-07
3.5796999875344566	3.427e-30	5.88555e-07
3.6659047166336767	3.4674e-30	6.231750000000001e-07
3.746340858597686	3.5003e-30	6.54304e-07
3.8327724422471667	3.5281e-30	6.88506e-07
3.925750400061326	3.5655e-30	7.263150000000001e-07
4.007450445948218	3.5943e-30	7.604550000000001e-07
4.093946845183488	3.6174e-30	7.9778e-07
4.206401886527208	3.6478e-30	8.450399999999999e-07
4.321222696752222	3.6885e-30	8.960700000000001e-07
4.414135838980592	3.7149e-30	9.401440000000001e-07
4.509900866983673	3.738e-30	9.837810000000001e-07
4.634411607284125	3.7643e-30	1.043809e-06
4.7651122360274165	3.7964e-30	1.1072760000000002e-06
4.876206150069569	3.8211e-30	1.164125e-06
4.99297142786825	3.8418e-30	1.2234980000000002e-06
5.144769529785824	3.8618e-30	1.298704e-06
5.301752878566509	3.8938e-30	1.3844880000000001e-06
5.431967390416384	3.9153e-30	1.456864e-06
5.567626411472524	3.9313e-30	1.5314219999999998e-06
5.743989620404087	3.9474e-30	1.6275240000000003e-06
5.929783497067932	3.973e-30	1.7379110000000002e-06
6.089294653694385	3.9908e-30	1.8339899999999999e-06
6.228064822868392	4.0041e-30	1.917594e-06
6.3784045741057165	4.0148e-30	2.0118900000000003e-06
6.573855973052106	4.0194e-30	2.130425e-06
6.778802855316567	4.0409e-30	2.266554e-06
6.951763245994213	4.0541e-30	2.379048e-06
7.1064132336864985	4.0595e-30	2.481534e-06
7.281577354280966	4.0678e-30	2.6008740000000005e-06
7.509306914950221	4.0654e-30	2.7521119999999998e-06
7.746467143351761	4.0819e-30	2.923976000000001e-06
7.939682404588433	4.0918e-30	3.0644460000000003e-06
8.1346800944343	4.092e-30	3.2064720000000006e-06
8.388206258247534	4.0854e-30	3.3957000000000004e-06
8.652653848266194	4.1006e-30	3.6041600000000003e-06
8.874387967249977	4.1072e-30	3.7819e-06
9.105812016309198	4.1049e-30	3.95312e-06
9.406653557748319	4.0984e-30	4.180440000000001e-06
9.721300818960472	4.1057e-30	4.438680000000001e-06
9.987401206416749	4.11e-30	4.66817e-06
10.26678878895975	4.0974e-30	4.88741e-06
10.630015331720672	4.0915e-30	5.21872e-06
11.011552277466958	4.0941e-30	5.5494600000000006e-06
11.337574673985062	4.0961e-30	5.85216e-06
11.682004696867208	4.0773e-30	6.13872e-06
12.054305421638576	4.079e-30	6.516510000000001e-06
12.407615179773801	4.073e-30	6.82878e-06
12.74666550903547	4.0674e-30	7.168039999999999e-06
13.122498683232333	4.0434e-30	7.518720000000001e-06
13.534660993263868	4.0401e-30	7.95522e-06
13.925498975570859	4.0296e-30	8.35788e-06
14.295984863940138	4.02e-30	8.75655e-06
14.708600883072195	3.9934e-30	9.186120000000001e-06
15.164643344682805	3.9773e-30	9.66917e-06
15.580759405447461	3.9655e-30	1.015674e-05
15.963625070702419	3.9476e-30	1.057656e-05
16.399574700718475	3.9147e-30	1.1078470000000002e-05
16.966257367270718	3.8694e-30	1.1751619999999999e-05
17.5566301304288	3.844e-30	1.2512100000000002e-05
18.047089668093307	3.8224e-30	1.3171950000000002e-05
18.481289277293065	3.7924e-30	1.3749190000000001e-05
18.972947903294667	3.7442e-30	1.44072e-05
19.61212680255178	3.6773e-30	1.527768e-05
20.29897756515662	3.6229e-30	1.632577e-05
20.899850453212498	3.5743e-30	1.730079e-05
21.442680984194432	3.5191e-30	1.818288e-05
22.058040155674124	3.4398e-30	1.9208e-05
22.853943141368767	3.3325e-30	2.0571300000000004e-05
23.656068423299143	3.2484e-30	2.2211280000000004e-05
24.28659444185344	3.1715e-30	2.3460000000000002e-05
24.922662192992686	3.0774e-30	2.4980400000000002e-05
25.61213798682197	2.9837e-30	2.64828e-05
26.22305729067513	2.8991e-30	2.82125e-05
26.782966728512434	2.8138e-30	2.9685600000000003e-05
27.42451139665084	2.7069e-30	3.146e-05
28.25849353899645	2.5664e-30	3.3896299999999996e-05
29.09396643981521	2.4389e-30	3.67971e-05
29.73920559634358	2.3378e-30	3.93448e-05
30.38587069575931	2.2236e-30	4.187460000000001e-05
31.226561251234074	2.078e-30	4.5358199999999995e-05
32.09881699698802	1.9359e-30	4.96496e-05
32.817103318700475	1.8183e-30	5.3576700000000005e-05
33.5553528408359	1.6903e-30	5.75424e-05
34.51494758844037	1.5293e-30	6.33366e-05
35.48847768698946	1.3734e-30	6.9938e-05
36.27404258675078	1.2516e-30	7.5563e-05
37.09007081183287	1.1239e-30	8.126900000000001e-05
38.15077787326801	9.69e-31	8.852670000000001e-05
39.27176342948682	8.2466e-31	9.670700000000001e-05
40.23233041087813	7.1228e-31	0.00010319
41.24312947125582	6.0405e-31	0.00010869480000000003
42.55726547312551	4.8588e-31	0.00011420040000000001
43.89797586516865	3.9278e-31	0.00011907000000000001
44.98201653748779	3.3142e-31	0.00012190050000000002
46.09943723648821	2.7649e-31	0.0001231908
47.55227859194611	2.2036e-31	0.0001234079
49.23975236795979	1.7246e-31	0.0001230592
50.93759663769969	1.3683e-31	0.000121899
52.63868168672904	1.0958e-31	0.0001197965
54.53648203862767	8.6387e-32	0.00011673500000000001
56.675396369660945	6.7388e-32	0.00011309590000000001
58.85870937695961	5.3327e-32	0.0001093365
60.99341069491662	4.2945e-32	0.0001054816
63.296956613853666	3.422e-32	0.000101069
65.82865339476761	2.7183e-32	9.649260000000001e-05
68.46178656744115	2.1681e-32	9.170238000000001e-05
71.20024506702164	1.7358e-32	8.70963e-05
73.96657426849136	1.4054e-32	8.261028e-05
76.569892271702	1.1665e-32	7.877712e-05
78.9129756979703	9.9335e-33	7.54455e-05
81.02175078161173	8.6362e-33	7.255583999999999e-05
82.91955113351035	7.643e-33	7.007044e-05
84.62744181904753	6.8652e-33	6.789275999999999e-05
86.16486751395995	6.2493e-33	6.597588000000001e-05
87.54835619262374	5.7453e-33	6.431051000000001e-05
88.79346359562827	5.3369e-33	6.280285e-05
89.91412507391813	4.9996e-33	6.150077999999999e-05
90.93983171902727	4.7111e-33	6.0368e-05
91.92988979195253	4.4458e-33	5.91626e-05
92.91994786487778	4.1988e-33	5.79964e-05
93.91000593780304	3.9693e-33	5.6869399999999995e-05
94.89973993279933	3.7554e-33	5.57718e-05
95.8897980057246	3.5531e-33	5.4664400000000005e-05
96.87985607864985	3.3641e-33	5.3641079999999996e-05
97.8699141515751	3.1877e-33	5.259140999999999e-05
98.85997222450037	3.0229e-33	5.157117e-05
99.67729676129821	2.9067e-33	5.092371e-05
