   0.0000000E+00   3.8189929E+05   2.0004248E+05   5.8194177E+05   0.0000000E+00   0.0000000E+00   0.0000000E+00
   1.4492754E-02   3.2961546E+05   1.7882586E+05   5.0844132E+05   0.0000000E+00   0.0000000E+00   0.0000000E+00
   2.8985507E-02   3.4249698E+05   1.7920473E+05   5.2170171E+05   0.0000000E+00   0.0000000E+00   0.0000000E+00
   4.3478261E-02   3.4527535E+05   1.6771239E+05   5.1298774E+05   0.0000000E+00   0.0000000E+00   0.0000000E+00
   5.7971014E-02   3.4514906E+05   1.9227568E+05   5.3742474E+05   0.0000000E+00   0.0000000E+00   0.0000000E+00
   7.2463768E-02   3.4961971E+05   1.6958147E+05   5.1920118E+05   0.0000000E+00   0.0000000E+00   0.0000000E+00
   8.6956522E-02   3.4994806E+05   1.8488775E+05   5.3483581E+05   0.0000000E+00   0.0000000E+00   0.0000000E+00
   1.0144928E-01   3.6306412E+05   1.8174856E+05   5.4481268E+05   0.0000000E+00   0.0000000E+00   0.0000000E+00
   1.1594203E-01   3.5481020E+05   1.8526662E+05   5.4007682E+05   0.0000000E+00   0.0000000E+00   0.0000000E+00
   1.3043478E-01   3.7314322E+05   1.8707677E+05   5.6021999E+05   0.0000000E+00   0.0000000E+00   0.0000000E+00
   1.4492754E-01   3.8727922E+05   1.8541817E+05   5.7262161E+05   0.0000000E+00   0.0000000E+00   0.0000000E+00
   1.5942029E-01   3.8320811E+05   1.9246512E+05   5.7560434E+05   0.0000000E+00   0.0000000E+00   0.0000000E+00
   1.7391304E-01   3.9497025E+05   1.9505405E+05   5.9002430E+05   0.0000000E+00   0.0000000E+00   0.0000000E+00
   1.8840580E-01   3.9862778E+05   2.0394774E+05   6.0251724E+05   0.0000000E+00   0.0000000E+00   0.0000000E+00
   2.0289855E-01   4.1312886E+05   2.0902708E+05   6.2215594E+05   0.0000000E+00   0.0000000E+00   0.0000000E+00
   2.1739130E-01   4.1635105E+05   2.0969100E+05   6.2594102E+05   0.0000000E+00   0.0000000E+00   0.0000000E+00
   2.3188406E-01   4.1509763E+05   2.0724098E+05   6.2233861E+05   0.0000000E+00   0.0000000E+00   0.0000000E+00
   2.4637681E-01   4.3039444E+05   2.1693556E+05   6.4732999E+05   0.0000000E+00   0.0000000E+00   0.0000000E+00
   2.6086957E-01   4.3881373E+05   2.1885961E+05   6.5767335E+05   0.0000000E+00   0.0000000E+00   0.0000000E+00
   2.7536232E-01   4.3649621E+05   2.1850733E+05   6.5492378E+05   0.0000000E+00   0.0000000E+00   0.0000000E+00
   2.8985507E-01   4.4831491E+05   2.2042560E+05   6.6874051E+05   0.0000000E+00   0.0000000E+00   0.0000000E+00
   3.0434783E-01   4.5233272E+05   2.2641894E+05   6.7864341E+05   0.0000000E+00   0.0000000E+00   0.0000000E+00
   3.1884058E-01   4.5918843E+05   2.2415229E+05   6.8334072E+05   0.0000000E+00   0.0000000E+00   0.0000000E+00
   3.3333333E-01   4.5421372E+05   2.2893531E+05   6.8305020E+05   0.0000000E+00   0.0000000E+00   0.0000000E+00
   3.4782609E-01   4.5527346E+05   2.2975208E+05   6.8499396E+05   0.0000000E+00   0.0000000E+00   0.0000000E+00
   3.6231884E-01   4.5821853E+05   2.2668451E+05   6.8487272E+05   0.0000000E+00   0.0000000E+00   0.0000000E+00
   3.7681159E-01   4.4595718E+05   2.2417348E+05   6.7013067E+05   0.0000000E+00   0.0000000E+00   0.0000000E+00
   3.9130435E-01   4.3853309E+05   2.2563715E+05   6.6414217E+05   0.0000000E+00   0.0000000E+00   0.0000000E+00
   4.0579710E-01   4.3009675E+05   2.1673975E+05   6.4675532E+05   0.0000000E+00   0.0000000E+00   0.0000000E+00
   4.2028986E-01   4.2563899E+05   2.1888139E+05   6.4441586E+05   0.0000000E+00   0.0000000E+00   0.0000000E+00
   4.3478261E-01   4.1609847E+05   2.0847862E+05   6.2452658E+05   0.0000000E+00   0.0000000E+00   0.0000000E+00
   4.4927536E-01   4.1396866E+05   2.0478445E+05   6.1870422E+05   0.0000000E+00   0.0000000E+00   0.0000000E+00
   4.6376812E-01   4.0193195E+05   2.0612806E+05   6.0806001E+05   0.0000000E+00   0.0000000E+00   0.0000000E+00
   4.7826087E-01   3.9445935E+05   1.9581753E+05   5.9023095E+05   0.0000000E+00   0.0000000E+00   0.0000000E+00
   4.9275362E-01   3.7282873E+05   1.8909988E+05   5.6188404E+05   0.0000000E+00   0.0000000E+00   0.0000000E+00
   5.0724638E-01   3.6252288E+05   1.8116402E+05   5.4362195E+05   0.0000000E+00   0.0000000E+00   0.0000000E+00
   5.2173913E-01   3.5335787E+05   1.7785764E+05   5.3111027E+05   0.0000000E+00   0.0000000E+00   0.0000000E+00
   5.3623188E-01   3.3907693E+05   1.7276396E+05   5.1175897E+05   0.0000000E+00   0.0000000E+00   0.0000000E+00
   5.5072464E-01   3.2602618E+05   1.6179672E+05   4.8780296E+05   0.0000000E+00   0.0000000E+00   0.0000000E+00
   5.6521739E-01   3.0993373E+05   1.5654063E+05   4.6639664E+05   0.0000000E+00   0.0000000E+00   0.0000000E+00
   5.7971014E-01   2.9686229E+05   1.4895209E+05   4.4581438E+05   0.0000000E+00   0.0000000E+00   0.0000000E+00
   5.9420290E-01   2.8211830E+05   1.4038458E+05   4.2250289E+05   0.0000000E+00   0.0000000E+00   0.0000000E+00
   6.0869565E-01   2.7074653E+05   1.3448022E+05   4.0520871E+05   0.0000000E+00   0.0000000E+00   0.0000000E+00
   6.2318841E-01   2.5683749E+05   1.2821610E+05   3.8501834E+05   0.0000000E+00   0.0000000E+00   0.0000000E+00
   6.3768116E-01   2.3965145E+05   1.2130675E+05   3.6095820E+05   0.0000000E+00   0.0000000E+00   0.0000000E+00
   6.5217391E-01   2.2804506E+05   1.1207767E+05   3.4008906E+05   0.0000000E+00   0.0000000E+00   0.0000000E+00
   6.6666667E-01   2.1457126E+05   1.0791159E+05   3.2246638E+05   0.0000000E+00   0.0000000E+00   0.0000000E+00
   6.8115942E-01   2.0362158E+05   1.0021471E+05   3.0383629E+05   0.0000000E+00   0.0000000E+00   0.0000000E+00
   6.9565217E-01   1.8471410E+05   9.5032809E+04   2.7971534E+05   0.0000000E+00   0.0000000E+00   0.0000000E+00
   7.1014493E-01   1.7814544E+05   8.8856224E+04   2.6701713E+05   0.0000000E+00   0.0000000E+00   0.0000000E+00
   7.2463768E-01   1.6641413E+05   8.3093405E+04   2.4950754E+05   0.0000000E+00   0.0000000E+00   0.0000000E+00
   7.3913043E-01   1.5594518E+05   7.7913160E+04   2.3385834E+05   0.0000000E+00   0.0000000E+00   0.0000000E+00
   7.5362319E-01   1.4360567E+05   7.2538716E+04   2.1614439E+05   0.0000000E+00   0.0000000E+00   0.0000000E+00
   7.6811594E-01   1.3476275E+05   6.8639506E+04   2.0338796E+05   0.0000000E+00   0.0000000E+00   0.0000000E+00
   7.8260870E-01   1.2411446E+05   6.2204569E+04   1.8631903E+05   0.0000000E+00   0.0000000E+00   0.0000000E+00
   7.9710145E-01   1.1513464E+05   5.8028853E+04   1.7316350E+05   0.0000000E+00   0.0000000E+00   0.0000000E+00
   8.1159420E-01   1.0611020E+05   5.3000975E+04   1.5909764E+05   0.0000000E+00   0.0000000E+00   0.0000000E+00
   8.2608696E-01   9.7136525E+04   4.8588203E+04   1.4572473E+05   0.0000000E+00   0.0000000E+00   0.0000000E+00
   8.4057971E-01   8.8054228E+04   4.3308571E+04   1.3136280E+05   0.0000000E+00   0.0000000E+00   0.0000000E+00
   8.5507246E-01   8.2362125E+04   4.0198573E+04   1.2253501E+05   0.0000000E+00   0.0000000E+00   0.0000000E+00
   8.6956522E-01   7.1644003E+04   3.6560795E+04   1.0820480E+05   0.0000000E+00   0.0000000E+00   0.0000000E+00
   8.8405797E-01   6.5774029E+04   3.3601274E+04   9.9375303E+04   0.0000000E+00   0.0000000E+00   0.0000000E+00
   8.9855072E-01   5.6060293E+04   2.9050647E+04   8.5110940E+04   0.0000000E+00   0.0000000E+00   0.0000000E+00
   9.1304348E-01   5.0371448E+04   2.5402220E+04   7.5761641E+04   0.0000000E+00   0.0000000E+00   0.0000000E+00
   9.2753623E-01   4.2445094E+04   2.2282194E+04   6.4727288E+04   0.0000000E+00   0.0000000E+00   0.0000000E+00
   9.4202899E-01   3.5963349E+04   1.6984959E+04   5.2948308E+04   0.0000000E+00   0.0000000E+00   0.0000000E+00
   9.5652174E-01   2.7416291E+04   1.3857397E+04   4.1273688E+04   0.0000000E+00   0.0000000E+00   0.0000000E+00
   9.7101449E-01   1.9825558E+04   9.8392674E+03   2.9664826E+04   0.0000000E+00   0.0000000E+00   0.0000000E+00
   9.8550725E-01   6.6524824E+03   3.3540991E+03   1.0006582E+04   0.0000000E+00   0.0000000E+00   0.0000000E+00
   1.0000000E+00   0.0000000E+00   0.0000000E+00   0.0000000E+00   0.0000000E+00   0.0000000E+00   0.0000000E+00
