   0.0000000E+00   3.1521846E+05   2.0610438E+05   5.2132284E+05   0.0000000E+00   0.0000000E+00   0.0000000E+00
   1.4492754E-02   3.5386303E+05   1.7049075E+05   5.2435379E+05   0.0000000E+00   0.0000000E+00   0.0000000E+00
   2.8985507E-02   3.4514906E+05   1.6594433E+05   5.1109339E+05   0.0000000E+00   0.0000000E+00   0.0000000E+00
   4.3478261E-02   3.7255387E+05   1.6796496E+05   5.4051883E+05   0.0000000E+00   0.0000000E+00   0.0000000E+00
   5.7971014E-02   3.3435131E+05   1.6727037E+05   5.0162168E+05   0.0000000E+00   0.0000000E+00   0.0000000E+00
   7.2463768E-02   3.5431767E+05   1.8261454E+05   5.3693221E+05   0.0000000E+00   0.0000000E+00   0.0000000E+00
   8.6956522E-02   3.5133724E+05   1.7743667E+05   5.2864763E+05   0.0000000E+00   0.0000000E+00   0.0000000E+00
   1.0144928E-01   3.6014142E+05   1.7731038E+05   5.3745181E+05   0.0000000E+00   0.0000000E+00   0.0000000E+00
   1.1594203E-01   3.6513436E+05   1.8195152E+05   5.4708589E+05   0.0000000E+00   0.0000000E+00   0.0000000E+00
   1.3043478E-01   3.7415354E+05   1.8362486E+05   5.5777839E+05   0.0000000E+00   0.0000000E+00   0.0000000E+00
   1.4492754E-01   3.8227816E+05   1.9163161E+05   5.7390976E+05   0.0000000E+00   0.0000000E+00   0.0000000E+00
   1.5942029E-01   3.8734122E+05   1.9584049E+05   5.8318171E+05   0.0000000E+00   0.0000000E+00   0.0000000E+00
   1.7391304E-01   3.9907465E+05   1.9625380E+05   5.9526531E+05   0.0000000E+00   0.0000000E+00   0.0000000E+00
   1.8840580E-01   4.0259133E+05   2.0365631E+05   6.0624763E+05   0.0000000E+00   0.0000000E+00   0.0000000E+00
   2.0289855E-01   4.1691755E+05   2.0404766E+05   6.2096521E+05   0.0000000E+00   0.0000000E+00   0.0000000E+00
   2.1739130E-01   4.1579538E+05   2.0928687E+05   6.2508225E+05   0.0000000E+00   0.0000000E+00   0.0000000E+00
   2.3188406E-01   4.2783708E+05   2.1254514E+05   6.4033486E+05   0.0000000E+00   0.0000000E+00   0.0000000E+00
   2.4637681E-01   4.2268335E+05   2.1479606E+05   6.3747942E+05   3.7281410E-05   0.0000000E+00   2.4719592E-05
   2.6086957E-01   4.4504401E+05   2.1856494E+05   6.6356685E+05   0.0000000E+00   0.0000000E+00   0.0000000E+00
   2.7536232E-01   4.4339560E+05   2.2241566E+05   6.6581126E+05   0.0000000E+00   0.0000000E+00   0.0000000E+00
   2.8985507E-01   4.4535974E+05   2.2190319E+05   6.6726292E+05   0.0000000E+00   0.0000000E+00   0.0000000E+00
   3.0434783E-01   4.5023992E+05   2.2923339E+05   6.7943723E+05   0.0000000E+00   0.0000000E+00   0.0000000E+00
   3.1884058E-01   4.5505532E+05   2.1857259E+05   6.7352458E+05   0.0000000E+00   0.0000000E+00   0.0000000E+00
   3.3333333E-01   4.5180873E+05   2.2761751E+05   6.7942625E+05   0.0000000E+00   0.0000000E+00   0.0000000E+00
   3.4782609E-01   4.4665420E+05   2.2997308E+05   6.7662729E+05   0.0000000E+00   0.0000000E+00   0.0000000E+00
   3.6231884E-01   4.4661000E+05   2.2483563E+05   6.7144563E+05   0.0000000E+00   0.0000000E+00   0.0000000E+00
   3.7681159E-01   4.4461657E+05   2.2452321E+05   6.6911064E+05   0.0000000E+00   0.0000000E+00   0.0000000E+00
   3.9130435E-01   4.4611046E+05   2.1763881E+05   6.6372121E+05   0.0000000E+00   0.0000000E+00   0.0000000E+00
   4.0579710E-01   4.3301945E+05   2.1944596E+05   6.5243835E+05   0.0000000E+00   0.0000000E+00   0.0000000E+00
   4.2028986E-01   4.3214507E+05   2.1807139E+05   6.5005969E+05   0.0000000E+00   0.0000000E+00   0.0000000E+00
   4.3478261E-01   4.2339800E+05   2.1009512E+05   6.3339209E+05   0.0000000E+00   0.0000000E+00   0.0000000E+00
   4.4927536E-01   4.1377312E+05   2.1287512E+05   6.2655047E+05   0.0000000E+00   0.0000000E+00   0.0000000E+00
   4.6376812E-01   4.0799385E+05   2.0058711E+05   6.0846256E+05   0.0000000E+00   0.0000000E+00   0.0000000E+00
   4.7826087E-01   3.9085436E+05   1.9476129E+05   5.8559269E+05   0.0000000E+00   0.0000000E+00   0.0000000E+00
   4.9275362E-01   3.7895749E+05   1.8994676E+05   5.6885967E+05   0.0000000E+00   0.0000000E+00   0.0000000E+00
   5.0724638E-01   3.6544558E+05   1.8259289E+05   5.4797352E+05   0.0000000E+00   0.0000000E+00   0.0000000E+00
   5.2173913E-01   3.5072684E+05   1.7712095E+05   5.2774255E+05   0.0000000E+00   0.0000000E+00   0.0000000E+00
   5.3623188E-01   3.3829871E+05   1.7038836E+05   5.0860515E+05   0.0000000E+00   0.0000000E+00   0.0000000E+00
   5.5072464E-01   3.2654463E+05   1.6219553E+05   4.8872022E+05   0.0000000E+00   0.0000000E+00   0.0000000E+00
   5.6521739E-01   3.0466843E+05   1.5551088E+05   4.6015989E+05   0.0000000E+00   0.0000000E+00   0.0000000E+00
   5.7971014E-01   2.9453225E+05   1.4737979E+05   4.4191203E+05   0.0000000E+00   0.0000000E+00   0.0000000E+00
   5.9420290E-01   2.8426214E+05   1.4125321E+05   4.2545991E+05   0.0000000E+00   0.0000000E+00   0.0000000E+00
   6.0869565E-01   2.6555063E+05   1.3451630E+05   4.0004889E+05   0.0000000E+00   0.0000000E+00   0.0000000E+00
   6.2318841E-01   2.5338362E+05   1.2626008E+05   3.7960846E+05   0.0000000E+00   0.0000000E+00   0.0000000E+00
   6.3768116E-01   2.4578223E+05   1.1994627E+05   3.6572850E+05   0.0000000E+00   0.0000000E+00   0.0000000E+00
   6.5217391E-01   2.2651275E+05   1.1278490E+05   3.3924713E+05   0.0000000E+00   0.0000000E+00   0.0000000E+00
   6.6666667E-01   2.1363233E+05   1.0476533E+05   3.1838119E+05   0.0000000E+00   0.0000000E+00   0.0000000E+00
   6.8115942E-01   2.0160632E+05   1.0119815E+05   3.0277223E+05   0.0000000E+00   0.0000000E+00   0.0000000E+00
   6.9565217E-01   1.8935524E+05   9.5001237E+04   2.8434069E+05   0.0000000E+00   0.0000000E+00   0.0000000E+00
   7.1014493E-01   1.7947535E+05   8.8732512E+04   2.6817693E+05   0.0000000E+00   0.0000000E+00   0.0000000E+00
   7.2463768E-01   1.6424700E+05   8.4275474E+04   2.4850732E+05   0.0000000E+00   0.0000000E+00   0.0000000E+00
   7.3913043E-01   1.5307767E+05   7.8596609E+04   2.3167428E+05   0.0000000E+00   0.0000000E+00   0.0000000E+00
   7.5362319E-01   1.4485885E+05   7.1664404E+04   2.1650869E+05   0.0000000E+00   0.0000000E+00   0.0000000E+00
   7.6811594E-01   1.3391924E+05   6.8353568E+04   2.0225851E+05   0.0000000E+00   0.0000000E+00   0.0000000E+00
   7.8260870E-01   1.2575623E+05   6.3776171E+04   1.8950433E+05   0.0000000E+00   0.0000000E+00   0.0000000E+00
   7.9710145E-01   1.1396360E+05   5.8166623E+04   1.7211644E+05   0.0000000E+00   0.0000000E+00   0.0000000E+00
   8.1159420E-01   1.0494653E+05   5.3501622E+04   1.5844815E+05   0.0000000E+00   0.0000000E+00   0.0000000E+00
   8.2608696E-01   9.8332952E+04   4.8854076E+04   1.4718703E+05   0.0000000E+00   0.0000000E+00   0.0000000E+00
   8.4057971E-01   8.7427136E+04   4.5150655E+04   1.3257779E+05   0.0000000E+00   0.0000000E+00   0.0000000E+00
   8.5507246E-01   8.0435675E+04   3.9864655E+04   1.2030033E+05   0.0000000E+00   0.0000000E+00   0.0000000E+00
   8.6956522E-01   7.1366167E+04   3.6169298E+04   1.0753546E+05   0.0000000E+00   0.0000000E+00   0.0000000E+00
   8.8405797E-01   6.5513168E+04   3.3265883E+04   9.8779051E+04   0.0000000E+00   0.0000000E+00   0.0000000E+00
   8.9855072E-01   5.8712371E+04   2.9026204E+04   8.7738575E+04   0.0000000E+00   0.0000000E+00   0.0000000E+00
   9.1304348E-01   4.9878318E+04   2.4644484E+04   7.4522801E+04   0.0000000E+00   0.0000000E+00   0.0000000E+00
   9.2753623E-01   4.2078065E+04   2.2341393E+04   6.4407618E+04   0.0000000E+00   0.0000000E+00   0.0000000E+00
   9.4202899E-01   3.5858431E+04   1.7766011E+04   5.3624442E+04   0.0000000E+00   0.0000000E+00   0.0000000E+00
   9.5652174E-01   2.7393329E+04   1.4328112E+04   4.1721441E+04   0.0000000E+00   0.0000000E+00   0.0000000E+00
   9.7101449E-01   1.9271393E+04   1.0144624E+04   2.9416017E+04   0.0000000E+00   0.0000000E+00   0.0000000E+00
   9.8550725E-01   6.4964777E+03   3.2872400E+03   9.7837178E+03   0.0000000E+00   0.0000000E+00   0.0000000E+00
   1.0000000E+00   0.0000000E+00   0.0000000E+00   0.0000000E+00   0.0000000E+00   0.0000000E+00   0.0000000E+00
