   0.0000000E+00   3.3340414E+05   1.7579491E+05   5.0919905E+05   0.0000000E+00   0.0000000E+00   0.0000000E+00
   1.4492754E-02   3.5007435E+05   1.7503717E+05   5.2511152E+05   0.0000000E+00   0.0000000E+00   0.0000000E+00
   2.8985507E-02   3.4590680E+05   1.7806812E+05   5.2397492E+05   0.0000000E+00   0.0000000E+00   0.0000000E+00
   4.3478261E-02   3.3694025E+05   1.7326912E+05   5.1020937E+05   0.0000000E+00   0.0000000E+00   0.0000000E+00
   5.7971014E-02   3.5803058E+05   1.6973302E+05   5.2776360E+05   0.0000000E+00   0.0000000E+00   0.0000000E+00
   7.2463768E-02   3.6916931E+05   1.7852276E+05   5.4769208E+05   0.0000000E+00   0.0000000E+00   0.0000000E+00
   8.6956522E-02   3.6030379E+05   1.7680523E+05   5.3710902E+05   0.0000000E+00   0.0000000E+00   0.0000000E+00
   1.0144928E-01   3.5483726E+05   1.8391352E+05   5.3875078E+05   0.0000000E+00   0.0000000E+00   0.0000000E+00
   1.1594203E-01   3.7687928E+05   1.8072020E+05   5.5759948E+05   0.0000000E+00   0.0000000E+00   0.0000000E+00
   1.3043478E-01   3.7373257E+05   1.8463517E+05   5.5836774E+05   0.0000000E+00   0.0000000E+00   0.0000000E+00
   1.4492754E-01   3.7795906E+05   1.9011613E+05   5.6807519E+05   0.0000000E+00   0.0000000E+00   0.0000000E+00
   1.5942029E-01   3.8320811E+05   1.9735596E+05   5.8056407E+05   0.0000000E+00   0.0000000E+00   0.0000000E+00
   1.7391304E-01   3.8890835E+05   1.9423317E+05   5.8307838E+05   0.0000000E+00   0.0000000E+00   0.0000000E+00
   1.8840580E-01   4.0189188E+05   2.0161625E+05   6.0344984E+05   0.0000000E+00   0.0000000E+00   0.0000000E+00
   2.0289855E-01   4.1269587E+05   2.0946007E+05   6.2204769E+05   0.0000000E+00   0.0000000E+00   0.0000000E+00
   2.1739130E-01   4.1862426E+05   2.0130538E+05   6.1992964E+05   0.0000000E+00   0.0000000E+00   0.0000000E+00
   2.3188406E-01   4.2073329E+05   2.1425005E+05   6.3498334E+05   0.0000000E+00   0.0000000E+00   0.0000000E+00
   2.4637681E-01   4.3195448E+05   2.1042793E+05   6.4238242E+05   0.0000000E+00   0.0000000E+00   0.0000000E+00
   2.6086957E-01   4.3136266E+05   2.2104863E+05   6.5241128E+05   0.0000000E+00   0.0000000E+00   0.0000000E+00
   2.7536232E-01   4.4443251E+05   2.2153828E+05   6.6597078E+05   0.0000000E+00   0.0000000E+00   0.0000000E+00
   2.8985507E-01   4.4539762E+05   2.2057715E+05   6.6597477E+05   0.0000000E+00   0.0000000E+00   0.0000000E+00
   3.0434783E-01   4.5417294E+05   2.2569728E+05   6.7983414E+05   0.0000000E+00   0.0000000E+00   0.0000000E+00
   3.1884058E-01   4.4833902E+05   2.2494447E+05   6.7328349E+05   0.0000000E+00   0.0000000E+00   0.0000000E+00
   3.3333333E-01   4.4792122E+05   2.3018723E+05   6.7804255E+05   0.0000000E+00   0.0000000E+00   0.0000000E+00
   3.4782609E-01   4.5776767E+05   2.2788931E+05   6.8562541E+05   0.0000000E+00   0.0000000E+00   0.0000000E+00
   3.6231884E-01   4.4703433E+05   2.1989519E+05   6.6686890E+05   0.0000000E+00   0.0000000E+00   0.0000000E+00
   3.7681159E-01   4.4531602E+05   2.2589296E+05   6.7117984E+05   0.0000000E+00   0.0000000E+00   0.0000000E+00
   3.9130435E-01   4.4066598E+05   2.1831236E+05   6.5895027E+05   0.0000000E+00   0.0000000E+00   0.0000000E+00
   4.0579710E-01   4.3715994E+05   2.2117793E+05   6.5831081E+05   0.0000000E+00   0.0000000E+00   0.0000000E+00
   4.2028986E-01   4.3042057E+05   2.1462238E+05   6.4501682E+05   0.0000000E+00   0.0000000E+00   0.0000000E+00
   4.3478261E-01   4.2248872E+05   2.1236833E+05   6.3485705E+05   0.0000000E+00   0.0000000E+00   0.0000000E+00
   4.4927536E-01   4.0666017E+05   2.0385561E+05   6.1046689E+05   0.0000000E+00   0.0000000E+00   0.0000000E+00
   4.6376812E-01   4.0635998E+05   2.0489674E+05   6.1125671E+05   0.0000000E+00   0.0000000E+00   0.0000000E+00
   4.7826087E-01   3.8894854E+05   1.9310805E+05   5.8189585E+05   0.0000000E+00   0.0000000E+00   0.0000000E+00
   4.9275362E-01   3.8163185E+05   1.9199710E+05   5.7362896E+05   0.0000000E+00   0.0000000E+00   0.0000000E+00
   5.0724638E-01   3.6958066E+05   1.8317743E+05   5.5273644E+05   0.0000000E+00   0.0000000E+00   0.0000000E+00
   5.2173913E-01   3.5316844E+05   1.7560548E+05   5.2868972E+05   0.0000000E+00   0.0000000E+00   0.0000000E+00
   5.3623188E-01   3.3549304E+05   1.7122801E+05   5.0665961E+05   0.0000000E+00   0.0000000E+00   0.0000000E+00
   5.5072464E-01   3.2405208E+05   1.6478779E+05   4.8881992E+05   0.0000000E+00   0.0000000E+00   0.0000000E+00
   5.6521739E-01   3.0801025E+05   1.5473372E+05   4.6274396E+05   0.0000000E+00   0.0000000E+00   0.0000000E+00
   5.7971014E-01   2.9690018E+05   1.4872477E+05   4.4560600E+05   0.0000000E+00   0.0000000E+00   0.0000000E+00
   5.9420290E-01   2.8498292E+05   1.4228816E+05   4.2721564E+05   0.0000000E+00   0.0000000E+00   0.0000000E+00
   6.0869565E-01   2.6933931E+05   1.3453434E+05   4.0385561E+05   0.0000000E+00   0.0000000E+00   0.0000000E+00
   6.2318841E-01   2.5257302E+05   1.2701781E+05   3.7952035E+05   0.0000000E+00   0.0000000E+00   0.0000000E+00
   6.3768116E-01   2.4078805E+05   1.2116898E+05   3.6195704E+05   0.0000000E+00   0.0000000E+00   0.0000000E+00
   6.5217391E-01   2.2297665E+05   1.1443508E+05   3.3741173E+05   0.0000000E+00   0.0000000E+00   0.0000000E+00
   6.6666667E-01   2.1338524E+05   1.0959179E+05   3.2292761E+05   0.0000000E+00   0.0000000E+00   0.0000000E+00
   6.8115942E-01   2.0299282E+05   1.0242343E+05   3.0540013E+05   0.0000000E+00   0.0000000E+00   0.0000000E+00
   6.9565217E-01   1.8725568E+05   9.2791171E+04   2.8003106E+05   0.0000000E+00   0.0000000E+00   0.0000000E+00
   7.1014493E-01   1.7845472E+05   8.9768601E+04   2.6820786E+05   0.0000000E+00   0.0000000E+00   0.0000000E+00
   7.2463768E-01   1.6561093E+05   8.1956800E+04   2.4755257E+05   0.0000000E+00   0.0000000E+00   0.0000000E+00
   7.3913043E-01   1.5648005E+05   7.8165739E+04   2.3464579E+05   0.0000000E+00   0.0000000E+00   0.0000000E+00
   7.5362319E-01   1.4796266E+05   7.1110673E+04   2.1907333E+05   0.0000000E+00   0.0000000E+00   0.0000000E+00
   7.6811594E-01   1.3359041E+05   6.8367865E+04   2.0195827E+05   0.0000000E+00   0.0000000E+00   0.0000000E+00
   7.8260870E-01   1.2562994E+05   6.0632967E+04   1.8626290E+05   0.0000000E+00   0.0000000E+00   0.0000000E+00
   7.9710145E-01   1.1707721E+05   5.7849752E+04   1.7492696E+05   0.0000000E+00   0.0000000E+00   0.0000000E+00
   8.1159420E-01   1.0473003E+05   5.3677525E+04   1.5838050E+05   0.0000000E+00   0.0000000E+00   0.0000000E+00
   8.2608696E-01   9.7907556E+04   4.8109633E+04   1.4599060E+05   0.0000000E+00   0.0000000E+00   0.0000000E+00
   8.4057971E-01   9.0601791E+04   4.4144694E+04   1.3472036E+05   0.0000000E+00   0.0000000E+00   0.0000000E+00
   8.5507246E-01   8.0512733E+04   4.0583863E+04   1.2109660E+05   0.0000000E+00   0.0000000E+00   0.0000000E+00
   8.6956522E-01   7.3007930E+04   3.6800745E+04   1.0980867E+05   0.0000000E+00   0.0000000E+00   0.0000000E+00
   8.8405797E-01   6.5600122E+04   3.1949160E+04   9.7549282E+04   0.0000000E+00   0.0000000E+00   0.0000000E+00
   8.9855072E-01   5.6976910E+04   2.8659557E+04   8.5624245E+04   0.0000000E+00   0.0000000E+00   0.0000000E+00
   9.1304348E-01   4.9926428E+04   2.5366138E+04   7.5292566E+04   0.0000000E+00   0.0000000E+00   0.0000000E+00
   9.2753623E-01   4.3463303E+04   2.0932476E+04   6.4395779E+04   0.0000000E+00   0.0000000E+00   0.0000000E+00
   9.4202899E-01   3.4261356E+04   1.7684408E+04   5.1945764E+04   0.0000000E+00   0.0000000E+00   0.0000000E+00
   9.5652174E-01   2.8024776E+04   1.4362554E+04   4.2387331E+04   0.0000000E+00   0.0000000E+00   0.0000000E+00
   9.7101449E-01   1.9486273E+04   9.2172447E+03   2.8703518E+04   0.0000000E+00   0.0000000E+00   0.0000000E+00
   9.8550725E-01   6.5299073E+03   3.2538105E+03   9.7837178E+03   0.0000000E+00   0.0000000E+00   0.0000000E+00
   1.0000000E+00   0.0000000E+00   0.0000000E+00   0.0000000E+00   0.0000000E+00   0.0000000E+00   0.0000000E+00
