   0.0000000E+00   3.5158982E+05   2.2429006E+05   5.7587988E+05   0.0000000E+00   0.0000000E+00   0.0000000E+00
   1.4492754E-02   3.3567735E+05   1.9094964E+05   5.2662700E+05   0.0000000E+00   0.0000000E+00   0.0000000E+00
   2.8985507E-02   3.4552793E+05   1.7465831E+05   5.2018623E+05   0.0000000E+00   0.0000000E+00   0.0000000E+00
   4.3478261E-02   3.5057951E+05   1.8387744E+05   5.3445694E+05   0.0000000E+00   0.0000000E+00   0.0000000E+00
   5.7971014E-02   3.5140039E+05   1.8924474E+05   5.4064512E+05   0.0000000E+00   0.0000000E+00   0.0000000E+00
   7.2463768E-02   3.5780326E+05   1.7958359E+05   5.3738686E+05   0.0000000E+00   0.0000000E+00   0.0000000E+00
   8.6956522E-02   3.4552793E+05   1.8311970E+05   5.2864763E+05   0.0000000E+00   0.0000000E+00   0.0000000E+00
   1.0144928E-01   3.5202281E+05   1.7568666E+05   5.2770948E+05   0.0000000E+00   0.0000000E+00   0.0000000E+00
   1.1594203E-01   3.6390304E+05   1.7939416E+05   5.4329720E+05   0.0000000E+00   0.0000000E+00   0.0000000E+00
   1.3043478E-01   3.7710029E+05   1.8993933E+05   5.6703962E+05   0.0000000E+00   0.0000000E+00   0.0000000E+00
   1.4492754E-01   3.7932298E+05   1.8913108E+05   5.6845406E+05   0.0000000E+00   0.0000000E+00   0.0000000E+00
   1.5942029E-01   3.7838615E+05   1.9687377E+05   5.7525991E+05   0.0000000E+00   0.0000000E+00   0.0000000E+00
   1.7391304E-01   3.9774861E+05   1.9000247E+05   5.8775109E+05   0.0000000E+00   0.0000000E+00   0.0000000E+00
   1.8840580E-01   4.0882808E+05   1.9940132E+05   6.0822941E+05   0.0000000E+00   0.0000000E+00   0.0000000E+00
   2.0289855E-01   4.1134277E+05   2.1292401E+05   6.2421266E+05   0.0000000E+00   0.0000000E+00   0.0000000E+00
   2.1739130E-01   4.2842432E+05   2.0590231E+05   6.3422560E+05   0.0000000E+00   0.0000000E+00   0.0000000E+00
   2.3188406E-01   4.3015764E+05   2.1155061E+05   6.4170825E+05   0.0000000E+00   0.0000000E+00   0.0000000E+00
   2.4637681E-01   4.3070645E+05   2.1047251E+05   6.4108981E+05   0.0000000E+00   0.0000000E+00   0.0000000E+00
   2.6086957E-01   4.4310757E+05   2.2092234E+05   6.6390362E+05   0.0000000E+00   0.0000000E+00   0.0000000E+00
   2.7536232E-01   4.4243846E+05   2.1922519E+05   6.6162377E+05   0.0000000E+00   0.0000000E+00   0.0000000E+00
   2.8985507E-01   4.5221725E+05   2.2266092E+05   6.7487818E+05   0.0000000E+00   0.0000000E+00   0.0000000E+00
   3.0434783E-01   4.5251313E+05   2.2652719E+05   6.7893207E+05   0.0000000E+00   0.0000000E+00   0.0000000E+00
   3.1884058E-01   4.5347096E+05   2.2697658E+05   6.8041310E+05   0.0000000E+00   0.0000000E+00   0.0000000E+00
   3.3333333E-01   4.5589392E+05   2.3417358E+05   6.9003456E+05   0.0000000E+00   0.0000000E+00   0.0000000E+00
   3.4782609E-01   4.5097962E+05   2.2953107E+05   6.8047911E+05   0.0000000E+00   0.0000000E+00   0.0000000E+00
   3.6231884E-01   4.4927723E+05   2.2850307E+05   6.7778031E+05   0.0000000E+00   0.0000000E+00   0.0000000E+00
   3.7681159E-01   4.4721036E+05   2.2490208E+05   6.7211244E+05   0.0000000E+00   0.0000000E+00   0.0000000E+00
   3.9130435E-01   4.3440763E+05   2.1811591E+05   6.5249548E+05   0.0000000E+00   0.0000000E+00   0.0000000E+00
   4.0579710E-01   4.3134161E+05   2.1598202E+05   6.4721538E+05   0.0000000E+00   0.0000000E+00   0.0000000E+00
   4.2028986E-01   4.2443706E+05   2.1302852E+05   6.3730881E+05   0.0000000E+00   0.0000000E+00   0.0000000E+00
   4.3478261E-01   4.2074592E+05   2.0911007E+05   6.2978022E+05   0.0000000E+00   0.0000000E+00   0.0000000E+00
   4.4927536E-01   4.1316204E+05   2.0612882E+05   6.1926642E+05   0.0000000E+00   0.0000000E+00   0.0000000E+00
   4.6376812E-01   3.9729082E+05   1.9483304E+05   5.9210018E+05   0.0000000E+00   0.0000000E+00   0.0000000E+00
   4.7826087E-01   3.8727233E+05   1.9673600E+05   5.8389352E+05   0.0000000E+00   0.0000000E+00   0.0000000E+00
   4.9275362E-01   3.7991580E+05   1.9048163E+05   5.7033057E+05   0.0000000E+00   0.0000000E+00   0.0000000E+00
   5.0724638E-01   3.6451464E+05   1.8125061E+05   5.4572196E+05   0.0000000E+00   0.0000000E+00   0.0000000E+00
   5.2173913E-01   3.5089523E+05   1.7638426E+05   5.2723739E+05   0.0000000E+00   0.0000000E+00   0.0000000E+00
   5.3623188E-01   3.3635317E+05   1.7278444E+05   5.0911713E+05   0.0000000E+00   0.0000000E+00   0.0000000E+00
   5.5072464E-01   3.2704314E+05   1.6600416E+05   4.9302736E+05   2.6117732E-05   0.0000000E+00   1.7324850E-05
   5.6521739E-01   3.0927314E+05   1.6048474E+05   4.6973846E+05   0.0000000E+00   0.0000000E+00   0.0000000E+00
   5.7971014E-01   3.0053731E+05   1.4777760E+05   4.4829597E+05   0.0000000E+00   0.0000000E+00   0.0000000E+00
   5.9420290E-01   2.8027017E+05   1.4500493E+05   4.2527509E+05   0.0000000E+00   0.0000000E+00   0.0000000E+00
   6.0869565E-01   2.6930323E+05   1.3166577E+05   4.0096900E+05   0.0000000E+00   0.0000000E+00   0.0000000E+00
   6.2318841E-01   2.5038792E+05   1.2647154E+05   3.7678897E+05   0.0000000E+00   0.0000000E+00   0.0000000E+00
   6.3768116E-01   2.4071917E+05   1.2332165E+05   3.6398915E+05   0.0000000E+00   0.0000000E+00   0.0000000E+00
   6.5217391E-01   2.2582237E+05   1.1391308E+05   3.3971861E+05   0.0000000E+00   0.0000000E+00   0.0000000E+00
   6.6666667E-01   2.1368174E+05   1.0960826E+05   3.2327353E+05   0.0000000E+00   0.0000000E+00   0.0000000E+00
   6.8115942E-01   2.0128388E+05   1.0058551E+05   3.0185328E+05   0.0000000E+00   0.0000000E+00   0.0000000E+00
   6.9565217E-01   1.8976568E+05   9.6153628E+04   2.8590352E+05   0.0000000E+00   0.0000000E+00   0.0000000E+00
   7.1014493E-01   1.7754234E+05   8.9536641E+04   2.6706352E+05   0.0000000E+00   0.0000000E+00   0.0000000E+00
   7.2463768E-01   1.6612619E+05   8.4987746E+04   2.5109878E+05   0.0000000E+00   0.0000000E+00   0.0000000E+00
   7.3913043E-01   1.5570746E+05   7.6353114E+04   2.3204572E+05   0.0000000E+00   0.0000000E+00   0.0000000E+00
   7.5362319E-01   1.4265850E+05   7.4185336E+04   2.1682927E+05   0.0000000E+00   0.0000000E+00   0.0000000E+00
   7.6811594E-01   1.3502010E+05   6.6623641E+04   2.0161515E+05   0.0000000E+00   0.0000000E+00   0.0000000E+00
   7.8260870E-01   1.2394608E+05   6.1853765E+04   1.8575774E+05   0.0000000E+00   0.0000000E+00   0.0000000E+00
   7.9710145E-01   1.1703588E+05   5.7808420E+04   1.7481674E+05   0.0000000E+00   0.0000000E+00   0.0000000E+00
   8.1159420E-01   1.0506831E+05   5.3839898E+04   1.5890821E+05   0.0000000E+00   0.0000000E+00   0.0000000E+00
   8.2608696E-01   9.8040492E+04   4.7631062E+04   1.4567155E+05   0.0000000E+00   0.0000000E+00   0.0000000E+00
   8.4057971E-01   8.8093422E+04   4.4588885E+04   1.3266924E+05   0.0000000E+00   0.0000000E+00   0.0000000E+00
   8.5507246E-01   7.9510980E+04   4.0892095E+04   1.2039023E+05   0.0000000E+00   0.0000000E+00   0.0000000E+00
   8.6956522E-01   7.2174419E+04   3.5840945E+04   1.0801536E+05   0.0000000E+00   0.0000000E+00   0.0000000E+00
   8.8405797E-01   6.5140511E+04   3.3899400E+04   9.9015067E+04   0.0000000E+00   0.0000000E+00   0.0000000E+00
   8.9855072E-01   5.8309060E+04   2.8219581E+04   8.6528641E+04   0.0000000E+00   0.0000000E+00   0.0000000E+00
   9.1304348E-01   5.1081075E+04   2.5378165E+04   7.6459240E+04   0.0000000E+00   0.0000000E+00   0.0000000E+00
   9.2753623E-01   4.0550752E+04   2.1370542E+04   6.1921295E+04   0.0000000E+00   0.0000000E+00   0.0000000E+00
   9.4202899E-01   3.6278101E+04   1.7439601E+04   5.3717702E+04   0.0000000E+00   0.0000000E+00   0.0000000E+00
   9.5652174E-01   2.7668870E+04   1.3455567E+04   4.1124436E+04   0.0000000E+00   0.0000000E+00   0.0000000E+00
   9.7101449E-01   1.9327940E+04   9.7261724E+03   2.9054113E+04   0.0000000E+00   0.0000000E+00   0.0000000E+00
   9.8550725E-01   6.6190528E+03   3.3652423E+03   9.9842951E+03   0.0000000E+00   0.0000000E+00   0.0000000E+00
   1.0000000E+00   0.0000000E+00   0.0000000E+00   0.0000000E+00   0.0000000E+00   0.0000000E+00   0.0000000E+00
