   0.0000000E+00   3.5158982E+05   1.9398059E+05   5.4557041E+05   0.0000000E+00   0.0000000E+00   0.0000000E+00
   1.4492754E-02   3.5083208E+05   1.7579491E+05   5.2662700E+05   0.0000000E+00   0.0000000E+00   0.0000000E+00
   2.8985507E-02   3.5765171E+05   1.8261454E+05   5.4026626E+05   0.0000000E+00   0.0000000E+00   0.0000000E+00
   4.3478261E-02   3.4401245E+05   1.7099591E+05   5.1500837E+05   0.0000000E+00   0.0000000E+00   0.0000000E+00
   5.7971014E-02   3.5083208E+05   1.7200623E+05   5.2283831E+05   0.0000000E+00   0.0000000E+00   0.0000000E+00
   7.2463768E-02   3.4795269E+05   1.8200835E+05   5.2996104E+05   0.0000000E+00   0.0000000E+00   0.0000000E+00
   8.6956522E-02   3.5638882E+05   1.8072020E+05   5.3710902E+05   0.0000000E+00   0.0000000E+00   0.0000000E+00
   1.0144928E-01   3.5418778E+05   1.8586198E+05   5.4004976E+05   0.0000000E+00   0.0000000E+00   0.0000000E+00
   1.1594203E-01   3.6570267E+05   1.7986775E+05   5.4557041E+05   0.0000000E+00   0.0000000E+00   0.0000000E+00
   1.3043478E-01   3.7819480E+05   1.9137061E+05   5.6956541E+05   0.0000000E+00   0.0000000E+00   0.0000000E+00
   1.4492754E-01   3.8061114E+05   1.9079810E+05   5.7140923E+05   0.0000000E+00   0.0000000E+00   0.0000000E+00
   1.5942029E-01   3.8169263E+05   1.8950306E+05   5.7119569E+05   0.0000000E+00   0.0000000E+00   0.0000000E+00
   1.7391304E-01   3.9812748E+05   2.0155796E+05   5.9968544E+05   0.0000000E+00   0.0000000E+00   0.0000000E+00
   1.8840580E-01   4.0154216E+05   2.0295686E+05   6.0444072E+05   0.0000000E+00   0.0000000E+00   0.0000000E+00
   2.0289855E-01   4.1567270E+05   2.0421004E+05   6.1988273E+05   0.0000000E+00   0.0000000E+00   0.0000000E+00
   2.1739130E-01   4.1700776E+05   2.0792295E+05   6.2493070E+05   1.2823676E-05   0.0000000E+00   8.5570646E-06
   2.3188406E-01   4.1708669E+05   2.1254514E+05   6.2963183E+05   0.0000000E+00   0.0000000E+00   0.0000000E+00
   2.4637681E-01   4.3070645E+05   2.1140853E+05   6.4211498E+05   0.0000000E+00   0.0000000E+00   0.0000000E+00
   2.6086957E-01   4.3569859E+05   2.1679688E+05   6.5245338E+05   0.0000000E+00   0.0000000E+00   0.0000000E+00
   2.7536232E-01   4.4758310E+05   2.2381149E+05   6.7135470E+05   0.0000000E+00   0.0000000E+00   0.0000000E+00
   2.8985507E-01   4.5051235E+05   2.2572976E+05   6.7616633E+05   0.0000000E+00   0.0000000E+00   0.0000000E+00
   3.0434783E-01   4.5413685E+05   2.2797049E+05   6.8203518E+05   0.0000000E+00   0.0000000E+00   0.0000000E+00
   3.1884058E-01   4.5102554E+05   2.2887092E+05   6.7986202E+05   0.0000000E+00   0.0000000E+00   0.0000000E+00
   3.3333333E-01   4.5088627E+05   2.3278989E+05   6.8367616E+05   0.0000000E+00   0.0000000E+00   0.0000000E+00
   3.4782609E-01   4.5094804E+05   2.2637383E+05   6.7729031E+05   0.0000000E+00   0.0000000E+00   0.0000000E+00
   3.6231884E-01   4.4882259E+05   2.3047319E+05   6.7923516E+05   0.0000000E+00   0.0000000E+00   0.0000000E+00
   3.7681159E-01   4.4085703E+05   2.2370718E+05   6.6450593E+05   0.0000000E+00   0.0000000E+00   0.0000000E+00
   3.9130435E-01   4.3836470E+05   2.2151169E+05   6.5976414E+05   0.0000000E+00   0.0000000E+00   0.0000000E+00
   4.0579710E-01   4.3477848E+05   2.1776811E+05   6.5246541E+05   0.0000000E+00   0.0000000E+00   0.0000000E+00
   4.2028986E-01   4.2796445E+05   2.1895977E+05   6.4676745E+05   0.0000000E+00   0.0000000E+00   0.0000000E+00
   4.3478261E-01   4.2463564E+05   2.0943842E+05   6.3404880E+05   0.0000000E+00   0.0000000E+00   0.0000000E+00
   4.4927536E-01   4.1174434E+05   2.0581106E+05   6.1748207E+05   0.0000000E+00   0.0000000E+00   0.0000000E+00
   4.6376812E-01   3.9942195E+05   2.0328654E+05   6.0268482E+05   0.0000000E+00   0.0000000E+00   0.0000000E+00
   4.7826087E-01   3.9014255E+05   1.9329174E+05   5.8338836E+05   0.0000000E+00   0.0000000E+00   0.0000000E+00
   4.9275362E-01   3.7837804E+05   1.9328971E+05   5.7166776E+05   0.0000000E+00   0.0000000E+00   0.0000000E+00
   5.0724638E-01   3.6377856E+05   1.8296093E+05   5.4665289E+05   0.0000000E+00   0.0000000E+00   0.0000000E+00
   5.2173913E-01   3.4716969E+05   1.7821546E+05   5.2534305E+05   0.0000000E+00   0.0000000E+00   0.0000000E+00
   5.3623188E-01   3.4507738E+05   1.6987637E+05   5.1487184E+05   0.0000000E+00   0.0000000E+00   0.0000000E+00
   5.5072464E-01   3.2167916E+05   1.6373095E+05   4.8537023E+05   0.0000000E+00   0.0000000E+00   0.0000000E+00
   5.6521739E-01   3.1026403E+05   1.5440342E+05   4.6460916E+05   0.0000000E+00   0.0000000E+00   0.0000000E+00
   5.7971014E-01   2.9638870E+05   1.5113058E+05   4.4751929E+05   0.0000000E+00   0.0000000E+00   0.0000000E+00
   5.9420290E-01   2.8243249E+05   1.4212183E+05   4.2453584E+05   0.0000000E+00   0.0000000E+00   0.0000000E+00
   6.0869565E-01   2.6737280E+05   1.3588745E+05   4.0324221E+05   0.0000000E+00   0.0000000E+00   0.0000000E+00
   6.2318841E-01   2.5273162E+05   1.2756409E+05   3.8027808E+05   0.0000000E+00   0.0000000E+00   0.0000000E+00
   6.3768116E-01   2.4154579E+05   1.2011849E+05   3.6159539E+05   0.0000000E+00   0.0000000E+00   0.0000000E+00
   6.5217391E-01   2.2599076E+05   1.1214503E+05   3.3810211E+05   0.0000000E+00   0.0000000E+00   0.0000000E+00
   6.6666667E-01   2.1420887E+05   1.0634670E+05   3.2052262E+05   0.0000000E+00   0.0000000E+00   0.0000000E+00
   6.8115942E-01   2.0205774E+05   1.0058551E+05   3.0259489E+05   0.0000000E+00   0.0000000E+00   0.0000000E+00
   6.9565217E-01   1.9072864E+05   9.5869477E+04   2.8659811E+05   0.0000000E+00   0.0000000E+00   0.0000000E+00
   7.1014493E-01   1.7644440E+05   8.8438696E+04   2.6488310E+05   0.0000000E+00   0.0000000E+00   0.0000000E+00
   7.2463768E-01   1.6494412E+05   8.3063095E+04   2.4797691E+05   0.0000000E+00   0.0000000E+00   0.0000000E+00
   7.3913043E-01   1.5325596E+05   7.7541721E+04   2.3078282E+05   0.0000000E+00   0.0000000E+00   0.0000000E+00
   7.5362319E-01   1.4437798E+05   7.4243623E+04   2.1860703E+05   0.0000000E+00   0.0000000E+00   0.0000000E+00
   7.6811594E-01   1.3532033E+05   6.8167708E+04   2.0347375E+05   0.0000000E+00   0.0000000E+00   0.0000000E+00
   7.8260870E-01   1.2602284E+05   6.1615218E+04   1.8763805E+05   0.0000000E+00   0.0000000E+00   0.0000000E+00
   7.9710145E-01   1.1465245E+05   6.0315840E+04   1.7495451E+05   0.0000000E+00   0.0000000E+00   0.0000000E+00
   8.1159420E-01   1.0624551E+05   5.4069925E+04   1.6030190E+05   0.0000000E+00   0.0000000E+00   0.0000000E+00
   8.2608696E-01   9.6019861E+04   4.9159829E+04   1.4517969E+05   0.0000000E+00   0.0000000E+00   0.0000000E+00
   8.4057971E-01   9.0614856E+04   4.4000985E+04   1.3460278E+05   0.0000000E+00   0.0000000E+00   0.0000000E+00
   8.5507246E-01   8.0409989E+04   4.1059054E+04   1.2145620E+05   0.0000000E+00   0.0000000E+00   0.0000000E+00
   8.6956522E-01   7.2995301E+04   3.5588366E+04   1.0858367E+05   0.0000000E+00   0.0000000E+00   0.0000000E+00
   8.8405797E-01   6.3401443E+04   3.3936666E+04   9.7338109E+04   0.0000000E+00   0.0000000E+00   0.0000000E+00
   8.9855072E-01   5.7661317E+04   2.8598449E+04   8.6259766E+04   0.0000000E+00   0.0000000E+00   0.0000000E+00
   9.1304348E-01   5.0034676E+04   2.3862692E+04   7.3897368E+04   0.0000000E+00   0.0000000E+00   0.0000000E+00
   9.2753623E-01   4.2255660E+04   2.1915166E+04   6.4170825E+04   0.0000000E+00   0.0000000E+00   0.0000000E+00
   9.4202899E-01   3.4552793E+04   1.7602806E+04   5.2155599E+04   0.0000000E+00   0.0000000E+00   0.0000000E+00
   9.5652174E-01   2.7071865E+04   1.3363720E+04   4.0435585E+04   0.0000000E+00   0.0000000E+00   0.0000000E+00
   9.7101449E-01   1.9124369E+04   9.7035534E+03   2.8827923E+04   0.0000000E+00   3.8211892E-09   1.2862222E-09
   9.8550725E-01   6.5076209E+03   2.8860853E+03   9.3937062E+03   0.0000000E+00   0.0000000E+00   0.0000000E+00
   1.0000000E+00   0.0000000E+00   0.0000000E+00   0.0000000E+00   0.0000000E+00   0.0000000E+00   0.0000000E+00
