   0.0000000E+00   3.5158982E+05   2.0610438E+05   5.5769420E+05   0.0000000E+00   0.0000000E+00   0.0000000E+00
   1.4492754E-02   3.5916719E+05   1.7655265E+05   5.3571984E+05   0.0000000E+00   0.0000000E+00   0.0000000E+00
   2.8985507E-02   3.4969548E+05   1.8602436E+05   5.3571984E+05   0.0000000E+00   0.0000000E+00   0.0000000E+00
   4.3478261E-02   3.5714656E+05   1.9524349E+05   5.5239004E+05   0.0000000E+00   0.0000000E+00   0.0000000E+00
   5.7971014E-02   3.5575737E+05   1.9341229E+05   5.4916966E+05   0.0000000E+00   0.0000000E+00   0.0000000E+00
   7.2463768E-02   3.6053111E+05   1.7640110E+05   5.3693221E+05   0.0000000E+00   0.0000000E+00   0.0000000E+00
   8.6956522E-02   3.4855887E+05   1.7844699E+05   5.2700586E+05   0.0000000E+00   0.0000000E+00   0.0000000E+00
   1.0144928E-01   3.6901777E+05   1.7698564E+05   5.4600340E+05   0.0000000E+00   0.0000000E+00   0.0000000E+00
   1.1594203E-01   3.7536381E+05   1.8261454E+05   5.5797835E+05   0.0000000E+00   0.0000000E+00   0.0000000E+00
   1.3043478E-01   3.7768964E+05   1.8749773E+05   5.6510318E+05   0.0000000E+00   0.0000000E+00   0.0000000E+00
   1.4492754E-01   3.7727709E+05   1.9693576E+05   5.7421286E+05   0.0000000E+00   0.0000000E+00   0.0000000E+00
   1.5942029E-01   3.8768564E+05   1.9666711E+05   5.8435275E+05   0.0000000E+00   0.0000000E+00   0.0000000E+00
   1.7391304E-01   4.0096900E+05   2.0004248E+05   6.0101148E+05   0.0000000E+00   0.0000000E+00   0.0000000E+00
   1.8840580E-01   3.9460595E+05   1.9887674E+05   5.9348269E+05   0.0000000E+00   0.0000000E+00   0.0000000E+00
   2.0289855E-01   4.1204638E+05   2.0956832E+05   6.2156058E+05   0.0000000E+00   0.0000000E+00   0.0000000E+00
   2.1739130E-01   4.1256237E+05   2.1332813E+05   6.2589050E+05   0.0000000E+00   0.0000000E+00   0.0000000E+00
   2.3188406E-01   4.2348009E+05   2.1211891E+05   6.3559900E+05   0.0000000E+00   0.0000000E+00   0.0000000E+00
   2.4637681E-01   4.3480714E+05   2.1822817E+05   6.5303530E+05   0.0000000E+00   0.0000000E+00   0.0000000E+00
   2.6086957E-01   4.4415999E+05   2.1810188E+05   6.6226186E+05   0.0000000E+00   0.0000000E+00   0.0000000E+00
   2.7536232E-01   4.3972656E+05   2.2197697E+05   6.6162377E+05   0.0000000E+00   0.0000000E+00   0.0000000E+00
   2.8985507E-01   4.4960306E+05   2.2213051E+05   6.7173357E+05   0.0000000E+00   0.0000000E+00   0.0000000E+00
   3.0434783E-01   4.4183265E+05   2.2331583E+05   6.6500415E+05   0.0000000E+00   0.0000000E+00   0.0000000E+00
   3.1884058E-01   4.4933785E+05   2.2556443E+05   6.7486784E+05   0.0000000E+00   0.0000000E+00   0.0000000E+00
   3.3333333E-01   4.4689992E+05   2.2521252E+05   6.7198066E+05   0.0000000E+00   0.0000000E+00   0.0000000E+00
   3.4782609E-01   4.5527346E+05   2.2877333E+05   6.8401522E+05   0.0000000E+00   0.0000000E+00   0.0000000E+00
   3.6231884E-01   4.4612505E+05   2.2671482E+05   6.7280956E+05   0.0000000E+00   0.0000000E+00   0.0000000E+00
   3.7681159E-01   4.5239794E+05   2.2020994E+05   6.7254959E+05   2.7550161E-05   0.0000000E+00   1.8531922E-05
   3.9130435E-01   4.4324790E+05   2.1963138E+05   6.6287928E+05   0.0000000E+00   0.0000000E+00   0.0000000E+00
   4.0579710E-01   4.3096274E+05   2.1738924E+05   6.4837904E+05   0.0000000E+00   0.0000000E+00   0.0000000E+00
   4.2028986E-01   4.2697156E+05   2.1292401E+05   6.3981718E+05   0.0000000E+00   0.0000000E+00   0.0000000E+00
   4.3478261E-01   4.2099850E+05   2.1241885E+05   6.3329106E+05   0.0000000E+00   0.0000000E+00   0.0000000E+00
   4.4927536E-01   4.1445752E+05   2.0392894E+05   6.1836202E+05   0.0000000E+00   0.0000000E+00   0.0000000E+00
   4.6376812E-01   4.0564960E+05   1.9812446E+05   6.0370302E+05   0.0000000E+00   0.0000000E+00   0.0000000E+00
   4.7826087E-01   3.8185337E+05   1.9329174E+05   5.7512214E+05   0.0000000E+00   0.0000000E+00   0.0000000E+00
   4.9275362E-01   3.7690714E+05   1.9139537E+05   5.6825794E+05   0.0000000E+00   0.0000000E+00   0.0000000E+00
   5.0724638E-01   3.6159195E+05   1.8205165E+05   5.4353535E+05   0.0000000E+00   0.0000000E+00   0.0000000E+00
   5.2173913E-01   3.5043217E+05   1.7996246E+05   5.3035253E+05   0.0000000E+00   0.0000000E+00   0.0000000E+00
   5.3623188E-01   3.3731570E+05   1.6868857E+05   5.0596331E+05   0.0000000E+00   0.0000000E+00   0.0000000E+00
   5.5072464E-01   3.2941605E+05   1.6081964E+05   4.9015593E+05   0.0000000E+00   0.0000000E+00   0.0000000E+00
   5.6521739E-01   3.1020574E+05   1.5432570E+05   4.6447316E+05   0.0000000E+00   0.0000000E+00   0.0000000E+00
   5.7971014E-01   2.9799889E+05   1.4830801E+05   4.4626902E+05   0.0000000E+00   0.0000000E+00   0.0000000E+00
   5.9420290E-01   2.8625813E+05   1.4018129E+05   4.2640246E+05   0.0000000E+00   0.0000000E+00   0.0000000E+00
   6.0869565E-01   2.6874394E+05   1.3570703E+05   4.0443293E+05   4.9326963E-10   0.0000000E+00   3.2777554E-10
   6.2318841E-01   2.5207961E+05   1.2848042E+05   3.8054241E+05   0.0000000E+00   0.0000000E+00   0.0000000E+00
   6.3768116E-01   2.4297516E+05   1.2221948E+05   3.6516020E+05   0.0000000E+00   0.0000000E+00   0.0000000E+00
   6.5217391E-01   2.2711894E+05   1.1409831E+05   3.4114989E+05   0.0000000E+00   0.0000000E+00   0.0000000E+00
   6.6666667E-01   2.1415945E+05   1.0677498E+05   3.2088501E+05   0.0000000E+00   0.0000000E+00   0.0000000E+00
   6.8115942E-01   2.0210611E+05   1.0131101E+05   3.0340099E+05   0.0000000E+00   0.0000000E+00   0.0000000E+00
   6.9565217E-01   1.8943417E+05   9.5001237E+04   2.8443541E+05   0.0000000E+00   0.0000000E+00   0.0000000E+00
   7.1014493E-01   1.7862483E+05   8.8191272E+04   2.6675424E+05   0.0000000E+00   0.0000000E+00   0.0000000E+00
   7.2463768E-01   1.6648990E+05   8.2760001E+04   2.4921960E+05   0.0000000E+00   0.0000000E+00   0.0000000E+00
   7.3913043E-01   1.5347882E+05   7.6234253E+04   2.2969822E+05   0.0000000E+00   0.0000000E+00   0.0000000E+00
   7.5362319E-01   1.4417398E+05   7.0848380E+04   2.1499321E+05   0.0000000E+00   0.0000000E+00   0.0000000E+00
   7.6811594E-01   1.3416228E+05   6.7610128E+04   2.0174382E+05   0.0000000E+00   0.0000000E+00   0.0000000E+00
   7.8260870E-01   1.2487220E+05   6.3116659E+04   1.8796079E+05   0.0000000E+00   0.0000000E+00   0.0000000E+00
   7.9710145E-01   1.1699454E+05   5.8635042E+04   1.7562959E+05   0.0000000E+00   0.0000000E+00   0.0000000E+00
   8.1159420E-01   1.0720621E+05   5.2148521E+04   1.5934120E+05   0.0000000E+00   0.0000000E+00   0.0000000E+00
   8.2608696E-01   9.6525019E+04   4.9957447E+04   1.4646917E+05   0.0000000E+00   0.0000000E+00   0.0000000E+00
   8.4057971E-01   8.7792940E+04   4.4445176E+04   1.3222505E+05   0.0000000E+00   0.0000000E+00   0.0000000E+00
   8.5507246E-01   8.2220852E+04   4.0840723E+04   1.2306157E+05   0.0000000E+00   0.0000000E+00   0.0000000E+00
   8.6956522E-01   7.3096332E+04   3.6194556E+04   1.0929089E+05   0.0000000E+00   0.0000000E+00   0.0000000E+00
   8.8405797E-01   6.4618791E+04   3.2607521E+04   9.7201468E+04   0.0000000E+00   0.0000000E+00   0.0000000E+00
   8.9855072E-01   5.8174623E+04   2.8622892E+04   8.6797515E+04   0.0000000E+00   0.0000000E+00   0.0000000E+00
   9.1304348E-01   4.9926428E+04   2.6592949E+04   7.6519378E+04   0.0000000E+00   0.0000000E+00   0.0000000E+00
   9.2753623E-01   4.2149103E+04   2.1725731E+04   6.3862995E+04   0.0000000E+00   0.0000000E+00   0.0000000E+00
   9.4202899E-01   3.6627826E+04   1.7696066E+04   5.4323892E+04   0.0000000E+00   0.0000000E+00   0.0000000E+00
   9.5652174E-01   2.7657389E+04   1.4144418E+04   4.1801807E+04   0.0000000E+00   0.0000000E+00   0.0000000E+00
   9.7101449E-01   1.8400561E+04   9.8505769E+03   2.8251138E+04   0.0000000E+00   0.0000000E+00   0.0000000E+00
   9.8550725E-01   6.4296186E+03   3.2315241E+03   9.6611427E+03   0.0000000E+00   0.0000000E+00   0.0000000E+00
   1.0000000E+00   0.0000000E+00   0.0000000E+00   0.0000000E+00   0.0000000E+00   0.0000000E+00   0.0000000E+00
