   0.0000000E+00   3.1521846E+05   1.8791870E+05   5.0313716E+05   0.0000000E+00   0.0000000E+00   0.0000000E+00
   1.4492754E-02   3.2203809E+05   1.8109907E+05   5.0313716E+05   0.0000000E+00   0.0000000E+00   0.0000000E+00
   2.8985507E-02   3.5424190E+05   1.7579491E+05   5.3003681E+05   0.0000000E+00   0.0000000E+00   0.0000000E+00
   4.3478261E-02   3.4325472E+05   1.7680523E+05   5.2005994E+05   0.0000000E+00   0.0000000E+00   0.0000000E+00
   5.7971014E-02   3.3908717E+05   1.7768925E+05   5.1677642E+05   0.0000000E+00   0.0000000E+00   0.0000000E+00
   7.2463768E-02   3.6386516E+05   1.7943205E+05   5.4329720E+05   0.0000000E+00   0.0000000E+00   0.0000000E+00
   8.6956522E-02   3.4754856E+05   1.7705781E+05   5.2460636E+05   0.0000000E+00   0.0000000E+00   0.0000000E+00
   1.0144928E-01   3.5527026E+05   1.7741863E+05   5.3268889E+05   0.0000000E+00   0.0000000E+00   0.0000000E+00
   1.1594203E-01   3.6049323E+05   1.8090963E+05   5.4140286E+05   0.0000000E+00   0.0000000E+00   0.0000000E+00
   1.3043478E-01   3.7937350E+05   1.7377428E+05   5.5314778E+05   0.0000000E+00   0.0000000E+00   0.0000000E+00
   1.4492754E-01   3.7924721E+05   1.9269244E+05   5.7193965E+05   0.0000000E+00   0.0000000E+00   0.0000000E+00
   1.5942029E-01   3.9319645E+05   1.9170738E+05   5.8490383E+05   0.0000000E+00   0.0000000E+00   0.0000000E+00
   1.7391304E-01   4.0128472E+05   1.9827443E+05   5.9949601E+05   0.0000000E+00   0.0000000E+00   0.0000000E+00
   1.8840580E-01   3.9967696E+05   2.0068365E+05   6.0036060E+05   0.0000000E+00   0.0000000E+00   0.0000000E+00
   2.0289855E-01   4.0576799E+05   2.0967657E+05   6.1544456E+05   0.0000000E+00   0.0000000E+00   0.0000000E+00
   2.1739130E-01   4.1690672E+05   2.0863017E+05   6.2543586E+05   0.0000000E+00   0.0000000E+00   0.0000000E+00
   2.3188406E-01   4.2977878E+05   2.1183476E+05   6.4161354E+05   0.0000000E+00   0.0000000E+00   0.0000000E+00
   2.4637681E-01   4.3101845E+05   2.1524179E+05   6.4626025E+05   0.0000000E+00   0.0000000E+00   0.0000000E+00
   2.6086957E-01   4.3788761E+05   2.2226943E+05   6.6011494E+05   0.0000000E+00   0.0000000E+00   0.0000000E+00
   2.7536232E-01   4.4275751E+05   2.2329304E+05   6.6601066E+05   0.0000000E+00   0.0000000E+00   0.0000000E+00
   2.8985507E-01   4.4755717E+05   2.2546455E+05   6.7298384E+05   0.0000000E+00   0.0000000E+00   0.0000000E+00
   3.0434783E-01   4.4583783E+05   2.2356840E+05   6.6926191E+05   0.0000000E+00   0.0000000E+00   0.0000000E+00
   3.1884058E-01   4.5050890E+05   2.2587442E+05   6.7638332E+05   0.0000000E+00   0.0000000E+00   0.0000000E+00
   3.3333333E-01   4.5902371E+05   2.2557492E+05   6.8459862E+05   0.0000000E+00   0.0000000E+00   0.0000000E+00
   3.4782609E-01   4.5164264E+05   2.2921535E+05   6.8085798E+05   0.0000000E+00   0.0000000E+00   0.0000000E+00
   3.6231884E-01   4.5309623E+05   2.1962240E+05   6.7271863E+05   0.0000000E+00   0.0000000E+00   0.0000000E+00
   3.7681159E-01   4.4654006E+05   2.2548495E+05   6.7196672E+05   0.0000000E+00   0.0000000E+00   0.0000000E+00
   3.9130435E-01   4.4344435E+05   2.2131524E+05   6.6473152E+05   0.0000000E+00   0.0000000E+00   0.0000000E+00
   4.0579710E-01   4.3496792E+05   2.1933771E+05   6.5422444E+05   0.0000000E+00   0.0000000E+00   0.0000000E+00
   4.2028986E-01   4.2715446E+05   2.1349884E+05   6.4049653E+05   0.0000000E+00   0.0000000E+00   0.0000000E+00
   4.3478261E-01   4.2327171E+05   2.1143379E+05   6.3465499E+05   0.0000000E+00   0.0000000E+00   0.0000000E+00
   4.4927536E-01   4.1391977E+05   2.0595772E+05   6.1982861E+05   0.0000000E+00   0.0000000E+00   0.0000000E+00
   4.6376812E-01   4.0079535E+05   2.0494409E+05   6.0569208E+05   0.0000000E+00   0.0000000E+00   0.0000000E+00
   4.7826087E-01   3.8766268E+05   1.9721819E+05   5.8476606E+05   0.0000000E+00   0.0000000E+00   0.0000000E+00
   4.9275362E-01   3.8016095E+05   1.9115022E+05   5.7131117E+05   0.0000000E+00   0.0000000E+00   0.0000000E+00
   5.0724638E-01   3.5780326E+05   1.7975679E+05   5.3749510E+05   0.0000000E+00   0.0000000E+00   0.0000000E+00
   5.2173913E-01   3.5403142E+05   1.7813127E+05   5.3214163E+05   0.0000000E+00   0.0000000E+00   0.0000000E+00
   5.3623188E-01   3.3895405E+05   1.6680447E+05   5.0565612E+05   0.0000000E+00   0.0000000E+00   0.0000000E+00
   5.5072464E-01   3.2764135E+05   1.6271398E+05   4.9029552E+05   0.0000000E+00   0.0000000E+00   0.0000000E+00
   5.6521739E-01   3.0839883E+05   1.5453943E+05   4.6293826E+05   0.0000000E+00   0.0000000E+00   0.0000000E+00
   5.7971014E-01   2.9733587E+05   1.4809963E+05   4.4539762E+05   0.0000000E+00   0.0000000E+00   0.0000000E+00
   5.9420290E-01   2.8453937E+05   1.4202942E+05   4.2653183E+05   0.0000000E+00   0.0000000E+00   0.0000000E+00
   6.0869565E-01   2.6793208E+05   1.3529208E+05   4.0322416E+05   0.0000000E+00   0.0000000E+00   0.0000000E+00
   6.2318841E-01   2.6060855E+05   1.2652440E+05   3.8711534E+05   0.0000000E+00   0.0000000E+00   0.0000000E+00
   6.3768116E-01   2.4052973E+05   1.2118621E+05   3.6168150E+05   0.0000000E+00   0.0000000E+00   0.0000000E+00
   6.5217391E-01   2.2373438E+05   1.1499075E+05   3.3867462E+05   0.0000000E+00   0.0000000E+00   0.0000000E+00
   6.6666667E-01   2.1687742E+05   1.0726916E+05   3.2411363E+05   0.0000000E+00   0.0000000E+00   0.0000000E+00
   6.8115942E-01   2.0396014E+05   1.0063388E+05   3.0457790E+05   0.0000000E+00   0.0000000E+00   0.0000000E+00
   6.9565217E-01   1.9038134E+05   9.3848846E+04   2.8421440E+05   0.0000000E+00   0.0000000E+00   0.0000000E+00
   7.1014493E-01   1.7795987E+05   8.8933544E+04   2.6689342E+05   0.0000000E+00   0.0000000E+00   0.0000000E+00
   7.2463768E-01   1.6608073E+05   8.2441751E+04   2.4852248E+05   0.0000000E+00   0.0000000E+00   0.0000000E+00
   7.3913043E-01   1.5352340E+05   7.7838872E+04   2.3134741E+05   0.0000000E+00   0.0000000E+00   0.0000000E+00
   7.5362319E-01   1.4563116E+05   7.2349281E+04   2.1798044E+05   0.0000000E+00   0.0000000E+00   0.0000000E+00
   7.6811594E-01   1.3526315E+05   6.6008873E+04   2.0125772E+05   0.0000000E+00   0.0000000E+00   0.0000000E+00
   7.8260870E-01   1.2449333E+05   6.3397303E+04   1.8786257E+05   0.0000000E+00   0.0000000E+00   0.0000000E+00
   7.9710145E-01   1.1680167E+05   5.7340001E+04   1.7414167E+05   0.0000000E+00   0.0000000E+00   0.0000000E+00
   8.1159420E-01   1.0403995E+05   5.3758712E+04   1.5778513E+05   0.0000000E+00   0.0000000E+00   0.0000000E+00
   8.2608696E-01   9.9755370E+04   4.8362212E+04   1.4811758E+05   0.0000000E+00   0.0000000E+00   0.0000000E+00
   8.4057971E-01   8.9687282E+04   4.4118565E+04   1.3380585E+05   0.0000000E+00   0.0000000E+00   0.0000000E+00
   8.5507246E-01   7.9909113E+04   3.9697696E+04   1.1959397E+05   0.0000000E+00   0.0000000E+00   0.0000000E+00
   8.6956522E-01   7.3096332E+04   3.6005121E+04   1.0910145E+05   0.0000000E+00   0.0000000E+00   0.0000000E+00
   8.8405797E-01   6.3774101E+04   3.2408771E+04   9.6182871E+04   0.0000000E+00   0.0000000E+00   0.0000000E+00
   8.9855072E-01   5.6048072E+04   2.8830659E+04   8.4878730E+04   0.0000000E+00   0.0000000E+00   0.0000000E+00
   9.1304348E-01   5.0022649E+04   2.4716649E+04   7.4739298E+04   0.0000000E+00   0.0000000E+00   0.0000000E+00
   9.2753623E-01   4.2018867E+04   2.1275825E+04   6.3294692E+04   0.0000000E+00   0.0000000E+00   0.0000000E+00
   9.4202899E-01   3.5858431E+04   1.6565290E+04   5.2423721E+04   0.0000000E+00   0.0000000E+00   0.0000000E+00
   9.5652174E-01   2.7129269E+04   1.4190342E+04   4.1319611E+04   0.0000000E+00   0.0000000E+00   0.0000000E+00
   9.7101449E-01   1.9463654E+04   9.2059352E+03   2.8669589E+04   0.0000000E+00   0.0000000E+00   0.0000000E+00
   9.8550725E-01   6.6859119E+03   3.4209583E+03   1.0106870E+04   0.0000000E+00   0.0000000E+00   0.0000000E+00
   1.0000000E+00   0.0000000E+00   0.0000000E+00   0.0000000E+00   0.0000000E+00   0.0000000E+00   0.0000000E+00
