   0.0000000E+00   3.3340414E+05   2.2429006E+05   5.5769420E+05   0.0000000E+00   0.0000000E+00   0.0000000E+00
   1.4492754E-02   3.3567735E+05   1.7276396E+05   5.0844132E+05   0.0000000E+00   0.0000000E+00   0.0000000E+00
   2.8985507E-02   3.7886834E+05   1.7086962E+05   5.4973796E+05   0.0000000E+00   0.0000000E+00   0.0000000E+00
   4.3478261E-02   3.5638882E+05   1.6518660E+05   5.2157542E+05   0.0000000E+00   0.0000000E+00   0.0000000E+00
   5.7971014E-02   3.6030379E+05   1.7446887E+05   5.3477266E+05   0.0000000E+00   0.0000000E+00   0.0000000E+00
   7.2463768E-02   3.6250123E+05   1.8003824E+05   5.4253947E+05   0.0000000E+00   0.0000000E+00   0.0000000E+00
   8.6956522E-02   3.4148667E+05   1.8185680E+05   5.2334347E+05   0.0000000E+00   0.0000000E+00   0.0000000E+00
   1.0144928E-01   3.6522908E+05   1.7763513E+05   5.4286421E+05   0.0000000E+00   0.0000000E+00   0.0000000E+00
   1.1594203E-01   3.7346947E+05   1.9123380E+05   5.6470326E+05   0.0000000E+00   0.0000000E+00   0.0000000E+00
   1.3043478E-01   3.7339580E+05   1.9204415E+05   5.6543995E+05   0.0000000E+00   0.0000000E+00   0.0000000E+00
   1.4492754E-01   3.7818638E+05   1.9148006E+05   5.6966644E+05   0.0000000E+00   0.0000000E+00   0.0000000E+00
   1.5942029E-01   3.8837449E+05   1.9101853E+05   5.7939302E+05   0.0000000E+00   0.0000000E+00   0.0000000E+00
   1.7391304E-01   4.0090585E+05   2.0080022E+05   6.0170607E+05   0.0000000E+00   0.0000000E+00   0.0000000E+00
   1.8840580E-01   4.0492283E+05   1.9683668E+05   6.0175950E+05   0.0000000E+00   0.0000000E+00   0.0000000E+00
   2.0289855E-01   4.0988142E+05   1.9825639E+05   6.0813781E+05   0.0000000E+00   0.0000000E+00   0.0000000E+00
   2.1739130E-01   4.0847059E+05   2.0463942E+05   6.1311001E+05   0.0000000E+00   0.0000000E+00   0.0000000E+00
   2.3188406E-01   4.1760763E+05   2.0870910E+05   6.2626937E+05   0.0000000E+00   0.0000000E+00   0.0000000E+00
   2.4637681E-01   4.3378197E+05   2.1550923E+05   6.4929119E+05   0.0000000E+00   0.0000000E+00   0.0000000E+00
   2.6086957E-01   4.3700358E+05   2.1953316E+05   6.5645255E+05   0.0000000E+00   0.0000000E+00   0.0000000E+00
   2.7536232E-01   4.3242836E+05   2.2297399E+05   6.5540235E+05   0.0000000E+00   0.0000000E+00   0.0000000E+00
   2.8985507E-01   4.4782238E+05   2.2595708E+05   6.7377946E+05   0.0000000E+00   0.0000000E+00   0.0000000E+00
   3.0434783E-01   4.5731213E+05   2.2638286E+05   6.8358674E+05   0.0000000E+00   0.0000000E+00   0.0000000E+00
   3.1884058E-01   4.5905066E+05   2.2408340E+05   6.8313406E+05   0.0000000E+00   0.0000000E+00   0.0000000E+00
   3.3333333E-01   4.5296181E+05   2.2745279E+05   6.8031576E+05   0.0000000E+00   0.0000000E+00   0.0000000E+00
   3.4782609E-01   4.4854854E+05   2.2507937E+05   6.7359634E+05   0.0000000E+00   0.0000000E+00   0.0000000E+00
   3.6231884E-01   4.5161106E+05   2.2444161E+05   6.7596174E+05   0.0000000E+00   0.0000000E+00   0.0000000E+00
   3.7681159E-01   4.5644892E+05   2.2324088E+05   6.7960237E+05   0.0000000E+00   0.0000000E+00   0.0000000E+00
   3.9130435E-01   4.3466021E+05   2.2370071E+05   6.5824866E+05   0.0000000E+00   0.0000000E+00   0.0000000E+00
   4.0579710E-01   4.3231584E+05   2.1955420E+05   6.5184298E+05   0.0000000E+00   0.0000000E+00   0.0000000E+00
   4.2028986E-01   4.2759865E+05   2.1757494E+05   6.4517359E+05   0.0000000E+00   0.0000000E+00   0.0000000E+00
   4.3478261E-01   4.2370110E+05   2.0756934E+05   6.3127043E+05   0.0000000E+00   0.0000000E+00   0.0000000E+00
   4.4927536E-01   4.1802622E+05   2.0673990E+05   6.2469279E+05   0.0000000E+00   0.0000000E+00   0.0000000E+00
   4.6376812E-01   3.9885365E+05   2.0262353E+05   6.0140613E+05   0.0000000E+00   0.0000000E+00   0.0000000E+00
   4.7826087E-01   3.9000478E+05   1.9106445E+05   5.8106923E+05   0.0000000E+00   0.0000000E+00   0.0000000E+00
   4.9275362E-01   3.7860091E+05   1.8952332E+05   5.6807965E+05   0.0000000E+00   0.0000000E+00   0.0000000E+00
   5.0724638E-01   3.6364866E+05   1.8276609E+05   5.4634980E+05   2.5485881E-05   0.0000000E+00   1.6963320E-05
   5.2173913E-01   3.5017959E+05   1.7642636E+05   5.2658490E+05   0.0000000E+00   0.0000000E+00   0.0000000E+00
   5.3623188E-01   3.3616886E+05   1.6948726E+05   5.0559468E+05   0.0000000E+00   0.0000000E+00   0.0000000E+00
   5.5072464E-01   3.2225744E+05   1.6297321E+05   4.8523064E+05   2.4345329E-05   0.0000000E+00   1.6168524E-05
   5.6521739E-01   3.0705822E+05   1.5500572E+05   4.6202509E+05   0.0000000E+00   0.0000000E+00   0.0000000E+00
   5.7971014E-01   2.9604772E+05   1.4775865E+05   4.4378743E+05   0.0000000E+00   0.0000000E+00   0.0000000E+00
   5.9420290E-01   2.8180412E+05   1.4265779E+05   4.2438799E+05   0.0000000E+00   0.0000000E+00   0.0000000E+00
   6.0869565E-01   2.6735476E+05   1.3538229E+05   4.0271901E+05   0.0000000E+00   0.0000000E+00   0.0000000E+00
   6.2318841E-01   2.5863491E+05   1.2573142E+05   3.8433109E+05   0.0000000E+00   0.0000000E+00   0.0000000E+00
   6.3768116E-01   2.4263073E+05   1.1963629E+05   3.6223258E+05   0.0000000E+00   0.0000000E+00   0.0000000E+00
   6.5217391E-01   2.2590656E+05   1.1487288E+05   3.4072893E+05   0.0000000E+00   0.0000000E+00   0.0000000E+00
   6.6666667E-01   2.1554314E+05   1.0763155E+05   3.2315822E+05   0.0000000E+00   0.0000000E+00   0.0000000E+00
   6.8115942E-01   2.0038105E+05   1.0366483E+05   3.0401363E+05   0.0000000E+00   0.0000000E+00   0.0000000E+00
   6.9565217E-01   1.9038134E+05   9.5616898E+04   2.8599824E+05   0.0000000E+00   0.0000000E+00   0.0000000E+00
   7.1014493E-01   1.8148567E+05   8.8284056E+04   2.6975426E+05   0.0000000E+00   0.0000000E+00   0.0000000E+00
   7.2463768E-01   1.6670207E+05   8.1653705E+04   2.4835578E+05   0.0000000E+00   0.0000000E+00   0.0000000E+00
   7.3913043E-01   1.5668806E+05   7.7928018E+04   2.3461608E+05   0.0000000E+00   0.0000000E+00   0.0000000E+00
   7.5362319E-01   1.4369310E+05   7.1489542E+04   2.1518265E+05   0.0000000E+00   0.0000000E+00   0.0000000E+00
   7.6811594E-01   1.3592080E+05   6.5394106E+04   2.0127202E+05   0.0000000E+00   0.0000000E+00   0.0000000E+00
   7.8260870E-01   1.2599477E+05   6.3102627E+04   1.8909740E+05   0.0000000E+00   0.0000000E+00   0.0000000E+00
   7.9710145E-01   1.1539641E+05   5.8111515E+04   1.7349415E+05   0.0000000E+00   0.0000000E+00   0.0000000E+00
   8.1159420E-01   1.0606960E+05   5.3379843E+04   1.5944945E+05   0.0000000E+00   0.0000000E+00   0.0000000E+00
   8.2608696E-01   9.7708151E+04   4.7963403E+04   1.4567155E+05   0.0000000E+00   0.0000000E+00   0.0000000E+00
   8.4057971E-01   9.0183730E+04   4.4236145E+04   1.3440681E+05   0.0000000E+00   0.0000000E+00   0.0000000E+00
   8.5507246E-01   8.1707132E+04   4.0198573E+04   1.2190571E+05   0.0000000E+00   0.0000000E+00   0.0000000E+00
   8.6956522E-01   7.2603803E+04   3.5158982E+04   1.0775016E+05   0.0000000E+00   0.0000000E+00   0.0000000E+00
   8.8405797E-01   6.6196374E+04   3.1551659E+04   9.7748032E+04   0.0000000E+00   0.0000000E+00   0.0000000E+00
   8.9855072E-01   5.7160233E+04   2.9319521E+04   8.6467533E+04   0.0000000E+00   0.0000000E+00   0.0000000E+00
   9.1304348E-01   4.9661822E+04   2.4740704E+04   7.4402526E+04   0.0000000E+00   0.0000000E+00   0.0000000E+00
   9.2753623E-01   4.2788443E+04   2.1536297E+04   6.4324741E+04   0.0000000E+00   0.0000000E+00   0.0000000E+00
   9.4202899E-01   3.3934946E+04   1.8174023E+04   5.2108969E+04   0.0000000E+00   0.0000000E+00   0.0000000E+00
   9.5652174E-01   2.8851398E+04   1.4396997E+04   4.3248395E+04   0.0000000E+00   0.0000000E+00   0.0000000E+00
   9.7101449E-01   1.9079131E+04   9.4886728E+03   2.8567804E+04   0.0000000E+00   0.0000000E+00   0.0000000E+00
   9.8550725E-01   6.7081983E+03   2.8637989E+03   9.5719972E+03   0.0000000E+00   0.0000000E+00   0.0000000E+00
   1.0000000E+00   0.0000000E+00   0.0000000E+00   0.0000000E+00   0.0000000E+00   0.0000000E+00   0.0000000E+00
