   0.0000000E+00   3.6371361E+05   1.8791870E+05   5.5163231E+05   0.0000000E+00   0.0000000E+00   0.0000000E+00
   1.4492754E-02   3.5234756E+05   1.8791870E+05   5.4026626E+05   0.0000000E+00   0.0000000E+00   0.0000000E+00
   2.8985507E-02   3.4931661E+05   1.6821754E+05   5.1753416E+05   0.0000000E+00   0.0000000E+00   0.0000000E+00
   4.3478261E-02   3.5613624E+05   1.7200623E+05   5.2814247E+05   0.0000000E+00   0.0000000E+00   0.0000000E+00
   5.7971014E-02   3.6560795E+05   1.6499716E+05   5.3060511E+05   0.0000000E+00   0.0000000E+00   0.0000000E+00
   7.2463768E-02   3.4098151E+05   1.8170526E+05   5.2268676E+05   0.0000000E+00   0.0000000E+00   0.0000000E+00
   8.6956522E-02   3.6914405E+05   1.7554233E+05   5.4468639E+05   0.0000000E+00   0.0000000E+00   0.0000000E+00
   1.0144928E-01   3.5191457E+05   1.8088257E+05   5.3279714E+05   0.0000000E+00   0.0000000E+00   0.0000000E+00
   1.1594203E-01   3.6295587E+05   1.8943417E+05   5.5239004E+05   0.0000000E+00   0.0000000E+00   0.0000000E+00
   1.3043478E-01   3.7322741E+05   1.8665580E+05   5.5988322E+05   0.0000000E+00   0.0000000E+00   0.0000000E+00
   1.4492754E-01   3.7742864E+05   1.9435946E+05   5.7171233E+05   0.0000000E+00   0.0000000E+00   0.0000000E+00
   1.5942029E-01   3.8830561E+05   1.8654099E+05   5.7484660E+05   0.0000000E+00   0.0000000E+00   0.0000000E+00
   1.7391304E-01   3.9522283E+05   1.9499091E+05   5.9021373E+05   0.0000000E+00   0.0000000E+00   0.0000000E+00
   1.8840580E-01   3.9571341E+05   2.0196597E+05   5.9767938E+05   0.0000000E+00   0.0000000E+00   0.0000000E+00
   2.0289855E-01   4.0971905E+05   2.0188270E+05   6.1160175E+05   0.0000000E+00   0.0000000E+00   0.0000000E+00
   2.1739130E-01   4.1261288E+05   2.0590231E+05   6.1841417E+05   0.0000000E+00   0.0000000E+00   0.0000000E+00
   2.3188406E-01   4.2049650E+05   2.1216627E+05   6.3261541E+05   0.0000000E+00   0.0000000E+00   0.0000000E+00
   2.4637681E-01   4.4064617E+05   2.1938706E+05   6.6003322E+05   0.0000000E+00   0.0000000E+00   0.0000000E+00
   2.6086957E-01   4.3372006E+05   2.2020670E+05   6.5392676E+05   0.0000000E+00   0.0000000E+00   0.0000000E+00
   2.7536232E-01   4.3777240E+05   2.2580553E+05   6.6357793E+05   0.0000000E+00   0.0000000E+00   0.0000000E+00
   2.8985507E-01   4.4032079E+05   2.2811663E+05   6.6839953E+05   0.0000000E+00   0.0000000E+00   0.0000000E+00
   3.0434783E-01   4.4731722E+05   2.2764575E+05   6.7489081E+05   0.0000000E+00   0.0000000E+00   0.0000000E+00
   3.1884058E-01   4.5539975E+05   2.2284347E+05   6.7824322E+05   0.0000000E+00   0.0000000E+00   0.0000000E+00
   3.3333333E-01   4.6090157E+05   2.2485012E+05   6.8571875E+05   0.0000000E+00   0.0000000E+00   0.0000000E+00
   3.4782609E-01   4.5653635E+05   2.3215158E+05   6.8865636E+05   0.0000000E+00   0.0000000E+00   0.0000000E+00
   3.6231884E-01   4.4770114E+05   2.2668451E+05   6.7429472E+05   0.0000000E+00   0.0000000E+00   0.0000000E+00
   3.7681159E-01   4.4890070E+05   2.2667984E+05   6.7546397E+05   0.0000000E+00   0.0000000E+00   0.0000000E+00
   3.9130435E-01   4.4316370E+05   2.2058557E+05   6.6372121E+05   0.0000000E+00   0.0000000E+00   0.0000000E+00
   4.0579710E-01   4.3878366E+05   2.1719981E+05   6.5595641E+05   0.0000000E+00   0.0000000E+00   0.0000000E+00
   4.2028986E-01   4.2650124E+05   2.1083370E+05   6.3723042E+05   0.0000000E+00   0.0000000E+00   0.0000000E+00
   4.3478261E-01   4.2461038E+05   2.0769563E+05   6.3223023E+05   0.0000000E+00   0.0000000E+00   0.0000000E+00
   4.4927536E-01   4.1186655E+05   2.0532220E+05   6.1711542E+05   0.0000000E+00   0.0000000E+00   0.0000000E+00
   4.6376812E-01   3.9906676E+05   2.0001881E+05   5.9906189E+05   0.0000000E+00   0.0000000E+00   0.0000000E+00
   4.7826087E-01   3.9374754E+05   1.9280954E+05   5.8651116E+05   0.0000000E+00   0.0000000E+00   0.0000000E+00
   4.9275362E-01   3.7931407E+05   1.8845357E+05   5.6767849E+05   0.0000000E+00   0.0000000E+00   0.0000000E+00
   5.0724638E-01   3.6672291E+05   1.8326403E+05   5.4994364E+05   0.0000000E+00   0.0000000E+00   0.0000000E+00
   5.2173913E-01   3.5304215E+05   1.7756296E+05   5.3052092E+05   0.0000000E+00   0.0000000E+00   0.0000000E+00
   5.3623188E-01   3.3940460E+05   1.6664063E+05   5.0598379E+05   0.0000000E+00   0.0000000E+00   0.0000000E+00
   5.5072464E-01   3.2443094E+05   1.6309285E+05   4.8750385E+05   0.0000000E+00   0.0000000E+00   0.0000000E+00
   5.6521739E-01   3.1076919E+05   1.5929957E+05   4.7002989E+05   0.0000000E+00   0.0000000E+00   0.0000000E+00
   5.7971014E-01   2.9981746E+05   1.4766394E+05   4.4748140E+05   0.0000000E+00   0.0000000E+00   0.0000000E+00
   5.9420290E-01   2.8744094E+05   1.4304590E+05   4.3048684E+05   0.0000000E+00   0.0000000E+00   0.0000000E+00
   6.0869565E-01   2.6748105E+05   1.3482301E+05   4.0230406E+05   0.0000000E+00   0.0000000E+00   0.0000000E+00
   6.2318841E-01   2.5461715E+05   1.2516753E+05   3.7974943E+05   0.0000000E+00   0.0000000E+00   0.0000000E+00
   6.3768116E-01   2.4135636E+05   1.1806915E+05   3.5940829E+05   0.0000000E+00   0.0000000E+00   0.0000000E+00
   6.5217391E-01   2.2848287E+05   1.1253232E+05   3.4096467E+05   0.0000000E+00   0.0000000E+00   0.0000000E+00
   6.6666667E-01   2.1228158E+05   1.0506184E+05   3.1734342E+05   0.0000000E+00   0.0000000E+00   0.0000000E+00
   6.8115942E-01   1.9888170E+05   1.0179467E+05   3.0067637E+05   0.0000000E+00   0.0000000E+00   0.0000000E+00
   6.9565217E-01   1.8897637E+05   9.3612053E+04   2.8257264E+05   0.0000000E+00   0.0000000E+00   0.0000000E+00
   7.1014493E-01   1.7865575E+05   8.7031471E+04   2.6567176E+05   0.0000000E+00   0.0000000E+00   0.0000000E+00
   7.2463768E-01   1.6491381E+05   8.3820832E+04   2.4873464E+05   0.0000000E+00   0.0000000E+00   0.0000000E+00
   7.3913043E-01   1.5395427E+05   7.7675439E+04   2.3159999E+05   0.0000000E+00   0.0000000E+00   0.0000000E+00
   7.5362319E-01   1.4249821E+05   7.2524144E+04   2.1502236E+05   0.0000000E+00   0.0000000E+00   0.0000000E+00
   7.6811594E-01   1.3552049E+05   6.8982632E+04   2.0447453E+05   0.0000000E+00   0.0000000E+00   0.0000000E+00
   7.8260870E-01   1.2467575E+05   6.1348607E+04   1.8601032E+05   0.0000000E+00   0.0000000E+00   0.0000000E+00
   7.9710145E-01   1.1542396E+05   5.7725758E+04   1.7312217E+05   0.0000000E+00   0.0000000E+00   0.0000000E+00
   8.1159420E-01   1.0602901E+05   5.2770948E+04   1.5878643E+05   0.0000000E+00   0.0000000E+00   0.0000000E+00
   8.2608696E-01   9.8200016E+04   4.9758042E+04   1.4795806E+05   0.0000000E+00   0.0000000E+00   0.0000000E+00
   8.4057971E-01   9.1973556E+04   4.4405983E+04   1.3636647E+05   0.0000000E+00   0.0000000E+00   0.0000000E+00
   8.5507246E-01   8.1334685E+04   4.0339846E+04   1.2167453E+05   0.0000000E+00   0.0000000E+00   0.0000000E+00
   8.6956522E-01   7.1947098E+04   3.5777800E+04   1.0772490E+05   0.0000000E+00   0.0000000E+00   0.0000000E+00
   8.8405797E-01   6.5190199E+04   3.2868381E+04   9.8058580E+04   0.0000000E+00   0.0000000E+00   0.0000000E+00
   8.9855072E-01   5.7979078E+04   2.9515066E+04   8.7494144E+04   0.0000000E+00   0.0000000E+00   0.0000000E+00
   9.1304348E-01   4.9842235E+04   2.4704621E+04   7.4534829E+04   0.0000000E+00   0.0000000E+00   0.0000000E+00
   9.2753623E-01   4.3617218E+04   2.0956155E+04   6.4573373E+04   0.0000000E+00   0.0000000E+00   0.0000000E+00
   9.4202899E-01   3.5590309E+04   1.8255625E+04   5.3845935E+04   0.0000000E+00   0.0000000E+00   0.0000000E+00
   9.5652174E-01   2.7737755E+04   1.3111141E+04   4.0848896E+04   0.0000000E+00   0.0000000E+00   0.0000000E+00
   9.7101449E-01   1.9282702E+04   9.8053389E+03   2.9088041E+04   0.0000000E+00   0.0000000E+00   0.0000000E+00
   9.8550725E-01   6.1621822E+03   3.2538105E+03   9.4159926E+03   0.0000000E+00   0.0000000E+00   0.0000000E+00
   1.0000000E+00   0.0000000E+00   0.0000000E+00   0.0000000E+00   0.0000000E+00   0.0000000E+00   0.0000000E+00
