   0.0000000E+00   3.3946603E+05   2.2429006E+05   5.6375609E+05   0.0000000E+00   0.0000000E+00   0.0000000E+00
   1.4492754E-02   3.3870830E+05   1.7731038E+05   5.1601868E+05   0.0000000E+00   0.0000000E+00   0.0000000E+00
   2.8985507E-02   3.6333474E+05   1.6973302E+05   5.3306776E+05   0.0000000E+00   0.0000000E+00   0.0000000E+00
   4.3478261E-02   3.6017750E+05   1.7781554E+05   5.3799305E+05   0.0000000E+00   0.0000000E+00   0.0000000E+00
   5.7971014E-02   3.6200870E+05   1.7617378E+05   5.3818248E+05   0.0000000E+00   0.0000000E+00   0.0000000E+00
   7.2463768E-02   3.5265065E+05   1.7685574E+05   5.2950639E+05   0.0000000E+00   0.0000000E+00   0.0000000E+00
   8.6956522E-02   3.5297901E+05   1.8337228E+05   5.3635128E+05   0.0000000E+00   0.0000000E+00   0.0000000E+00
   1.0144928E-01   3.6349711E+05   1.7925885E+05   5.4275596E+05   0.0000000E+00   0.0000000E+00   0.0000000E+00
   1.1594203E-01   3.5585209E+05   1.7702623E+05   5.3287832E+05   0.0000000E+00   0.0000000E+00   0.0000000E+00
   1.3043478E-01   3.7305903E+05   1.8758193E+05   5.6064095E+05   0.0000000E+00   0.0000000E+00   0.0000000E+00
   1.4492754E-01   3.7242758E+05   1.8852489E+05   5.6095247E+05   0.0000000E+00   0.0000000E+00   0.0000000E+00
   1.5942029E-01   3.8506801E+05   1.8716096E+05   5.7222897E+05   0.0000000E+00   0.0000000E+00   0.0000000E+00
   1.7391304E-01   3.9553855E+05   1.9688525E+05   5.9242380E+05   0.0000000E+00   0.0000000E+00   0.0000000E+00
   1.8840580E-01   3.9699574E+05   1.9747784E+05   5.9441528E+05   0.0000000E+00   0.0000000E+00   0.0000000E+00
   2.0289855E-01   4.0771646E+05   2.0572551E+05   6.1344197E+05   0.0000000E+00   0.0000000E+00   0.0000000E+00
   2.1739130E-01   4.2509028E+05   2.0554870E+05   6.3053795E+05   0.0000000E+00   0.0000000E+00   0.0000000E+00
   2.3188406E-01   4.2139631E+05   2.0918268E+05   6.3057900E+05   0.0000000E+00   0.0000000E+00   0.0000000E+00
   2.4637681E-01   4.3837296E+05   2.1849560E+05   6.5686856E+05   0.0000000E+00   0.0000000E+00   0.0000000E+00
   2.6086957E-01   4.3788761E+05   2.1776510E+05   6.5561062E+05   0.0000000E+00   0.0000000E+00   0.0000000E+00
   2.7536232E-01   4.4243846E+05   2.1958411E+05   6.6202258E+05   0.0000000E+00   0.0000000E+00   0.0000000E+00
   2.8985507E-01   4.4846646E+05   2.2580553E+05   6.7427199E+05   0.0000000E+00   0.0000000E+00   0.0000000E+00
   3.0434783E-01   4.4980693E+05   2.2230551E+05   6.7207636E+05   0.0000000E+00   0.0000000E+00   0.0000000E+00
   3.1884058E-01   4.4820125E+05   2.2449671E+05   6.7266352E+05   0.0000000E+00   0.0000000E+00   0.0000000E+00
   3.3333333E-01   4.5220408E+05   2.2847408E+05   6.8064521E+05   0.0000000E+00   0.0000000E+00   0.0000000E+00
   3.4782609E-01   4.5906214E+05   2.2271144E+05   6.8174201E+05   0.0000000E+00   0.0000000E+00   0.0000000E+00
   3.6231884E-01   4.4594319E+05   2.2259273E+05   6.6853592E+05   0.0000000E+00   0.0000000E+00   0.0000000E+00
   3.7681159E-01   4.4479143E+05   2.2198770E+05   6.6672085E+05   0.0000000E+00   0.0000000E+00   0.0000000E+00
   3.9130435E-01   4.4145178E+05   2.2266233E+05   6.6411411E+05   0.0000000E+00   0.0000000E+00   0.0000000E+00
   4.0579710E-01   4.3115217E+05   2.1311344E+05   6.4415737E+05   0.0000000E+00   0.0000000E+00   0.0000000E+00
   4.2028986E-01   4.2942767E+05   2.1846332E+05   6.4776035E+05   0.0000000E+00   0.0000000E+00   0.0000000E+00
   4.3478261E-01   4.2089747E+05   2.0900904E+05   6.2990651E+05   0.0000000E+00   0.0000000E+00   0.0000000E+00
   4.4927536E-01   4.1269762E+05   2.0512665E+05   6.1779983E+05   0.0000000E+00   0.0000000E+00   0.0000000E+00
   4.6376812E-01   4.0340007E+05   2.0084758E+05   6.0417661E+05   0.0000000E+00   0.0000000E+00   0.0000000E+00
   4.7826087E-01   3.8869596E+05   1.9370505E+05   5.8228620E+05   0.0000000E+00   0.0000000E+00   0.0000000E+00
   4.9275362E-01   3.7998266E+05   1.9170738E+05   5.7166776E+05   0.0000000E+00   0.0000000E+00   0.0000000E+00
   5.0724638E-01   3.6317237E+05   1.8200835E+05   5.4509412E+05   0.0000000E+00   0.0000000E+00   0.0000000E+00
   5.2173913E-01   3.5047426E+05   1.7724724E+05   5.2770046E+05   0.0000000E+00   0.0000000E+00   0.0000000E+00
   5.3623188E-01   3.3899501E+05   1.7429992E+05   5.1323349E+05   0.0000000E+00   0.0000000E+00   0.0000000E+00
   5.5072464E-01   3.2329434E+05   1.6265416E+05   4.8592856E+05   2.0466349E-05   0.0000000E+00   1.3616517E-05
   5.6521739E-01   3.1088576E+05   1.5434513E+05   4.6519204E+05   0.0000000E+00   0.0000000E+00   0.0000000E+00
   5.7971014E-01   2.9743059E+05   1.4847850E+05   4.4585226E+05   0.0000000E+00   0.0000000E+00   0.0000000E+00
   5.9420290E-01   2.8428063E+05   1.4356338E+05   4.2784401E+05   0.0000000E+00   0.0000000E+00   0.0000000E+00
   6.0869565E-01   2.7125169E+05   1.3691580E+05   4.0811337E+05   0.0000000E+00   0.0000000E+00   0.0000000E+00
   6.2318841E-01   2.5202675E+05   1.2514991E+05   3.7715903E+05   0.0000000E+00   0.0000000E+00   0.0000000E+00
   6.3768116E-01   2.4352624E+05   1.2206449E+05   3.6559073E+05   0.0000000E+00   0.0000000E+00   0.0000000E+00
   6.5217391E-01   2.2851655E+05   1.1561378E+05   3.4407981E+05   0.0000000E+00   0.0000000E+00   0.0000000E+00
   6.6666667E-01   2.1404414E+05   1.0608314E+05   3.2009433E+05   0.0000000E+00   0.0000000E+00   0.0000000E+00
   6.8115942E-01   2.0004248E+05   1.0042429E+05   3.0046678E+05   0.0000000E+00   0.0000000E+00   0.0000000E+00
   6.9565217E-01   1.8760297E+05   9.3091109E+04   2.8067830E+05   0.0000000E+00   0.0000000E+00   0.0000000E+00
   7.1014493E-01   1.7836194E+05   8.9057256E+04   2.6738827E+05   0.0000000E+00   0.0000000E+00   0.0000000E+00
   7.2463768E-01   1.6586856E+05   8.2987322E+04   2.4884073E+05   0.0000000E+00   0.0000000E+00   0.0000000E+00
   7.3913043E-01   1.5370169E+05   7.9161197E+04   2.3286288E+05   0.0000000E+00   0.0000000E+00   0.0000000E+00
   7.5362319E-01   1.4430512E+05   7.2465856E+04   2.1677098E+05   0.0000000E+00   0.0000000E+00   0.0000000E+00
   7.6811594E-01   1.3433385E+05   6.8425052E+04   2.0273031E+05   0.0000000E+00   0.0000000E+00   0.0000000E+00
   7.8260870E-01   1.2461962E+05   6.4028750E+04   1.8863434E+05   0.0000000E+00   0.0000000E+00   0.0000000E+00
   7.9710145E-01   1.1707721E+05   5.7863529E+04   1.7491318E+05   0.0000000E+00   0.0000000E+00   0.0000000E+00
   8.1159420E-01   1.0790982E+05   5.1607281E+04   1.5951710E+05   0.0000000E+00   0.0000000E+00   0.0000000E+00
   8.2608696E-01   9.6099623E+04   4.9784630E+04   1.4588425E+05   0.0000000E+00   0.0000000E+00   0.0000000E+00
   8.4057971E-01   9.1150497E+04   4.5150655E+04   1.3628809E+05   0.0000000E+00   0.0000000E+00   0.0000000E+00
   8.5507246E-01   8.1244784E+04   4.1187484E+04   1.2243227E+05   0.0000000E+00   0.0000000E+00   0.0000000E+00
   8.6956522E-01   7.2704835E+04   3.7179613E+04   1.0988445E+05   0.0000000E+00   0.0000000E+00   0.0000000E+00
   8.8405797E-01   6.4780276E+04   3.3005022E+04   9.7785298E+04   0.0000000E+00   0.0000000E+00   0.0000000E+00
   8.9855072E-01   5.7526880E+04   2.8806216E+04   8.6333096E+04   0.0000000E+00   0.0000000E+00   0.0000000E+00
   9.1304348E-01   4.9998594E+04   2.6027654E+04   7.6026247E+04   0.0000000E+00   0.0000000E+00   0.0000000E+00
   9.2753623E-01   4.2279339E+04   2.1299505E+04   6.3567004E+04   0.0000000E+00   0.0000000E+00   0.0000000E+00
   9.4202899E-01   3.5963349E+04   1.7626121E+04   5.3589470E+04   0.0000000E+00   0.0000000E+00   0.0000000E+00
   9.5652174E-01   2.7875525E+04   1.4075533E+04   4.1951058E+04   0.0000000E+00   0.0000000E+00   0.0000000E+00
   9.7101449E-01   1.9689844E+04   9.8392674E+03   2.9529112E+04   0.0000000E+00   0.0000000E+00   0.0000000E+00
   9.8550725E-01   6.3961891E+03   3.4098151E+03   9.8060041E+03   0.0000000E+00   0.0000000E+00   0.0000000E+00
   1.0000000E+00   0.0000000E+00   0.0000000E+00   0.0000000E+00   0.0000000E+00   0.0000000E+00   0.0000000E+00
