   0.0000000E+00   2.1216627E+05   1.6367112E+05   3.7583740E+05   0.0000000E+00   0.0000000E+00   0.0000000E+00
   1.4492754E-02   3.3719282E+05   1.7655265E+05   5.1374547E+05   0.0000000E+00   0.0000000E+00   0.0000000E+00
   2.8985507E-02   3.5007435E+05   1.6783868E+05   5.1791302E+05   0.0000000E+00   0.0000000E+00   0.0000000E+00
   4.3478261E-02   3.4375988E+05   1.7907844E+05   5.2283831E+05   0.0000000E+00   0.0000000E+00   0.0000000E+00
   5.7971014E-02   3.6238757E+05   1.8185680E+05   5.4424437E+05   0.0000000E+00   0.0000000E+00   0.0000000E+00
   7.2463768E-02   3.5765171E+05   1.7579491E+05   5.3344663E+05   0.0000000E+00   0.0000000E+00   0.0000000E+00
   8.6956522E-02   3.4843259E+05   1.8046762E+05   5.2890021E+05   0.0000000E+00   0.0000000E+00   0.0000000E+00
   1.0144928E-01   3.6468784E+05   1.7438769E+05   5.3907553E+05   0.0000000E+00   0.0000000E+00   0.0000000E+00
   1.1594203E-01   3.7299588E+05   1.8242511E+05   5.5532627E+05   0.0000000E+00   0.0000000E+00   0.0000000E+00
   1.3043478E-01   3.6514489E+05   1.8025714E+05   5.4531783E+05   0.0000000E+00   0.0000000E+00   0.0000000E+00
   1.4492754E-01   3.7689823E+05   1.9458678E+05   5.7148501E+05   0.0000000E+00   0.0000000E+00   0.0000000E+00
   1.5942029E-01   3.8493024E+05   1.9150073E+05   5.7643096E+05   0.0000000E+00   0.0000000E+00   0.0000000E+00
   1.7391304E-01   3.8455137E+05   2.0256827E+05   5.8705650E+05   0.0000000E+00   0.0000000E+00   0.0000000E+00
   1.8840580E-01   4.0072613E+05   2.0412261E+05   6.0484874E+05   0.0000000E+00   0.0000000E+00   0.0000000E+00
   2.0289855E-01   4.1832477E+05   2.0577963E+05   6.2399616E+05   0.0000000E+00   0.0000000E+00   0.0000000E+00
   2.1739130E-01   4.2024076E+05   2.0873120E+05   6.2897196E+05   0.0000000E+00   0.0000000E+00   0.0000000E+00
   2.3188406E-01   4.2300650E+05   2.1202420E+05   6.3498334E+05   0.0000000E+00   0.0000000E+00   0.0000000E+00
   2.4637681E-01   4.3360367E+05   2.1640068E+05   6.5000436E+05   0.0000000E+00   0.0000000E+00   0.0000000E+00
   2.6086957E-01   4.3982405E+05   2.1544980E+05   6.5523175E+05   0.0000000E+00   0.0000000E+00   0.0000000E+00
   2.7536232E-01   4.4790214E+05   2.1699186E+05   6.6489400E+05   0.0000000E+00   0.0000000E+00   0.0000000E+00
   2.8985507E-01   4.4630691E+05   2.2527512E+05   6.7143048E+05   0.0000000E+00   0.0000000E+00   0.0000000E+00
   3.0434783E-01   4.5168323E+05   2.2573337E+05   6.7723618E+05   0.0000000E+00   0.0000000E+00   0.0000000E+00
   3.1884058E-01   4.5329875E+05   2.2287791E+05   6.7610778E+05   0.0000000E+00   0.0000000E+00   0.0000000E+00
   3.3333333E-01   4.6067096E+05   2.2290637E+05   6.8354438E+05   0.0000000E+00   0.0000000E+00   0.0000000E+00
   3.4782609E-01   4.5590490E+05   2.3290931E+05   6.8881422E+05   0.0000000E+00   0.0000000E+00   0.0000000E+00
   3.6231884E-01   4.4848919E+05   2.2268366E+05   6.7117285E+05   0.0000000E+00   0.0000000E+00   0.0000000E+00
   3.7681159E-01   4.4517030E+05   2.2300773E+05   6.6814889E+05   0.0000000E+00   0.0000000E+00   0.0000000E+00
   3.9130435E-01   4.5051656E+05   2.2695617E+05   6.7747272E+05   0.0000000E+00   0.0000000E+00   0.0000000E+00
   4.0579710E-01   4.3223465E+05   2.1600908E+05   6.4824373E+05   0.0000000E+00   0.0000000E+00   0.0000000E+00
   4.2028986E-01   4.2501189E+05   2.1240143E+05   6.3728268E+05   0.0000000E+00   0.0000000E+00   0.0000000E+00
   4.3478261E-01   4.1589641E+05   2.1347968E+05   6.2935083E+05   0.0000000E+00   0.0000000E+00   0.0000000E+00
   4.4927536E-01   4.1624187E+05   2.0825537E+05   6.2442391E+05   0.0000000E+00   0.0000000E+00   0.0000000E+00
   4.6376812E-01   3.9901940E+05   2.0141588E+05   6.0034057E+05   0.0000000E+00   0.0000000E+00   0.0000000E+00
   4.7826087E-01   3.9372457E+05   1.9453167E+05   5.8814144E+05   0.0000000E+00   0.0000000E+00   0.0000000E+00
   4.9275362E-01   3.7791003E+05   1.8941188E+05   5.6729963E+05   0.0000000E+00   0.0000000E+00   0.0000000E+00
   5.0724638E-01   3.6475279E+05   1.8025473E+05   5.4494257E+05   0.0000000E+00   0.0000000E+00   0.0000000E+00
   5.2173913E-01   3.5057951E+05   1.7800498E+05   5.2850029E+05   0.0000000E+00   0.0000000E+00   0.0000000E+00
   5.3623188E-01   3.3842159E+05   1.6748029E+05   5.0579948E+05   0.0000000E+00   0.0000000E+00   0.0000000E+00
   5.5072464E-01   3.2395237E+05   1.6199613E+05   4.8592856E+05   0.0000000E+00   0.0000000E+00   0.0000000E+00
   5.6521739E-01   3.1063318E+05   1.5420913E+05   4.6478402E+05   0.0000000E+00   0.0000000E+00   0.0000000E+00
   5.7971014E-01   2.9881346E+05   1.4942567E+05   4.4823914E+05   0.0000000E+00   0.0000000E+00   0.0000000E+00
   5.9420290E-01   2.8514925E+05   1.4007040E+05   4.2518269E+05   0.0000000E+00   0.0000000E+00   0.0000000E+00
   6.0869565E-01   2.6984447E+05   1.3153948E+05   4.0132982E+05   0.0000000E+00   0.0000000E+00   0.0000000E+00
   6.2318841E-01   2.5715468E+05   1.2594289E+05   3.8306233E+05   0.0000000E+00   0.0000000E+00   0.0000000E+00
   6.3768116E-01   2.3972033E+05   1.2153063E+05   3.6121652E+05   0.0000000E+00   0.0000000E+00   0.0000000E+00
   6.5217391E-01   2.2701791E+05   1.1477185E+05   3.4173924E+05   0.0000000E+00   0.0000000E+00   0.0000000E+00
   6.6666667E-01   2.1417592E+05   1.0819162E+05   3.2233460E+05   0.0000000E+00   0.0000000E+00   0.0000000E+00
   6.8115942E-01   2.0500808E+05   1.0268138E+05   3.0765722E+05   0.0000000E+00   0.0000000E+00   0.0000000E+00
   6.9565217E-01   1.8859750E+05   9.5080168E+04   2.8364610E+05   0.0000000E+00   0.0000000E+00   0.0000000E+00
   7.1014493E-01   1.7853204E+05   8.8206736E+04   2.6670785E+05   0.0000000E+00   0.0000000E+00   0.0000000E+00
   7.2463768E-01   1.6533814E+05   8.3866296E+04   2.4915898E+05   0.0000000E+00   0.0000000E+00   0.0000000E+00
   7.3913043E-01   1.5642062E+05   7.5773668E+04   2.3219429E+05   0.0000000E+00   0.0000000E+00   0.0000000E+00
   7.5362319E-01   1.4260022E+05   7.1941269E+04   2.1452691E+05   0.0000000E+00   0.0000000E+00   0.0000000E+00
   7.6811594E-01   1.3403361E+05   6.6838094E+04   2.0087171E+05   0.0000000E+00   0.0000000E+00   0.0000000E+00
   7.8260870E-01   1.2762250E+05   6.2064247E+04   1.8968675E+05   0.0000000E+00   0.0000000E+00   0.0000000E+00
   7.9710145E-01   1.1721498E+05   5.7463995E+04   1.7466519E+05   0.0000000E+00   0.0000000E+00   0.0000000E+00
   8.1159420E-01   1.0537952E+05   5.2554451E+04   1.5793397E+05   0.0000000E+00   0.0000000E+00   0.0000000E+00
   8.2608696E-01   9.6777598E+04   4.7750705E+04   1.4452830E+05   0.0000000E+00   0.0000000E+00   0.0000000E+00
   8.4057971E-01   8.8681321E+04   4.3269378E+04   1.3192457E+05   0.0000000E+00   0.0000000E+00   0.0000000E+00
   8.5507246E-01   8.0654006E+04   4.0776508E+04   1.2143051E+05   0.0000000E+00   0.0000000E+00   0.0000000E+00
   8.6956522E-01   7.3765666E+04   3.5361045E+04   1.0911408E+05   0.0000000E+00   0.0000000E+00   0.0000000E+00
   8.8405797E-01   6.4072226E+04   3.2036113E+04   9.6108340E+04   0.0000000E+00   0.0000000E+00   0.0000000E+00
   8.9855072E-01   5.8015743E+04   2.8769551E+04   8.6785293E+04   0.0000000E+00   0.0000000E+00   0.0000000E+00
   9.1304348E-01   4.9553574E+04   2.5486413E+04   7.5039987E+04   0.0000000E+00   0.0000000E+00   0.0000000E+00
   9.2753623E-01   4.2788443E+04   2.1986203E+04   6.4774647E+04   0.0000000E+00   0.0000000E+00   0.0000000E+00
   9.4202899E-01   3.4412903E+04   1.7707723E+04   5.2120626E+04   0.0000000E+00   0.0000000E+00   0.0000000E+00
   9.5652174E-01   2.7244078E+04   1.4546248E+04   4.1790326E+04   0.0000000E+00   0.0000000E+00   0.0000000E+00
   9.7101449E-01   1.8502346E+04   9.4434348E+03   2.7945781E+04   0.0000000E+00   0.0000000E+00   0.0000000E+00
   9.8550725E-01   6.4073323E+03   3.5546765E+03   9.9620088E+03   0.0000000E+00   0.0000000E+00   0.0000000E+00
   1.0000000E+00   0.0000000E+00   0.0000000E+00   0.0000000E+00   0.0000000E+00   0.0000000E+00   0.0000000E+00
