   0.0000000E+00   3.2128035E+05   1.2123787E+05   4.4251822E+05   0.0000000E+00   0.0000000E+00   0.0000000E+00
   1.4492754E-02   3.9023439E+05   1.5154734E+05   5.4178173E+05   0.0000000E+00   0.0000000E+00   0.0000000E+00
   2.8985507E-02   3.6712342E+05   1.7390057E+05   5.4102399E+05   0.0000000E+00   0.0000000E+00   0.0000000E+00
   4.3478261E-02   3.5512593E+05   1.7251139E+05   5.2763731E+05   0.0000000E+00   0.0000000E+00   0.0000000E+00
   5.7971014E-02   3.4022377E+05   1.7901529E+05   5.1923906E+05   0.0000000E+00   0.0000000E+00   0.0000000E+00
   7.2463768E-02   3.6583527E+05   1.7715884E+05   5.4299411E+05   0.0000000E+00   0.0000000E+00   0.0000000E+00
   8.6956522E-02   3.4956919E+05   1.7693152E+05   5.2650071E+05   0.0000000E+00   0.0000000E+00   0.0000000E+00
   1.0144928E-01   3.5613624E+05   1.8142381E+05   5.3756005E+05   0.0000000E+00   0.0000000E+00   0.0000000E+00
   1.1594203E-01   3.6437663E+05   1.7342698E+05   5.3780361E+05   0.0000000E+00   0.0000000E+00   0.0000000E+00
   1.3043478E-01   3.7238548E+05   1.8859224E+05   5.6097773E+05   0.0000000E+00   0.0000000E+00   0.0000000E+00
   1.4492754E-01   3.8235393E+05   1.8905530E+05   5.7140923E+05   0.0000000E+00   0.0000000E+00   0.0000000E+00
   1.5942029E-01   3.9553855E+05   1.9046745E+05   5.8600600E+05   2.2253612E-05   0.0000000E+00   1.5020599E-05
   1.7391304E-01   3.9648572E+05   1.9821129E+05   5.9469701E+05   0.0000000E+00   0.0000000E+00   0.0000000E+00
   1.8840580E-01   3.9752032E+05   1.9806071E+05   5.9552275E+05   0.0000000E+00   0.0000000E+00   0.0000000E+00
   2.0289855E-01   4.0733759E+05   2.0431828E+05   6.1160175E+05   0.0000000E+00   0.0000000E+00   0.0000000E+00
   2.1739130E-01   4.2650472E+05   2.1049925E+05   6.3700397E+05   0.0000000E+00   0.0000000E+00   0.0000000E+00
   2.3188406E-01   4.2509028E+05   2.1192948E+05   6.3701976E+05   0.0000000E+00   0.0000000E+00   0.0000000E+00
   2.4637681E-01   4.3480714E+05   2.2241800E+05   6.5718057E+05   1.4282980E-05   0.0000000E+00   9.4499774E-06
   2.6086957E-01   4.3485666E+05   2.1633382E+05   6.5114839E+05   0.0000000E+00   0.0000000E+00   0.0000000E+00
   2.7536232E-01   4.4044442E+05   2.2628410E+05   6.6672852E+05   0.0000000E+00   0.0000000E+00   0.0000000E+00
   2.8985507E-01   4.5111853E+05   2.2622229E+05   6.7730294E+05   0.0000000E+00   0.0000000E+00   0.0000000E+00
   3.0434783E-01   4.4886878E+05   2.1913023E+05   6.6792685E+05   0.0000000E+00   0.0000000E+00   0.0000000E+00
   3.1884058E-01   4.5570973E+05   2.3028307E+05   6.8592391E+05   0.0000000E+00   0.0000000E+00   0.0000000E+00
   3.3333333E-01   4.5899076E+05   2.3130736E+05   6.9026517E+05   2.9650796E-05   0.0000000E+00   1.9716251E-05
   3.4782609E-01   4.4892741E+05   2.2561610E+05   6.7454351E+05   0.0000000E+00   0.0000000E+00   0.0000000E+00
   3.6231884E-01   4.4864074E+05   2.2568429E+05   6.7432503E+05   1.8988723E-05   0.0000000E+00   1.2633544E-05
   3.7681159E-01   4.4170220E+05   2.2329917E+05   6.6494308E+05   0.0000000E+00   0.0000000E+00   0.0000000E+00
   3.9130435E-01   4.3572666E+05   2.2215717E+05   6.5785576E+05   0.0000000E+00   0.0000000E+00   0.0000000E+00
   4.0579710E-01   4.3223465E+05   2.1609027E+05   6.4829786E+05   9.2320902E-06   0.0000000E+00   6.1552406E-06
   4.2028986E-01   4.3358216E+05   2.1376013E+05   6.4726390E+05   0.0000000E+00   3.4588215E-10   1.1422824E-10
   4.3478261E-01   4.2193304E+05   2.1567712E+05   6.3748387E+05   0.0000000E+00   0.0000000E+00   0.0000000E+00
   4.4927536E-01   4.1699961E+05   2.0732653E+05   6.2430170E+05   5.9202196E-06   7.7155302E-10   3.9546207E-06
   4.6376812E-01   4.0145837E+05   1.9994777E+05   6.0135878E+05   0.0000000E+00   0.0000000E+00   0.0000000E+00
   4.7826087E-01   3.8780045E+05   1.9528941E+05   5.8302097E+05   0.0000000E+00   0.0000000E+00   0.0000000E+00
   4.9275362E-01   3.7860091E+05   1.8987990E+05   5.6845852E+05   0.0000000E+00   0.0000000E+00   0.0000000E+00
   5.0724638E-01   3.6118060E+05   1.7908565E+05   5.4026626E+05   0.0000000E+00   5.3500814E-10   1.7734271E-10
   5.2173913E-01   3.5226337E+05   1.7817336E+05   5.3037358E+05   9.0653468E-06   0.0000000E+00   6.0210193E-06
   5.3623188E-01   3.4065384E+05   1.7059315E+05   5.1116507E+05   0.0000000E+00   0.0000000E+00   0.0000000E+00
   5.5072464E-01   3.2969522E+05   1.6307291E+05   4.9276813E+05   0.0000000E+00   0.0000000E+00   0.0000000E+00
   5.6521739E-01   3.0738851E+05   1.5646291E+05   4.6383200E+05   0.0000000E+00   0.0000000E+00   0.0000000E+00
   5.7971014E-01   2.9655919E+05   1.4611058E+05   4.4261294E+05   0.0000000E+00   0.0000000E+00   0.0000000E+00
   5.9420290E-01   2.8452088E+05   1.4308286E+05   4.2760375E+05   0.0000000E+00   0.0000000E+00   0.0000000E+00
   6.0869565E-01   2.6681352E+05   1.3415548E+05   4.0096900E+05   7.0968157E-07   0.0000000E+00   4.7223760E-07
   6.2318841E-01   2.5463477E+05   1.2596051E+05   3.8059528E+05   0.0000000E+00   1.6121961E-10   5.3356690E-11
   6.3768116E-01   2.4128747E+05   1.2263279E+05   3.6392026E+05   0.0000000E+00   0.0000000E+00   0.0000000E+00
   6.5217391E-01   2.2922377E+05   1.1300380E+05   3.4221073E+05   0.0000000E+00   0.0000000E+00   0.0000000E+00
   6.6666667E-01   2.1340171E+05   1.0479828E+05   3.1819999E+05   0.0000000E+00   0.0000000E+00   0.0000000E+00
   6.8115942E-01   1.9920414E+05   1.0239118E+05   3.0159532E+05   3.3301612E-05   0.0000000E+00   2.1995762E-05
   6.9565217E-01   1.8793448E+05   9.5143312E+04   2.8307780E+05   4.4586230E-05   0.0000000E+00   2.9600662E-05
   7.1014493E-01   1.7723306E+05   8.8469624E+04   2.6570269E+05   0.0000000E+00   0.0000000E+00   0.0000000E+00
   7.2463768E-01   1.6409546E+05   8.5669709E+04   2.4976517E+05   0.0000000E+00   1.6465466E-09   5.6476718E-10
   7.3913043E-01   1.5413256E+05   7.6769126E+04   2.3090168E+05   0.0000000E+00   1.5810681E-09   5.2566624E-10
   7.5362319E-01   1.4456742E+05   7.2975871E+04   2.1752872E+05   0.0000000E+00   0.0000000E+00   0.0000000E+00
   7.6811594E-01   1.3329017E+05   6.8096223E+04   2.0138639E+05   3.4519493E-05   0.0000000E+00   2.2847170E-05
   7.8260870E-01   1.2497042E+05   6.2793920E+04   1.8776434E+05   0.0000000E+00   0.0000000E+00   0.0000000E+00
   7.9710145E-01   1.1524486E+05   5.7643096E+04   1.7287418E+05   0.0000000E+00   0.0000000E+00   0.0000000E+00
   8.1159420E-01   1.0332281E+05   5.3163347E+04   1.5648616E+05   0.0000000E+00   0.0000000E+00   0.0000000E+00
   8.2608696E-01   9.8718467E+04   4.9691574E+04   1.4839675E+05   0.0000000E+00   0.0000000E+00   0.0000000E+00
   8.4057971E-01   8.8211002E+04   4.5098397E+04   1.3330940E+05   0.0000000E+00   0.0000000E+00   0.0000000E+00
   8.5507246E-01   8.1835562E+04   4.0648078E+04   1.2248364E+05   0.0000000E+00   0.0000000E+00   0.0000000E+00
   8.6956522E-01   7.3399427E+04   3.6788116E+04   1.1017491E+05   0.0000000E+00   0.0000000E+00   0.0000000E+00
   8.8405797E-01   6.4743010E+04   3.2880803E+04   9.7623813E+04   0.0000000E+00   1.6047063E-09   5.4048321E-10
   8.9855072E-01   5.9030132E+04   2.8806216E+04   8.7836348E+04   0.0000000E+00   0.0000000E+00   0.0000000E+00
   9.1304348E-01   4.9373160E+04   2.5738992E+04   7.5112152E+04   2.5644803E-05   0.0000000E+00   1.6856992E-05
   9.2753623E-01   4.3143632E+04   2.1465260E+04   6.4608892E+04   0.0000000E+00   0.0000000E+00   0.0000000E+00
   9.4202899E-01   3.4552793E+04   1.7381314E+04   5.1934107E+04   1.3364141E-04   0.0000000E+00   8.8914286E-05
   9.5652174E-01   2.7198155E+04   1.3409643E+04   4.0607798E+04   0.0000000E+00   0.0000000E+00   0.0000000E+00
   9.7101449E-01   1.9022584E+04   9.7940294E+03   2.8816613E+04   0.0000000E+00   0.0000000E+00   0.0000000E+00
   9.8550725E-01   6.1956117E+03   3.4098151E+03   9.6054268E+03   0.0000000E+00   0.0000000E+00   0.0000000E+00
   1.0000000E+00   0.0000000E+00   0.0000000E+00   0.0000000E+00   0.0000000E+00   0.0000000E+00   0.0000000E+00
