   0.0000000E+00   3.8796118E+05   2.4853763E+05   6.3649881E+05   0.0000000E+00   0.0000000E+00   0.0000000E+00
   1.4492754E-02   3.5689398E+05   1.6745981E+05   5.2435379E+05   0.0000000E+00   0.0000000E+00   0.0000000E+00
   2.8985507E-02   3.5727285E+05   1.6973302E+05   5.2700586E+05   0.0000000E+00   0.0000000E+00   0.0000000E+00
   4.3478261E-02   3.6826003E+05   1.7478460E+05   5.4304462E+05   0.0000000E+00   0.0000000E+00   0.0000000E+00
   5.7971014E-02   3.5765171E+05   1.6764924E+05   5.2530096E+05   0.0000000E+00   0.0000000E+00   0.0000000E+00
   7.2463768E-02   3.5643934E+05   1.7988669E+05   5.3632602E+05   0.0000000E+00   0.0000000E+00   0.0000000E+00
   8.6956522E-02   3.6459763E+05   1.7857328E+05   5.4317091E+05   0.0000000E+00   0.0000000E+00   0.0000000E+00
   1.0144928E-01   3.6544558E+05   1.7936710E+05   5.4481268E+05   0.0000000E+00   0.0000000E+00   0.0000000E+00
   1.1594203E-01   3.7905778E+05   1.8365643E+05   5.6271421E+05   0.0000000E+00   0.0000000E+00   0.0000000E+00
   1.3043478E-01   3.7204871E+05   1.8522452E+05   5.5727323E+05   0.0000000E+00   0.0000000E+00   0.0000000E+00
   1.4492754E-01   3.7401883E+05   1.9087387E+05   5.6489270E+05   0.0000000E+00   0.0000000E+00   0.0000000E+00
   1.5942029E-01   3.9147433E+05   1.9742485E+05   5.8889917E+05   0.0000000E+00   0.0000000E+00   0.0000000E+00
   1.7391304E-01   3.9238131E+05   1.9827443E+05   5.9059260E+05   0.0000000E+00   0.0000000E+00   0.0000000E+00
   1.8840580E-01   4.0847836E+05   1.9631209E+05   6.0473216E+05   0.0000000E+00   0.0000000E+00   0.0000000E+00
   2.0289855E-01   4.0874482E+05   1.9901413E+05   6.0775894E+05   0.0000000E+00   0.0000000E+00   0.0000000E+00
   2.1739130E-01   4.2367584E+05   2.0979203E+05   6.3346787E+05   0.0000000E+00   0.0000000E+00   0.0000000E+00
   2.3188406E-01   4.2674783E+05   2.1093495E+05   6.3768278E+05   0.0000000E+00   0.0000000E+00   0.0000000E+00
   2.4637681E-01   4.3538658E+05   2.1296858E+05   6.4831059E+05   0.0000000E+00   0.0000000E+00   0.0000000E+00
   2.6086957E-01   4.3978195E+05   2.2109073E+05   6.6087268E+05   0.0000000E+00   0.0000000E+00   0.0000000E+00
   2.7536232E-01   4.4726405E+05   2.2121923E+05   6.6848328E+05   0.0000000E+00   0.0000000E+00   0.0000000E+00
   2.8985507E-01   4.4547340E+05   2.2766199E+05   6.7313538E+05   0.0000000E+00   0.0000000E+00   0.0000000E+00
   3.0434783E-01   4.5402860E+05   2.2367665E+05   6.7766917E+05   0.0000000E+00   0.0000000E+00   0.0000000E+00
   3.1884058E-01   4.5557196E+05   2.2425562E+05   6.7975869E+05   0.0000000E+00   0.0000000E+00   0.0000000E+00
   3.3333333E-01   4.4851423E+05   2.2896826E+05   6.7741660E+05   0.0000000E+00   0.0000000E+00   0.0000000E+00
   3.4782609E-01   4.5044289E+05   2.2697371E+05   6.7738502E+05   0.0000000E+00   0.0000000E+00   0.0000000E+00
   3.6231884E-01   4.4930754E+05   2.2765441E+05   6.7693164E+05   0.0000000E+00   0.0000000E+00   0.0000000E+00
   3.7681159E-01   4.4313024E+05   2.2941935E+05   6.7249131E+05   0.0000000E+00   0.0000000E+00   0.0000000E+00
   3.9130435E-01   4.4341628E+05   2.2038912E+05   6.6372121E+05   0.0000000E+00   0.0000000E+00   0.0000000E+00
   4.0579710E-01   4.3756587E+05   2.1841760E+05   6.5595641E+05   0.0000000E+00   0.0000000E+00   0.0000000E+00
   4.2028986E-01   4.3373893E+05   2.1326368E+05   6.4695036E+05   0.0000000E+00   0.0000000E+00   0.0000000E+00
   4.3478261E-01   4.1804333E+05   2.1171163E+05   6.2970444E+05   0.0000000E+00   0.0000000E+00   0.0000000E+00
   4.4927536E-01   4.1523970E+05   1.9999360E+05   6.1518441E+05   0.0000000E+00   0.0000000E+00   0.0000000E+00
   4.6376812E-01   3.9788280E+05   2.0186579E+05   5.9965387E+05   0.0000000E+00   0.0000000E+00   0.0000000E+00
   4.7826087E-01   3.9087732E+05   1.9212069E+05   5.8297505E+05   0.0000000E+00   0.0000000E+00   0.0000000E+00
   4.9275362E-01   3.7244987E+05   1.8961246E+05   5.6201776E+05   0.0000000E+00   0.0000000E+00   0.0000000E+00
   5.0724638E-01   3.5931874E+05   1.8231145E+05   5.4158688E+05   0.0000000E+00   0.0000000E+00   0.0000000E+00
   5.2173913E-01   3.5266328E+05   1.7369009E+05   5.2635337E+05   0.0000000E+00   0.0000000E+00   0.0000000E+00
   5.3623188E-01   3.3721330E+05   1.7237486E+05   5.0950624E+05   0.0000000E+00   0.0000000E+00   0.0000000E+00
   5.5072464E-01   3.2092143E+05   1.6231517E+05   4.8319672E+05   0.0000000E+00   0.0000000E+00   0.0000000E+00
   5.6521739E-01   3.1343098E+05   1.5549145E+05   4.6892243E+05   0.0000000E+00   0.0000000E+00   0.0000000E+00
   5.7971014E-01   2.9722221E+05   1.5107375E+05   4.4829597E+05   0.0000000E+00   0.0000000E+00   0.0000000E+00
   5.9420290E-01   2.8182260E+05   1.3995951E+05   4.2176363E+05   0.0000000E+00   0.0000000E+00   0.0000000E+00
   6.0869565E-01   2.6894240E+05   1.3606786E+05   4.0499222E+05   0.0000000E+00   0.0000000E+00   0.0000000E+00
   6.2318841E-01   2.5468763E+05   1.2574905E+05   3.8041906E+05   0.0000000E+00   0.0000000E+00   0.0000000E+00
   6.3768116E-01   2.3985810E+05   1.2054902E+05   3.6037268E+05   0.0000000E+00   0.0000000E+00   0.0000000E+00
   6.5217391E-01   2.2849971E+05   1.1515914E+05   3.4357465E+05   9.7483162E-10   0.0000000E+00   6.4832705E-10
   6.6666667E-01   2.0984364E+05   1.0847165E+05   3.1828235E+05   0.0000000E+00   0.0000000E+00   0.0000000E+00
   6.8115942E-01   1.9992963E+05   1.0189140E+05   3.0182103E+05   0.0000000E+00   0.0000000E+00   0.0000000E+00
   6.9565217E-01   1.9117065E+05   9.5569539E+04   2.8670862E+05   0.0000000E+00   0.0000000E+00   0.0000000E+00
   7.1014493E-01   1.7893411E+05   8.9242825E+04   2.6817693E+05   0.0000000E+00   0.0000000E+00   0.0000000E+00
   7.2463768E-01   1.6267091E+05   8.1820407E+04   2.4447616E+05   0.0000000E+00   0.0000000E+00   0.0000000E+00
   7.3913043E-01   1.5625719E+05   7.6367972E+04   2.3262516E+05   0.0000000E+00   0.0000000E+00   0.0000000E+00
   7.5362319E-01   1.4536887E+05   7.4010473E+04   2.1937934E+05   0.0000000E+00   0.0000000E+00   0.0000000E+00
   7.6811594E-01   1.3433385E+05   6.7667316E+04   2.0198687E+05   0.0000000E+00   3.3729510E-10   1.1299672E-10
   7.8260870E-01   1.2511075E+05   6.4590036E+04   1.8968675E+05   0.0000000E+00   0.0000000E+00   0.0000000E+00
   7.9710145E-01   1.1334363E+05   5.6899136E+04   1.7024277E+05   0.0000000E+00   0.0000000E+00   0.0000000E+00
   8.1159420E-01   1.0759861E+05   5.2310893E+04   1.5989597E+05   0.0000000E+00   0.0000000E+00   0.0000000E+00
   8.2608696E-01   9.7428985E+04   4.9239591E+04   1.4666858E+05   0.0000000E+00   0.0000000E+00   0.0000000E+00
   8.4057971E-01   8.7178912E+04   4.5568716E+04   1.3273456E+05   0.0000000E+00   0.0000000E+00   0.0000000E+00
   8.5507246E-01   8.1039296E+04   3.9723382E+04   1.2076268E+05   0.0000000E+00   0.0000000E+00   0.0000000E+00
   8.6956522E-01   7.2666948E+04   3.7015437E+04   1.0966976E+05   0.0000000E+00   0.0000000E+00   0.0000000E+00
   8.8405797E-01   6.6345437E+04   3.2632365E+04   9.8965380E+04   0.0000000E+00   0.0000000E+00   0.0000000E+00
   8.9855072E-01   5.7025796E+04   2.9062868E+04   8.6076443E+04   0.0000000E+00   0.0000000E+00   0.0000000E+00
   9.1304348E-01   5.0395503E+04   2.4873007E+04   7.5268511E+04   0.0000000E+00   0.0000000E+00   0.0000000E+00
   9.2753623E-01   4.2788443E+04   2.2258515E+04   6.5046958E+04   0.0000000E+00   0.0000000E+00   0.0000000E+00
   9.4202899E-01   3.5590309E+04   1.8080763E+04   5.3671072E+04   0.0000000E+00   0.0000000E+00   0.0000000E+00
   9.5652174E-01   2.8162547E+04   1.3754069E+04   4.1916616E+04   0.0000000E+00   0.0000000E+00   0.0000000E+00
   9.7101449E-01   1.8909489E+04   9.9410529E+03   2.8850542E+04   0.0000000E+00   0.0000000E+00   0.0000000E+00
   9.8550725E-01   5.8947457E+03   2.9083717E+03   8.8031174E+03   0.0000000E+00   0.0000000E+00   0.0000000E+00
   1.0000000E+00   0.0000000E+00   0.0000000E+00   0.0000000E+00   0.0000000E+00   0.0000000E+00   0.0000000E+00
