   0.0000000E+00   2.8490899E+05   2.0004248E+05   4.8495148E+05   0.0000000E+00   0.0000000E+00   0.0000000E+00
   1.4492754E-02   3.6674456E+05   1.9549606E+05   5.6224062E+05   0.0000000E+00   0.0000000E+00   0.0000000E+00
   2.8985507E-02   3.4022377E+05   1.7579491E+05   5.1601868E+05   0.0000000E+00   0.0000000E+00   0.0000000E+00
   4.3478261E-02   3.5108466E+05   1.7099591E+05   5.2208058E+05   0.0000000E+00   0.0000000E+00   0.0000000E+00
   5.7971014E-02   3.5177926E+05   1.6859641E+05   5.2037567E+05   0.0000000E+00   0.0000000E+00   0.0000000E+00
   7.2463768E-02   3.5431767E+05   1.8443311E+05   5.3875078E+05   0.0000000E+00   0.0000000E+00   0.0000000E+00
   8.6956522E-02   3.6219813E+05   1.8210938E+05   5.4430752E+05   0.0000000E+00   0.0000000E+00   0.0000000E+00
   1.0144928E-01   3.6014142E+05   1.7557841E+05   5.3571984E+05   0.0000000E+00   0.0000000E+00   0.0000000E+00
   1.1594203E-01   3.6276644E+05   1.8147794E+05   5.4424437E+05   0.0000000E+00   0.0000000E+00   0.0000000E+00
   1.3043478E-01   3.7634255E+05   1.8480356E+05   5.6114611E+05   0.0000000E+00   0.0000000E+00   0.0000000E+00
   1.4492754E-01   3.8227816E+05   1.8450888E+05   5.6678704E+05   0.0000000E+00   0.0000000E+00   0.0000000E+00
   1.5942029E-01   3.8541243E+05   1.9763150E+05   5.8304394E+05   0.0000000E+00   0.0000000E+00   0.0000000E+00
   1.7391304E-01   3.8751917E+05   1.9360172E+05   5.8112089E+05   0.0000000E+00   0.0000000E+00   0.0000000E+00
   1.8840580E-01   4.0294105E+05   2.0196597E+05   6.0484874E+05   0.0000000E+00   0.0000000E+00   0.0000000E+00
   2.0289855E-01   4.1242525E+05   1.9852701E+05   6.1084402E+05   0.0000000E+00   0.0000000E+00   0.0000000E+00
   2.1739130E-01   4.1614899E+05   2.0883223E+05   6.2493070E+05   0.0000000E+00   0.0000000E+00   0.0000000E+00
   2.3188406E-01   4.3067859E+05   2.1372910E+05   6.4421826E+05   0.0000000E+00   0.0000000E+00   0.0000000E+00
   2.4637681E-01   4.2994871E+05   2.2219514E+05   6.5209928E+05   0.0000000E+00   0.0000000E+00   0.0000000E+00
   2.6086957E-01   4.3990824E+05   2.1869123E+05   6.5859947E+05   0.0000000E+00   0.0000000E+00   0.0000000E+00
   2.7536232E-01   4.4343548E+05   2.2421030E+05   6.6760590E+05   0.0000000E+00   0.0000000E+00   0.0000000E+00
   2.8985507E-01   4.4384426E+05   2.1864492E+05   6.6237552E+05   0.0000000E+00   0.0000000E+00   0.0000000E+00
   3.0434783E-01   4.5157498E+05   2.2670760E+05   6.7828258E+05   0.0000000E+00   0.0000000E+00   0.0000000E+00
   3.1884058E-01   4.5729409E+05   2.2415229E+05   6.8134305E+05   0.0000000E+00   0.0000000E+00   0.0000000E+00
   3.3333333E-01   4.4907429E+05   2.2353232E+05   6.7250778E+05   0.0000000E+00   0.0000000E+00   0.0000000E+00
   3.4782609E-01   4.5947258E+05   2.2372176E+05   6.8316277E+05   0.0000000E+00   0.0000000E+00   0.0000000E+00
   3.6231884E-01   4.5042899E+05   2.2550244E+05   6.7590112E+05   0.0000000E+00   0.0000000E+00   0.0000000E+00
   3.7681159E-01   4.4989158E+05   2.2402777E+05   6.7377363E+05   0.0000000E+00   0.0000000E+00   0.0000000E+00
   3.9130435E-01   4.4524046E+05   2.2457070E+05   6.6978310E+05   0.0000000E+00   0.0000000E+00   0.0000000E+00
   4.0579710E-01   4.3591509E+05   2.1809285E+05   6.5392676E+05   0.0000000E+00   0.0000000E+00   0.0000000E+00
   4.2028986E-01   4.2934928E+05   2.1854171E+05   6.4781261E+05   0.0000000E+00   0.0000000E+00   0.0000000E+00
   4.3478261E-01   4.2736349E+05   2.1042348E+05   6.3773645E+05   0.0000000E+00   0.0000000E+00   0.0000000E+00
   4.4927536E-01   4.1570412E+05   2.0945309E+05   6.2510832E+05   0.0000000E+00   0.0000000E+00   0.0000000E+00
   4.6376812E-01   3.9840374E+05   2.0094230E+05   5.9927500E+05   0.0000000E+00   0.0000000E+00   0.0000000E+00
   4.7826087E-01   3.8665236E+05   1.9496794E+05   5.8157439E+05   0.0000000E+00   0.0000000E+00   0.0000000E+00
   4.9275362E-01   3.7565910E+05   1.9028105E+05   5.6591787E+05   0.0000000E+00   0.0000000E+00   0.0000000E+00
   5.0724638E-01   3.6046617E+05   1.8237640E+05   5.4282091E+05   0.0000000E+00   0.0000000E+00   0.0000000E+00
   5.2173913E-01   3.5300005E+05   1.7568967E+05   5.2856343E+05   0.0000000E+00   0.0000000E+00   0.0000000E+00
   5.3623188E-01   3.3854446E+05   1.6954870E+05   5.0794981E+05   0.0000000E+00   0.0000000E+00   0.0000000E+00
   5.5072464E-01   3.2159940E+05   1.6081964E+05   4.8239910E+05   0.0000000E+00   0.0000000E+00   0.0000000E+00
   5.6521739E-01   3.0694164E+05   1.5486972E+05   4.6179194E+05   0.0000000E+00   0.0000000E+00   0.0000000E+00
   5.7971014E-01   2.9782840E+05   1.4864899E+05   4.4643951E+05   0.0000000E+00   0.0000000E+00   0.0000000E+00
   5.9420290E-01   2.8368922E+05   1.4084662E+05   4.2451736E+05   0.0000000E+00   0.0000000E+00   0.0000000E+00
   6.0869565E-01   2.6872590E+05   1.3653693E+05   4.0524480E+05   0.0000000E+00   0.0000000E+00   0.0000000E+00
   6.2318841E-01   2.5389465E+05   1.2618959E+05   3.8003138E+05   0.0000000E+00   0.0000000E+00   0.0000000E+00
   6.3768116E-01   2.4058140E+05   1.2161674E+05   3.6216369E+05   0.0000000E+00   0.0000000E+00   0.0000000E+00
   6.5217391E-01   2.2696739E+05   1.1398044E+05   3.4093099E+05   3.1622627E-05   0.0000000E+00   2.1052076E-05
   6.6666667E-01   2.1656444E+05   1.0700560E+05   3.2355356E+05   0.0000000E+00   0.0000000E+00   0.0000000E+00
   6.8115942E-01   2.0007473E+05   9.8392915E+04   2.9846764E+05   0.0000000E+00   7.8640000E-10   2.5924481E-10
   6.9565217E-01   1.9110751E+05   9.6674572E+04   2.8773472E+05   0.0000000E+00   0.0000000E+00   0.0000000E+00
   7.1014493E-01   1.7506810E+05   8.8485088E+04   2.6350680E+05   0.0000000E+00   0.0000000E+00   0.0000000E+00
   7.2463768E-01   1.6564124E+05   8.5033211E+04   2.5065930E+05   0.0000000E+00   0.0000000E+00   0.0000000E+00
   7.3913043E-01   1.5393941E+05   7.9146340E+04   2.3307089E+05   0.0000000E+00   0.0000000E+00   0.0000000E+00
   7.5362319E-01   1.4453827E+05   7.3092446E+04   2.1761615E+05   0.0000000E+00   0.0000000E+00   0.0000000E+00
   7.6811594E-01   1.3397642E+05   6.6752313E+04   2.0070014E+05   0.0000000E+00   0.0000000E+00   0.0000000E+00
   7.8260870E-01   1.2554574E+05   6.1699411E+04   1.8723112E+05   0.0000000E+00   0.0000000E+00   0.0000000E+00
   7.9710145E-01   1.1612659E+05   5.7381333E+04   1.7349415E+05   0.0000000E+00   0.0000000E+00   0.0000000E+00
   8.1159420E-01   1.0376933E+05   5.4435262E+04   1.5820459E+05   0.0000000E+00   0.0000000E+00   0.0000000E+00
   8.2608696E-01   9.8000611E+04   5.0183438E+04   1.4817076E+05   0.0000000E+00   0.0000000E+00   0.0000000E+00
   8.4057971E-01   8.7740682E+04   4.3961792E+04   1.3170247E+05   0.0000000E+00   0.0000000E+00   0.0000000E+00
   8.5507246E-01   8.0602634E+04   3.9928870E+04   1.2053150E+05   0.0000000E+00   0.0000000E+00   0.0000000E+00
   8.6956522E-01   7.3134219E+04   3.6358732E+04   1.0949295E+05   0.0000000E+00   0.0000000E+00   0.0000000E+00
   8.8405797E-01   6.4618791E+04   3.2346661E+04   9.6953030E+04   0.0000000E+00   0.0000000E+00   0.0000000E+00
   8.9855072E-01   5.8907916E+04   2.9013982E+04   8.7909677E+04   0.0000000E+00   0.0000000E+00   0.0000000E+00
   9.1304348E-01   5.0142924E+04   2.4512180E+04   7.4655105E+04   0.0000000E+00   0.0000000E+00   0.0000000E+00
   9.2753623E-01   4.2516132E+04   2.1500778E+04   6.4016910E+04   0.0000000E+00   0.0000000E+00   0.0000000E+00
   9.4202899E-01   3.5578652E+04   1.7486231E+04   5.3064883E+04   0.0000000E+00   0.0000000E+00   0.0000000E+00
   9.5652174E-01   2.7680351E+04   1.4465882E+04   4.2146233E+04   0.0000000E+00   0.0000000E+00   0.0000000E+00
   9.7101449E-01   1.9226155E+04   9.7035534E+03   2.8929708E+04   0.0000000E+00   0.0000000E+00   0.0000000E+00
   9.8550725E-01   6.3181868E+03   3.6661084E+03   9.9842951E+03   0.0000000E+00   0.0000000E+00   0.0000000E+00
   1.0000000E+00   0.0000000E+00   0.0000000E+00   0.0000000E+00   0.0000000E+00   0.0000000E+00   0.0000000E+00
