   0.0000000E+00   3.9402308E+05   1.7579491E+05   5.6981799E+05   0.0000000E+00   0.0000000E+00   0.0000000E+00
   1.4492754E-02   3.3188867E+05   1.6064018E+05   4.9252884E+05   0.0000000E+00   0.0000000E+00   0.0000000E+00
   2.8985507E-02   3.5196869E+05   1.7996246E+05   5.3193115E+05   0.0000000E+00   0.0000000E+00   0.0000000E+00
   4.3478261E-02   3.6447135E+05   1.5382055E+05   5.1829189E+05   0.0000000E+00   0.0000000E+00   0.0000000E+00
   5.7971014E-02   3.4230755E+05   1.7030132E+05   5.1260887E+05   0.0000000E+00   0.0000000E+00   0.0000000E+00
   7.2463768E-02   3.4946816E+05   1.7943205E+05   5.2890021E+05   0.0000000E+00   0.0000000E+00   0.0000000E+00
   8.6956522E-02   3.5676769E+05   1.7857328E+05   5.3534097E+05   0.0000000E+00   0.0000000E+00   0.0000000E+00
   1.0144928E-01   3.6555383E+05   1.7936710E+05   5.4492092E+05   0.0000000E+00   0.0000000E+00   0.0000000E+00
   1.1594203E-01   3.6920720E+05   1.8356171E+05   5.5276891E+05   0.0000000E+00   0.0000000E+00   0.0000000E+00
   1.3043478E-01   3.8080478E+05   1.8707677E+05   5.6788155E+05   0.0000000E+00   0.0000000E+00   0.0000000E+00
   1.4492754E-01   3.7826215E+05   1.9110119E+05   5.6936334E+05   0.0000000E+00   0.0000000E+00   0.0000000E+00
   1.5942029E-01   3.9126767E+05   1.9267177E+05   5.8393944E+05   0.0000000E+00   0.0000000E+00   0.0000000E+00
   1.7391304E-01   3.9055012E+05   1.9505405E+05   5.8560417E+05   0.0000000E+00   0.0000000E+00   0.0000000E+00
   1.8840580E-01   3.9950209E+05   2.0033392E+05   5.9983602E+05   0.0000000E+00   0.0000000E+00   0.0000000E+00
   2.0289855E-01   4.0939431E+05   2.0518427E+05   6.1452445E+05   0.0000000E+00   0.0000000E+00   0.0000000E+00
   2.1739130E-01   4.1897787E+05   2.0761985E+05   6.2659772E+05   0.0000000E+00   0.0000000E+00   0.0000000E+00
   2.3188406E-01   4.2627424E+05   2.1728099E+05   6.4355524E+05   0.0000000E+00   0.0000000E+00   0.0000000E+00
   2.4637681E-01   4.3101845E+05   2.1029422E+05   6.4135724E+05   0.0000000E+00   0.0000000E+00   0.0000000E+00
   2.6086957E-01   4.3999243E+05   2.2361651E+05   6.6356685E+05   0.0000000E+00   0.0000000E+00   0.0000000E+00
   2.7536232E-01   4.4439262E+05   2.1950435E+05   6.6385710E+05   0.0000000E+00   0.0000000E+00   0.0000000E+00
   2.8985507E-01   4.4831491E+05   2.2709368E+05   6.7540859E+05   0.0000000E+00   0.0000000E+00   0.0000000E+00
   3.0434783E-01   4.5738430E+05   2.2594986E+05   6.8318983E+05   0.0000000E+00   0.0000000E+00   0.0000000E+00
   3.1884058E-01   4.5264434E+05   2.2632217E+05   6.7889763E+05   0.0000000E+00   0.0000000E+00   0.0000000E+00
   3.3333333E-01   4.5513619E+05   2.2880353E+05   6.8390677E+05   0.0000000E+00   0.0000000E+00   0.0000000E+00
   3.4782609E-01   4.5776767E+05   2.2249043E+05   6.8022654E+05   0.0000000E+00   0.0000000E+00   0.0000000E+00
   3.6231884E-01   4.4745867E+05   2.2265335E+05   6.7005139E+05   0.0000000E+00   0.0000000E+00   0.0000000E+00
   3.7681159E-01   4.4939614E+05   2.2618440E+05   6.7555140E+05   0.0000000E+00   0.0000000E+00   0.0000000E+00
   3.9130435E-01   4.4150791E+05   2.2372877E+05   6.6520862E+05   0.0000000E+00   0.0000000E+00   0.0000000E+00
   4.0579710E-01   4.3623983E+05   2.1581964E+05   6.5200535E+05   0.0000000E+00   0.0000000E+00   0.0000000E+00
   4.2028986E-01   4.2987186E+05   2.1543238E+05   6.4519972E+05   0.0000000E+00   0.0000000E+00   0.0000000E+00
   4.3478261E-01   4.1847271E+05   2.1034770E+05   6.2874464E+05   0.0000000E+00   0.0000000E+00   0.0000000E+00
   4.4927536E-01   4.1445752E+05   2.0605549E+05   6.2051301E+05   0.0000000E+00   0.0000000E+00   0.0000000E+00
   4.6376812E-01   4.0233450E+05   2.0314447E+05   6.0543161E+05   0.0000000E+00   0.0000000E+00   0.0000000E+00
   4.7826087E-01   3.9464304E+05   1.9430206E+05   5.8889917E+05   0.0000000E+00   0.0000000E+00   0.0000000E+00
   4.9275362E-01   3.8203301E+05   1.9101650E+05   5.7300494E+05   0.0000000E+00   0.0000000E+00   0.0000000E+00
   5.0724638E-01   3.7007860E+05   1.8477950E+05   5.5483645E+05   0.0000000E+00   0.0000000E+00   0.0000000E+00
   5.2173913E-01   3.5106362E+05   1.7444782E+05   5.2551144E+05   0.0000000E+00   0.0000000E+00   0.0000000E+00
   5.3623188E-01   3.3620981E+05   1.7163760E+05   5.0780645E+05   0.0000000E+00   0.0000000E+00   0.0000000E+00
   5.5072464E-01   3.2568719E+05   1.6486755E+05   4.9049492E+05   0.0000000E+00   0.0000000E+00   0.0000000E+00
   5.6521739E-01   3.1420814E+05   1.5417027E+05   4.6833956E+05   0.0000000E+00   0.0000000E+00   0.0000000E+00
   5.7971014E-01   2.9475957E+05   1.4936884E+05   4.4403370E+05   0.0000000E+00   0.0000000E+00   0.0000000E+00
   5.9420290E-01   2.8128664E+05   1.4058788E+05   4.2185604E+05   0.0000000E+00   0.0000000E+00   0.0000000E+00
   6.0869565E-01   2.7130582E+05   1.3043896E+05   4.0170869E+05   0.0000000E+00   0.0000000E+00   0.0000000E+00
   6.2318841E-01   2.4936586E+05   1.2698257E+05   3.7634843E+05   0.0000000E+00   0.0000000E+00   0.0000000E+00
   6.3768116E-01   2.3984088E+05   1.2085900E+05   3.6068266E+05   0.0000000E+00   0.0000000E+00   0.0000000E+00
   6.5217391E-01   2.2562031E+05   1.1108420E+05   3.3665399E+05   0.0000000E+00   0.0000000E+00   0.0000000E+00
   6.6666667E-01   2.1379705E+05   1.0611608E+05   3.1986372E+05   0.0000000E+00   0.0000000E+00   0.0000000E+00
   6.8115942E-01   2.0412137E+05   1.0272975E+05   3.0685111E+05   0.0000000E+00   0.0000000E+00   0.0000000E+00
   6.9565217E-01   1.8577178E+05   9.4385576E+04   2.8012578E+05   0.0000000E+00   0.0000000E+00   0.0000000E+00
   7.1014493E-01   1.7550109E+05   8.9165504E+04   2.6465113E+05   0.0000000E+00   0.0000000E+00   0.0000000E+00
   7.2463768E-01   1.6618681E+05   8.2729691E+04   2.4891650E+05   0.0000000E+00   0.0000000E+00   0.0000000E+00
   7.3913043E-01   1.5428113E+05   7.6145108E+04   2.3042624E+05   0.0000000E+00   0.0000000E+00   0.0000000E+00
   7.5362319E-01   1.4574774E+05   7.2305566E+04   2.1803873E+05   0.0000000E+00   0.0000000E+00   0.0000000E+00
   7.6811594E-01   1.3516307E+05   6.5379809E+04   2.0052858E+05   0.0000000E+00   0.0000000E+00   0.0000000E+00
   7.8260870E-01   1.2457752E+05   6.2625534E+04   1.8720306E+05   0.0000000E+00   0.0000000E+00   0.0000000E+00
   7.9710145E-01   1.1477644E+05   5.8304394E+04   1.7306706E+05   0.0000000E+00   0.0000000E+00   0.0000000E+00
   8.1159420E-01   1.0838341E+05   5.3447498E+04   1.6183091E+05   0.0000000E+00   0.0000000E+00   0.0000000E+00
   8.2608696E-01   9.7947437E+04   4.7378483E+04   1.4532592E+05   0.0000000E+00   0.0000000E+00   0.0000000E+00
   8.4057971E-01   8.9648088E+04   4.2916638E+04   1.3256473E+05   0.0000000E+00   0.0000000E+00   0.0000000E+00
   8.5507246E-01   7.9883427E+04   4.0134358E+04   1.1997926E+05   0.0000000E+00   0.0000000E+00   0.0000000E+00
   8.6956522E-01   7.3904585E+04   3.6813374E+04   1.1071796E+05   0.0000000E+00   0.0000000E+00   0.0000000E+00
   8.8405797E-01   6.4059805E+04   3.2843538E+04   9.6903342E+04   0.0000000E+00   0.0000000E+00   0.0000000E+00
   8.9855072E-01   5.7966856E+04   2.9392850E+04   8.7359707E+04   0.0000000E+00   0.0000000E+00   0.0000000E+00
   9.1304348E-01   5.0491724E+04   2.5089504E+04   7.5569200E+04   0.0000000E+00   0.0000000E+00   0.0000000E+00
   9.2753623E-01   4.2255660E+04   2.0529928E+04   6.2785588E+04   0.0000000E+00   0.0000000E+00   0.0000000E+00
   9.4202899E-01   3.5636939E+04   1.7253081E+04   5.2890021E+04   0.0000000E+00   0.0000000E+00   0.0000000E+00
   9.5652174E-01   2.7014461E+04   1.4006648E+04   4.1021109E+04   0.0000000E+00   0.0000000E+00   0.0000000E+00
   9.7101449E-01   1.8196990E+04   9.4773633E+03   2.7674353E+04   0.0000000E+00   0.0000000E+00   0.0000000E+00
   9.8550725E-01   6.9199188E+03   2.8080830E+03   9.7280018E+03   0.0000000E+00   0.0000000E+00   0.0000000E+00
   1.0000000E+00   0.0000000E+00   0.0000000E+00   0.0000000E+00   0.0000000E+00   0.0000000E+00   0.0000000E+00
