   0.0000000E+00   3.5158982E+05   1.4548544E+05   4.9707526E+05   0.0000000E+00   0.0000000E+00   0.0000000E+00
   1.4492754E-02   3.4628566E+05   1.6518660E+05   5.1147226E+05   0.0000000E+00   0.0000000E+00   0.0000000E+00
   2.8985507E-02   3.4969548E+05   1.7806812E+05   5.2776360E+05   0.0000000E+00   0.0000000E+00   0.0000000E+00
   4.3478261E-02   3.5563108E+05   1.7427944E+05   5.2991052E+05   0.0000000E+00   0.0000000E+00   0.0000000E+00
   5.7971014E-02   3.5386303E+05   1.7617378E+05   5.3003681E+05   0.0000000E+00   0.0000000E+00   0.0000000E+00
   7.2463768E-02   3.6371361E+05   1.7715884E+05   5.4087245E+05   0.0000000E+00   0.0000000E+00   0.0000000E+00
   8.6956522E-02   3.5449448E+05   1.7604749E+05   5.3054197E+05   0.0000000E+00   0.0000000E+00   0.0000000E+00
   1.0144928E-01   3.5970843E+05   1.8553724E+05   5.4524567E+05   0.0000000E+00   0.0000000E+00   0.0000000E+00
   1.1594203E-01   3.6702871E+05   1.8356171E+05   5.5049570E+05   0.0000000E+00   0.0000000E+00   0.0000000E+00
   1.3043478E-01   3.7137517E+05   1.8901321E+05   5.6038837E+05   0.0000000E+00   0.0000000E+00   0.0000000E+00
   1.4492754E-01   3.8349054E+05   1.9375327E+05   5.7724381E+05   0.0000000E+00   0.0000000E+00   0.0000000E+00
   1.5942029E-01   3.8410361E+05   1.9005414E+05   5.7408887E+05   0.0000000E+00   0.0000000E+00   0.0000000E+00
   1.7391304E-01   3.9970610E+05   1.9960047E+05   5.9930657E+05   0.0000000E+00   0.0000000E+00   0.0000000E+00
   1.8840580E-01   4.0340735E+05   2.0004248E+05   6.0339155E+05   0.0000000E+00   0.0000000E+00   0.0000000E+00
   2.0289855E-01   4.1767529E+05   2.0350642E+05   6.2118171E+05   0.0000000E+00   0.0000000E+00   0.0000000E+00
   2.1739130E-01   4.2094799E+05   2.1499516E+05   6.3584211E+05   0.0000000E+00   0.0000000E+00   0.0000000E+00
   2.3188406E-01   4.2030707E+05   2.1609703E+05   6.3640410E+05   0.0000000E+00   0.0000000E+00   0.0000000E+00
   2.4637681E-01   4.3560945E+05   2.1386004E+05   6.4942491E+05   0.0000000E+00   0.0000000E+00   0.0000000E+00
   2.6086957E-01   4.3510924E+05   2.1603915E+05   6.5114839E+05   0.0000000E+00   0.0000000E+00   0.0000000E+00
   2.7536232E-01   4.3992597E+05   2.2452934E+05   6.6441543E+05   0.0000000E+00   0.0000000E+00   0.0000000E+00
   2.8985507E-01   4.4797393E+05   2.2016039E+05   6.6813432E+05   0.0000000E+00   0.0000000E+00   0.0000000E+00
   3.0434783E-01   4.4861620E+05   2.2389315E+05   6.7240110E+05   0.0000000E+00   0.0000000E+00   0.0000000E+00
   3.1884058E-01   4.5450424E+05   2.2411785E+05   6.7851876E+05   0.0000000E+00   0.0000000E+00   0.0000000E+00
   3.3333333E-01   4.5114983E+05   2.2959422E+05   6.8067816E+05   5.4965985E-06   0.0000000E+00   3.6431160E-06
   3.4782609E-01   4.5328440E+05   2.2719472E+05   6.8044754E+05   0.0000000E+00   0.0000000E+00   0.0000000E+00
   3.6231884E-01   4.5506634E+05   2.2159252E+05   6.7647700E+05   0.0000000E+00   0.0000000E+00   0.0000000E+00
   3.7681159E-01   4.5123220E+05   2.2603868E+05   6.7727088E+05   0.0000000E+00   0.0000000E+00   0.0000000E+00
   3.9130435E-01   4.4445466E+05   2.1752656E+05   6.6189703E+05   0.0000000E+00   0.0000000E+00   0.0000000E+00
   4.0579710E-01   4.3908135E+05   2.1698331E+05   6.5606466E+05   0.0000000E+00   0.0000000E+00   0.0000000E+00
   4.2028986E-01   4.2937541E+05   2.1660818E+05   6.4587907E+05   0.0000000E+00   0.0000000E+00   0.0000000E+00
   4.3478261E-01   4.2306965E+05   2.1024667E+05   6.3321529E+05   0.0000000E+00   0.0000000E+00   0.0000000E+00
   4.4927536E-01   4.1189100E+05   2.0153351E+05   6.1340007E+05   0.0000000E+00   0.0000000E+00   0.0000000E+00
   4.6376812E-01   4.0077167E+05   1.9978201E+05   6.0048264E+05   0.0000000E+00   0.0000000E+00   0.0000000E+00
   4.7826087E-01   3.8855819E+05   1.9822851E+05   5.8674077E+05   0.0000000E+00   0.0000000E+00   0.0000000E+00
   4.9275362E-01   3.7944779E+05   1.9057078E+05   5.6997399E+05   0.0000000E+00   0.0000000E+00   0.0000000E+00
   5.0724638E-01   3.6332392E+05   1.8389187E+05   5.4715083E+05   0.0000000E+00   0.0000000E+00   0.0000000E+00
   5.2173913E-01   3.5089523E+05   1.7888900E+05   5.2976318E+05   0.0000000E+00   0.0000000E+00   0.0000000E+00
   5.3623188E-01   3.3891309E+05   1.7260013E+05   5.1147226E+05   0.0000000E+00   0.0000000E+00   0.0000000E+00
   5.5072464E-01   3.2588660E+05   1.6117857E+05   4.8704522E+05   0.0000000E+00   0.0000000E+00   0.0000000E+00
   5.6521739E-01   3.1261496E+05   1.5523887E+05   4.6779554E+05   0.0000000E+00   0.0000000E+00   0.0000000E+00
   5.7971014E-01   2.9237270E+05   1.4599692E+05   4.3835067E+05   0.0000000E+00   0.0000000E+00   0.0000000E+00
   5.9420290E-01   2.8112031E+05   1.3947899E+05   4.2054386E+05   0.0000000E+00   0.0000000E+00   0.0000000E+00
   6.0869565E-01   2.6688568E+05   1.3466063E+05   4.0154632E+05   0.0000000E+00   0.0000000E+00   0.0000000E+00
   6.2318841E-01   2.5847632E+05   1.2855091E+05   3.8702723E+05   1.9973000E-05   0.0000000E+00   1.3338978E-05
   6.3768116E-01   2.3705103E+05   1.2060068E+05   3.5765171E+05   0.0000000E+00   0.0000000E+00   0.0000000E+00
   6.5217391E-01   2.2881964E+05   1.1403095E+05   3.4278324E+05   0.0000000E+00   0.0000000E+00   0.0000000E+00
   6.6666667E-01   2.1747043E+05   1.0776333E+05   3.2523376E+05   0.0000000E+00   0.0000000E+00   0.0000000E+00
   6.8115942E-01   2.0154184E+05   1.0158508E+05   3.0311080E+05   0.0000000E+00   0.0000000E+00   0.0000000E+00
   6.9565217E-01   1.8962361E+05   9.3501550E+04   2.8309358E+05   0.0000000E+00   0.0000000E+00   0.0000000E+00
   7.1014493E-01   1.7683100E+05   9.0711906E+04   2.6754291E+05   0.0000000E+00   0.0000000E+00   0.0000000E+00
   7.2463768E-01   1.6473196E+05   8.2184121E+04   2.4691608E+05   0.0000000E+00   0.0000000E+00   0.0000000E+00
   7.3913043E-01   1.5527659E+05   7.8908618E+04   2.3417035E+05   0.0000000E+00   0.0000000E+00   0.0000000E+00
   7.5362319E-01   1.4640347E+05   7.1416682E+04   2.1782015E+05   0.0000000E+00   0.0000000E+00   0.0000000E+00
   7.6811594E-01   1.3517737E+05   6.5980279E+04   2.0115764E+05   0.0000000E+00   0.0000000E+00   0.0000000E+00
   7.8260870E-01   1.2369350E+05   6.1727475E+04   1.8542097E+05   0.0000000E+00   0.0000000E+00   0.0000000E+00
   7.9710145E-01   1.1410137E+05   5.7808420E+04   1.7190979E+05   0.0000000E+00   0.0000000E+00   0.0000000E+00
   8.1159420E-01   1.0517656E+05   5.3636932E+04   1.5879996E+05   0.0000000E+00   0.0000000E+00   0.0000000E+00
   8.2608696E-01   9.6431963E+04   4.8322331E+04   1.4475429E+05   0.0000000E+00   0.0000000E+00   0.0000000E+00
   8.4057971E-01   8.9883248E+04   4.4719529E+04   1.3460278E+05   0.0000000E+00   0.0000000E+00   0.0000000E+00
   8.5507246E-01   8.0885180E+04   3.9338093E+04   1.2022327E+05   0.0000000E+00   0.0000000E+00   0.0000000E+00
   8.6956522E-01   7.2414369E+04   3.5941977E+04   1.0835635E+05   0.0000000E+00   0.0000000E+00   0.0000000E+00
   8.8405797E-01   6.4196446E+04   3.1887050E+04   9.6083496E+04   0.0000000E+00   0.0000000E+00   0.0000000E+00
   8.9855072E-01   5.7661317E+04   2.8488455E+04   8.6149772E+04   0.0000000E+00   0.0000000E+00   0.0000000E+00
   9.1304348E-01   5.1345681E+04   2.4873007E+04   7.6218688E+04   0.0000000E+00   0.0000000E+00   0.0000000E+00
   9.2753623E-01   4.1308489E+04   2.0802240E+04   6.2110729E+04   0.0000000E+00   0.0000000E+00   0.0000000E+00
   9.4202899E-01   3.6289758E+04   1.7649436E+04   5.3939194E+04   0.0000000E+00   0.0000000E+00   0.0000000E+00
   9.5652174E-01   2.7921449E+04   1.3294835E+04   4.1216283E+04   0.0000000E+00   0.0000000E+00   0.0000000E+00
   9.7101449E-01   1.8977346E+04   9.7601009E+03   2.8737446E+04   0.0000000E+00   0.0000000E+00   0.0000000E+00
   9.8550725E-01   6.5076209E+03   3.5881061E+03   1.0095727E+04   0.0000000E+00   0.0000000E+00   0.0000000E+00
   1.0000000E+00   0.0000000E+00   0.0000000E+00   0.0000000E+00   0.0000000E+00   0.0000000E+00   0.0000000E+00
