   0.0000000E+00   2.9097089E+05   1.7579491E+05   4.6676580E+05   0.0000000E+00   0.0000000E+00   0.0000000E+00
   1.4492754E-02   3.4704340E+05   1.5003186E+05   4.9707526E+05   0.0000000E+00   0.0000000E+00   0.0000000E+00
   2.8985507E-02   3.5272643E+05   1.6745981E+05   5.2018623E+05   0.0000000E+00   0.0000000E+00   0.0000000E+00
   4.3478261E-02   3.4780114E+05   1.8463517E+05   5.3243631E+05   0.0000000E+00   0.0000000E+00   0.0000000E+00
   5.7971014E-02   3.4647510E+05   1.7825755E+05   5.2473265E+05   0.0000000E+00   0.0000000E+00   0.0000000E+00
   7.2463768E-02   3.5643934E+05   1.7412789E+05   5.3056723E+05   0.0000000E+00   0.0000000E+00   0.0000000E+00
   8.6956522E-02   3.5045322E+05   1.8173051E+05   5.3218373E+05   0.0000000E+00   0.0000000E+00   0.0000000E+00
   1.0144928E-01   3.6198164E+05   1.8683622E+05   5.4881786E+05   0.0000000E+00   0.0000000E+00   0.0000000E+00
   1.1594203E-01   3.7451136E+05   1.8555077E+05   5.6006213E+05   0.0000000E+00   0.0000000E+00   0.0000000E+00
   1.3043478E-01   3.6270329E+05   1.8084649E+05   5.4354978E+05   0.0000000E+00   0.0000000E+00   0.0000000E+00
   1.4492754E-01   3.7750442E+05   1.9966362E+05   5.7716803E+05   0.0000000E+00   0.0000000E+00   0.0000000E+00
   1.5942029E-01   3.8761676E+05   1.9218958E+05   5.7973745E+05   0.0000000E+00   0.0000000E+00   0.0000000E+00
   1.7391304E-01   3.8423564E+05   1.9694839E+05   5.8118404E+05   0.0000000E+00   0.0000000E+00   0.0000000E+00
   1.8840580E-01   4.0713775E+05   1.9642866E+05   6.0350813E+05   0.0000000E+00   0.0000000E+00   0.0000000E+00
   2.0289855E-01   4.0825770E+05   2.0946007E+05   6.1771777E+05   0.0000000E+00   0.0000000E+00   0.0000000E+00
   2.1739130E-01   4.1806859E+05   2.1221679E+05   6.3023486E+05   0.0000000E+00   0.0000000E+00   0.0000000E+00
   2.3188406E-01   4.2220141E+05   2.2092760E+05   6.4312901E+05   0.0000000E+00   0.0000000E+00   0.0000000E+00
   2.4637681E-01   4.3311337E+05   2.1038336E+05   6.4349674E+05   0.0000000E+00   0.0000000E+00   0.0000000E+00
   2.6086957E-01   4.3557230E+05   2.1780720E+05   6.5333741E+05   0.0000000E+00   0.0000000E+00   0.0000000E+00
   2.7536232E-01   4.4188013E+05   2.2213649E+05   6.6397674E+05   0.0000000E+00   0.0000000E+00   0.0000000E+00
   2.8985507E-01   4.4422313E+05   2.2224417E+05   6.6646730E+05   0.0000000E+00   0.0000000E+00   0.0000000E+00
   3.0434783E-01   4.5049250E+05   2.2887256E+05   6.7925681E+05   0.0000000E+00   0.0000000E+00   0.0000000E+00
   3.1884058E-01   4.5746630E+05   2.2769987E+05   6.8513173E+05   0.0000000E+00   0.0000000E+00   0.0000000E+00
   3.3333333E-01   4.5572920E+05   2.2896826E+05   6.8466451E+05   0.0000000E+00   0.0000000E+00   0.0000000E+00
   3.4782609E-01   4.5126377E+05   2.2410062E+05   6.7530125E+05   0.0000000E+00   0.0000000E+00   0.0000000E+00
   3.6231884E-01   4.5233849E+05   2.2553275E+05   6.7778031E+05   0.0000000E+00   0.0000000E+00   0.0000000E+00
   3.7681159E-01   4.4636519E+05   2.2752501E+05   6.7386106E+05   0.0000000E+00   0.0000000E+00   0.0000000E+00
   3.9130435E-01   4.4476337E+05   2.2594585E+05   6.7070922E+05   0.0000000E+00   0.0000000E+00   0.0000000E+00
   4.0579710E-01   4.4522443E+05   2.1755161E+05   6.6269485E+05   0.0000000E+00   0.0000000E+00   0.0000000E+00
   4.2028986E-01   4.2806897E+05   2.1389078E+05   6.4193362E+05   0.0000000E+00   0.0000000E+00   0.0000000E+00
   4.3478261E-01   4.2142789E+05   2.1279772E+05   6.3420035E+05   0.0000000E+00   0.0000000E+00   0.0000000E+00
   4.4927536E-01   4.0974000E+05   2.0810871E+05   6.1782427E+05   0.0000000E+00   0.0000000E+00   0.0000000E+00
   4.6376812E-01   4.0119789E+05   2.0087126E+05   6.0202180E+05   0.0000000E+00   0.0000000E+00   0.0000000E+00
   4.7826087E-01   3.8800711E+05   1.9533533E+05   5.8327355E+05   0.0000000E+00   0.0000000E+00   0.0000000E+00
   4.9275362E-01   3.7980437E+05   1.8849814E+05   5.6825794E+05   0.0000000E+00   0.0000000E+00   0.0000000E+00
   5.0724638E-01   3.6847652E+05   1.8668467E+05   5.5513954E+05   0.0000000E+00   0.0000000E+00   0.0000000E+00
   5.2173913E-01   3.4853783E+05   1.7556338E+05   5.2403806E+05   0.0000000E+00   0.0000000E+00   0.0000000E+00
   5.3623188E-01   3.3635317E+05   1.6813563E+05   5.0440688E+05   0.0000000E+00   0.0000000E+00   0.0000000E+00
   5.5072464E-01   3.2540802E+05   1.6325237E+05   4.8864046E+05   0.0000000E+00   0.0000000E+00   0.0000000E+00
   5.6521739E-01   3.1183779E+05   1.5383998E+05   4.6561948E+05   0.0000000E+00   0.0000000E+00   0.0000000E+00
   5.7971014E-01   2.9593406E+05   1.4758816E+05   4.4350328E+05   0.0000000E+00   0.0000000E+00   0.0000000E+00
   5.9420290E-01   2.7925369E+05   1.4173372E+05   4.2096893E+05   0.0000000E+00   0.0000000E+00   0.0000000E+00
   6.0869565E-01   2.7049395E+05   1.3579724E+05   4.0620099E+05   0.0000000E+00   0.0000000E+00   0.0000000E+00
   6.2318841E-01   2.5717231E+05   1.2840994E+05   3.8556462E+05   0.0000000E+00   0.0000000E+00   0.0000000E+00
   6.3768116E-01   2.4025419E+05   1.1937797E+05   3.5961494E+05   0.0000000E+00   0.0000000E+00   0.0000000E+00
   6.5217391E-01   2.2828081E+05   1.1142097E+05   3.3965126E+05   0.0000000E+00   0.0000000E+00   0.0000000E+00
   6.6666667E-01   2.1470304E+05   1.0799395E+05   3.2268052E+05   0.0000000E+00   0.0000000E+00   0.0000000E+00
   6.8115942E-01   1.9952658E+05   1.0081122E+05   3.0032168E+05   0.0000000E+00   0.0000000E+00   0.0000000E+00
   6.9565217E-01   1.8946574E+05   9.3501550E+04   2.8295151E+05   0.0000000E+00   0.0000000E+00   0.0000000E+00
   7.1014493E-01   1.7448047E+05   8.9969633E+04   2.6445010E+05   0.0000000E+00   0.0000000E+00   0.0000000E+00
   7.2463768E-01   1.6736888E+05   8.2517525E+04   2.4988640E+05   0.0000000E+00   0.0000000E+00   0.0000000E+00
   7.3913043E-01   1.5356797E+05   7.8314315E+04   2.3188228E+05   0.0000000E+00   0.0000000E+00   0.0000000E+00
   7.5362319E-01   1.4380968E+05   7.3617033E+04   2.1742671E+05   0.0000000E+00   0.0000000E+00   0.0000000E+00
   7.6811594E-01   1.3323298E+05   6.8310677E+04   2.0154366E+05   0.0000000E+00   0.0000000E+00   0.0000000E+00
   7.8260870E-01   1.2537736E+05   6.3355206E+04   1.8873256E+05   0.0000000E+00   0.0000000E+00   0.0000000E+00
   7.9710145E-01   1.1348140E+05   5.9241232E+04   1.7270886E+05   0.0000000E+00   0.0000000E+00   0.0000000E+00
   8.1159420E-01   1.0652966E+05   5.1701998E+04   1.5823166E+05   0.0000000E+00   0.0000000E+00   0.0000000E+00
   8.2608696E-01   9.7894262E+04   4.9438995E+04   1.4733326E+05   0.0000000E+00   0.0000000E+00   0.0000000E+00
   8.4057971E-01   8.8485355E+04   4.4601949E+04   1.3308730E+05   0.0000000E+00   0.0000000E+00   0.0000000E+00
   8.5507246E-01   7.9536666E+04   3.9672010E+04   1.1920868E+05   0.0000000E+00   0.0000000E+00   0.0000000E+00
   8.6956522E-01   7.3298395E+04   3.7230129E+04   1.1052852E+05   0.0000000E+00   0.0000000E+00   0.0000000E+00
   8.8405797E-01   6.4519415E+04   3.3303148E+04   9.7822564E+04   0.0000000E+00   0.0000000E+00   0.0000000E+00
   8.9855072E-01   5.7001353E+04   2.8549563E+04   8.5550916E+04   0.0000000E+00   0.0000000E+00   0.0000000E+00
   9.1304348E-01   4.9288967E+04   2.4500153E+04   7.3789120E+04   0.0000000E+00   0.0000000E+00   0.0000000E+00
   9.2753623E-01   4.2066226E+04   2.1583656E+04   6.3649881E+04   0.0000000E+00   0.0000000E+00   0.0000000E+00
   9.4202899E-01   3.5322187E+04   1.7556176E+04   5.2878363E+04   0.0000000E+00   0.0000000E+00   0.0000000E+00
   9.5652174E-01   2.7324444E+04   1.3421124E+04   4.0745568E+04   0.0000000E+00   0.0000000E+00   0.0000000E+00
   9.7101449E-01   1.9554130E+04   8.8779597E+03   2.8432090E+04   0.0000000E+00   0.0000000E+00   0.0000000E+00
   9.8550725E-01   6.1956117E+03   3.2092377E+03   9.4048494E+03   0.0000000E+00   0.0000000E+00   0.0000000E+00
   1.0000000E+00   0.0000000E+00   0.0000000E+00   0.0000000E+00   0.0000000E+00   0.0000000E+00   0.0000000E+00
