   0.0000000E+00   3.0915657E+05   9.6990296E+04   4.0614686E+05   0.0000000E+00   0.0000000E+00   0.0000000E+00
   1.4492754E-02   3.2203809E+05   1.8640322E+05   5.0844132E+05   0.0000000E+00   0.0000000E+00   0.0000000E+00
   2.8985507E-02   3.5613624E+05   1.6745981E+05   5.2359605E+05   0.0000000E+00   0.0000000E+00   0.0000000E+00
   4.3478261E-02   3.5083208E+05   1.6998560E+05   5.2081768E+05   0.0000000E+00   0.0000000E+00   0.0000000E+00
   5.7971014E-02   3.5196869E+05   1.8507719E+05   5.3704587E+05   0.0000000E+00   0.0000000E+00   0.0000000E+00
   7.2463768E-02   3.6007647E+05   1.7064230E+05   5.3056723E+05   0.0000000E+00   0.0000000E+00   0.0000000E+00
   8.6956522E-02   3.5449448E+05   1.8046762E+05   5.3496210E+05   0.0000000E+00   0.0000000E+00   0.0000000E+00
   1.0144928E-01   3.4541968E+05   1.7698564E+05   5.2240532E+05   0.0000000E+00   0.0000000E+00   0.0000000E+00
   1.1594203E-01   3.6560795E+05   1.8147794E+05   5.4699117E+05   0.0000000E+00   0.0000000E+00   0.0000000E+00
   1.3043478E-01   3.7962608E+05   1.8741354E+05   5.6703962E+05   0.0000000E+00   0.0000000E+00   0.0000000E+00
   1.4492754E-01   3.7992917E+05   1.8981304E+05   5.6974221E+05   0.0000000E+00   0.0000000E+00   0.0000000E+00
   1.5942029E-01   3.7755952E+05   1.9604715E+05   5.7353778E+05   0.0000000E+00   0.0000000E+00   0.0000000E+00
   1.7391304E-01   3.9452823E+05   2.0294714E+05   5.9747538E+05   0.0000000E+00   0.0000000E+00   0.0000000E+00
   1.8840580E-01   3.9880265E+05   1.9992591E+05   5.9872856E+05   0.0000000E+00   0.0000000E+00   0.0000000E+00
   2.0289855E-01   4.1643043E+05   2.0226157E+05   6.1869200E+05   0.0000000E+00   0.0000000E+00   0.0000000E+00
   2.1739130E-01   4.2059438E+05   2.0671057E+05   6.2730494E+05   0.0000000E+00   0.0000000E+00   0.0000000E+00
   2.3188406E-01   4.2622688E+05   2.0904061E+05   6.3522013E+05   0.0000000E+00   0.0000000E+00   0.0000000E+00
   2.4637681E-01   4.2990414E+05   2.1528636E+05   6.4514593E+05   0.0000000E+00   0.0000000E+00   0.0000000E+00
   2.6086957E-01   4.4121323E+05   2.1372384E+05   6.5493707E+05   0.0000000E+00   0.0000000E+00   0.0000000E+00
   2.7536232E-01   4.4479143E+05   2.1687222E+05   6.6158389E+05   0.0000000E+00   0.0000000E+00   0.0000000E+00
   2.8985507E-01   4.4839068E+05   2.1694001E+05   6.6521703E+05   0.0000000E+00   0.0000000E+00   0.0000000E+00
   3.0434783E-01   4.5254921E+05   2.2616636E+05   6.7849908E+05   0.0000000E+00   0.0000000E+00   0.0000000E+00
   3.1884058E-01   4.5285100E+05   2.2756210E+05   6.8034421E+05   0.0000000E+00   0.0000000E+00   0.0000000E+00
   3.3333333E-01   4.5470790E+05   2.2626676E+05   6.8090877E+05   0.0000000E+00   0.0000000E+00   0.0000000E+00
   3.4782609E-01   4.5258981E+05   2.2792088E+05   6.8051069E+05   0.0000000E+00   0.0000000E+00   0.0000000E+00
   3.6231884E-01   4.5815791E+05   2.2198654E+05   6.8014445E+05   0.0000000E+00   0.0000000E+00   0.0000000E+00
   3.7681159E-01   4.4654006E+05   2.2312431E+05   6.6963522E+05   0.0000000E+00   0.0000000E+00   0.0000000E+00
   3.9130435E-01   4.4442660E+05   2.1845268E+05   6.6287928E+05   0.0000000E+00   0.0000000E+00   0.0000000E+00
   4.0579710E-01   4.3050268E+05   2.1755161E+05   6.4800017E+05   0.0000000E+00   0.0000000E+00   0.0000000E+00
   4.2028986E-01   4.2605705E+05   2.1263659E+05   6.3861525E+05   0.0000000E+00   0.0000000E+00   0.0000000E+00
   4.3478261E-01   4.1779075E+05   2.1014564E+05   6.2783536E+05   0.0000000E+00   0.0000000E+00   0.0000000E+00
   4.4927536E-01   4.1389533E+05   2.0456446E+05   6.1841091E+05   0.0000000E+00   0.0000000E+00   0.0000000E+00
   4.6376812E-01   4.0188459E+05   1.9878748E+05   6.0060104E+05   0.0000000E+00   0.0000000E+00   0.0000000E+00
   4.7826087E-01   3.9719179E+05   1.9753966E+05   5.9470849E+05   0.0000000E+00   0.0000000E+00   0.0000000E+00
   4.9275362E-01   3.7924721E+05   1.8713867E+05   5.6629674E+05   0.0000000E+00   0.0000000E+00   0.0000000E+00
   5.0724638E-01   3.6724250E+05   1.8151041E+05   5.4873126E+05   0.0000000E+00   0.0000000E+00   0.0000000E+00
   5.2173913E-01   3.5531536E+05   1.7947835E+05   5.3473057E+05   0.0000000E+00   0.0000000E+00   0.0000000E+00
   5.3623188E-01   3.3891309E+05   1.6907768E+05   5.0792933E+05   0.0000000E+00   0.0000000E+00   0.0000000E+00
   5.5072464E-01   3.2435118E+05   1.6227529E+05   4.8662647E+05   1.3803958E-06   0.0000000E+00   9.2007530E-07
   5.6521739E-01   3.0665021E+05   1.5504458E+05   4.6159764E+05   0.0000000E+00   0.0000000E+00   0.0000000E+00
   5.7971014E-01   3.0207173E+05   1.4863005E+05   4.5066389E+05   0.0000000E+00   0.0000000E+00   0.0000000E+00
   5.9420290E-01   2.7956787E+05   1.4236209E+05   4.2191148E+05   0.0000000E+00   0.0000000E+00   0.0000000E+00
   6.0869565E-01   2.6629032E+05   1.3455239E+05   4.0082466E+05   0.0000000E+00   0.0000000E+00   0.0000000E+00
   6.2318841E-01   2.5528678E+05   1.2576667E+05   3.8101820E+05   0.0000000E+00   0.0000000E+00   0.0000000E+00
   6.3768116E-01   2.3954812E+05   1.1822414E+05   3.5770338E+05   0.0000000E+00   0.0000000E+00   0.0000000E+00
   6.5217391E-01   2.2514883E+05   1.1433405E+05   3.3943236E+05   0.0000000E+00   0.0000000E+00   0.0000000E+00
   6.6666667E-01   2.1551020E+05   1.0819162E+05   3.2366887E+05   0.0000000E+00   0.0000000E+00   0.0000000E+00
   6.8115942E-01   2.0304119E+05   1.0077898E+05   3.0377180E+05   0.0000000E+00   0.0000000E+00   0.0000000E+00
   6.9565217E-01   1.9415424E+05   9.5064381E+04   2.8918705E+05   0.0000000E+00   0.0000000E+00   0.0000000E+00
   7.1014493E-01   1.8049597E+05   8.9412929E+04   2.6987797E+05   3.5708075E-05   0.0000000E+00   2.3881770E-05
   7.2463768E-01   1.6561093E+05   8.3017631E+04   2.4861341E+05   0.0000000E+00   0.0000000E+00   0.0000000E+00
   7.3913043E-01   1.5343425E+05   7.6739411E+04   2.3017366E+05   0.0000000E+00   0.0000000E+00   0.0000000E+00
   7.5362319E-01   1.4618489E+05   7.2961300E+04   2.1913162E+05   0.0000000E+00   0.0000000E+00   0.0000000E+00
   7.6811594E-01   1.3376197E+05   6.8710991E+04   2.0247296E+05   0.0000000E+00   0.0000000E+00   0.0000000E+00
   7.8260870E-01   1.2394608E+05   6.1039900E+04   1.8497194E+05   0.0000000E+00   0.0000000E+00   0.0000000E+00
   7.9710145E-01   1.1356406E+05   5.8331948E+04   1.7189601E+05   0.0000000E+00   0.0000000E+00   0.0000000E+00
   8.1159420E-01   1.0723327E+05   5.3582808E+04   1.6080255E+05   0.0000000E+00   0.0000000E+00   0.0000000E+00
   8.2608696E-01   9.6790891E+04   4.8375505E+04   1.4511322E+05   0.0000000E+00   0.0000000E+00   0.0000000E+00
   8.4057971E-01   8.8811965E+04   4.4523562E+04   1.3333553E+05   0.0000000E+00   0.0000000E+00   0.0000000E+00
   8.5507246E-01   8.0512733E+04   4.1084740E+04   1.2159747E+05   0.0000000E+00   0.0000000E+00   0.0000000E+00
   8.6956522E-01   7.2755351E+04   3.7899463E+04   1.1065481E+05   0.0000000E+00   0.0000000E+00   0.0000000E+00
   8.8405797E-01   6.4407618E+04   3.3203773E+04   9.7611391E+04   0.0000000E+00   0.0000000E+00   0.0000000E+00
   8.9855072E-01   5.8040186E+04   2.8427347E+04   8.6467533E+04   0.0000000E+00   0.0000000E+00   0.0000000E+00
   9.1304348E-01   4.9601684E+04   2.6653087E+04   7.6254771E+04   0.0000000E+00   0.0000000E+00   0.0000000E+00
   9.2753623E-01   4.1912310E+04   2.1642854E+04   6.3555164E+04   0.0000000E+00   0.0000000E+00   0.0000000E+00
   9.4202899E-01   3.5193955E+04   1.7497889E+04   5.2691843E+04   0.0000000E+00   0.0000000E+00   0.0000000E+00
   9.5652174E-01   2.8139585E+04   1.4167380E+04   4.2306965E+04   0.0000000E+00   0.0000000E+00   0.0000000E+00
   9.7101449E-01   1.9124369E+04   1.0336886E+04   2.9461255E+04   0.0000000E+00   0.0000000E+00   0.0000000E+00
   9.8550725E-01   7.0536371E+03   2.9306581E+03   9.9842951E+03   0.0000000E+00   0.0000000E+00   0.0000000E+00
   1.0000000E+00   0.0000000E+00   0.0000000E+00   0.0000000E+00   0.0000000E+00   0.0000000E+00   0.0000000E+00
