   0.0000000E+00   4.0008497E+05   1.9398059E+05   5.9406556E+05   0.0000000E+00   0.0000000E+00   0.0000000E+00
   1.4492754E-02   3.5992492E+05   1.7579491E+05   5.3571984E+05   0.0000000E+00   0.0000000E+00   0.0000000E+00
   2.8985507E-02   3.3567735E+05   1.8223567E+05   5.1791302E+05   0.0000000E+00   0.0000000E+00   0.0000000E+00
   4.3478261E-02   3.6522908E+05   1.7049075E+05   5.3571984E+05   0.0000000E+00   0.0000000E+00   0.0000000E+00
   5.7971014E-02   3.4590680E+05   1.6992245E+05   5.1582925E+05   0.0000000E+00   0.0000000E+00   0.0000000E+00
   7.2463768E-02   3.5568160E+05   1.7852276E+05   5.3420436E+05   0.0000000E+00   0.0000000E+00   0.0000000E+00
   8.6956522E-02   3.5361045E+05   1.7150107E+05   5.2511152E+05   0.0000000E+00   0.0000000E+00   0.0000000E+00
   1.0144928E-01   3.6414660E+05   1.7222272E+05   5.3636932E+05   0.0000000E+00   0.0000000E+00   0.0000000E+00
   1.1594203E-01   3.6399776E+05   1.8375115E+05   5.4774891E+05   0.0000000E+00   0.0000000E+00   0.0000000E+00
   1.3043478E-01   3.6312426E+05   1.8589807E+05   5.4902232E+05   0.0000000E+00   0.0000000E+00   0.0000000E+00
   1.4492754E-01   3.8068691E+05   1.8481198E+05   5.6549889E+05   0.0000000E+00   0.0000000E+00   0.0000000E+00
   1.5942029E-01   3.8293257E+05   1.8771204E+05   5.7064461E+05   0.0000000E+00   0.0000000E+00   0.0000000E+00
   1.7391304E-01   3.9838006E+05   1.9669581E+05   5.9507588E+05   0.0000000E+00   0.0000000E+00   0.0000000E+00
   1.8840580E-01   4.0212503E+05   2.0196597E+05   6.0403271E+05   0.0000000E+00   0.0000000E+00   0.0000000E+00
   2.0289855E-01   4.0360303E+05   2.0204507E+05   6.0564811E+05   0.0000000E+00   0.0000000E+00   0.0000000E+00
   2.1739130E-01   4.2064489E+05   2.0696315E+05   6.2750701E+05   0.0000000E+00   0.0000000E+00   0.0000000E+00
   2.3188406E-01   4.2693726E+05   2.0837759E+05   6.3531485E+05   0.0000000E+00   0.0000000E+00   0.0000000E+00
   2.4637681E-01   4.3734778E+05   2.1359260E+05   6.5094038E+05   0.0000000E+00   0.0000000E+00   0.0000000E+00
   2.6086957E-01   4.3809809E+05   2.1393432E+05   6.5203242E+05   0.0000000E+00   0.0000000E+00   0.0000000E+00
   2.7536232E-01   4.3745335E+05   2.2552637E+05   6.6286008E+05   0.0000000E+00   0.0000000E+00   0.0000000E+00
   2.8985507E-01   4.4535974E+05   2.2644961E+05   6.7177146E+05   0.0000000E+00   0.0000000E+00   0.0000000E+00
   3.0434783E-01   4.5280179E+05   2.2594986E+05   6.7871557E+05   0.0000000E+00   0.0000000E+00   0.0000000E+00
   3.1884058E-01   4.5960174E+05   2.3014530E+05   6.8967815E+05   0.0000000E+00   0.0000000E+00   0.0000000E+00
   3.3333333E-01   4.5655282E+05   2.2527841E+05   6.8183124E+05   0.0000000E+00   0.0000000E+00   0.0000000E+00
   3.4782609E-01   4.5019031E+05   2.2757358E+05   6.7773232E+05   0.0000000E+00   0.0000000E+00   0.0000000E+00
   3.6231884E-01   4.5688491E+05   2.2186530E+05   6.7868959E+05   0.0000000E+00   0.0000000E+00   0.0000000E+00
   3.7681159E-01   4.5300996E+05   2.2697128E+05   6.7992296E+05   0.0000000E+00   0.0000000E+00   0.0000000E+00
   3.9130435E-01   4.4406176E+05   2.2327974E+05   6.6734150E+05   0.0000000E+00   0.0000000E+00   0.0000000E+00
   4.0579710E-01   4.3277589E+05   2.2120499E+05   6.5389970E+05   0.0000000E+00   0.0000000E+00   0.0000000E+00
   4.2028986E-01   4.3319022E+05   2.1493593E+05   6.4802164E+05   0.0000000E+00   0.0000000E+00   0.0000000E+00
   4.3478261E-01   4.1794230E+05   2.1193895E+05   6.2985599E+05   0.0000000E+00   0.0000000E+00   0.0000000E+00
   4.4927536E-01   4.1545969E+05   2.0590883E+05   6.2131964E+05   0.0000000E+00   0.0000000E+00   0.0000000E+00
   4.6376812E-01   3.9925619E+05   2.0231569E+05   6.0154821E+05   0.0000000E+00   0.0000000E+00   0.0000000E+00
   4.7826087E-01   3.9122175E+05   1.9179923E+05   5.8299801E+05   0.0000000E+00   0.0000000E+00   0.0000000E+00
   4.9275362E-01   3.8196615E+05   1.9008048E+05   5.7200205E+05   0.0000000E+00   0.0000000E+00   0.0000000E+00
   5.0724638E-01   3.6763219E+05   1.8451971E+05   5.5210860E+05   0.0000000E+00   0.0000000E+00   0.0000000E+00
   5.2173913E-01   3.5030588E+05   1.7712095E+05   5.2742683E+05   0.0000000E+00   0.0000000E+00   0.0000000E+00
   5.3623188E-01   3.3479674E+05   1.6848378E+05   5.0321908E+05   0.0000000E+00   0.0000000E+00   0.0000000E+00
   5.5072464E-01   3.2469017E+05   1.6385059E+05   4.8850088E+05   0.0000000E+00   0.0000000E+00   0.0000000E+00
   5.6521739E-01   3.1127434E+05   1.5556917E+05   4.6684351E+05   0.0000000E+00   0.0000000E+00   0.0000000E+00
   5.7971014E-01   2.9112243E+05   1.4700092E+05   4.3808546E+05   0.0000000E+00   0.0000000E+00   0.0000000E+00
   5.9420290E-01   2.8333808E+05   1.4169676E+05   4.2503484E+05   0.0000000E+00   0.0000000E+00   0.0000000E+00
   6.0869565E-01   2.7220788E+05   1.3487713E+05   4.0706697E+05   0.0000000E+00   0.0000000E+00   0.0000000E+00
   6.2318841E-01   2.5516342E+05   1.2946724E+05   3.8463067E+05   0.0000000E+00   0.0000000E+00   0.0000000E+00
   6.3768116E-01   2.3932424E+05   1.2120343E+05   3.6045878E+05   0.0000000E+00   0.0000000E+00   0.0000000E+00
   6.5217391E-01   2.2873545E+05   1.1350896E+05   3.4222756E+05   0.0000000E+00   0.0000000E+00   0.0000000E+00
   6.6666667E-01   2.1200155E+05   1.0567132E+05   3.1765640E+05   0.0000000E+00   0.0000000E+00   0.0000000E+00
   6.8115942E-01   1.9954270E+05   1.0263302E+05   3.0214347E+05   0.0000000E+00   0.0000000E+00   0.0000000E+00
   6.9565217E-01   1.8948153E+05   9.3185826E+04   2.8266736E+05   0.0000000E+00   0.0000000E+00   0.0000000E+00
   7.1014493E-01   1.7797534E+05   8.6196414E+04   2.6414082E+05   0.0000000E+00   0.0000000E+00   0.0000000E+00
   7.2463768E-01   1.6330741E+05   8.3502583E+04   2.4677968E+05   0.0000000E+00   0.0000000E+00   0.0000000E+00
   7.3913043E-01   1.5471200E+05   7.9369203E+04   2.3405149E+05   0.0000000E+00   0.0000000E+00   0.0000000E+00
   7.5362319E-01   1.4523772E+05   7.2582431E+04   2.1780558E+05   0.0000000E+00   0.0000000E+00   0.0000000E+00
   7.6811594E-01   1.3317580E+05   6.6966767E+04   2.0014256E+05   0.0000000E+00   0.0000000E+00   0.0000000E+00
   7.8260870E-01   1.2652799E+05   6.2990370E+04   1.8950433E+05   0.0000000E+00   0.0000000E+00   0.0000000E+00
   7.9710145E-01   1.1666390E+05   5.8249285E+04   1.7489940E+05   0.0000000E+00   0.0000000E+00   0.0000000E+00
   8.1159420E-01   1.0685440E+05   5.2703293E+04   1.5954417E+05   0.0000000E+00   0.0000000E+00   0.0000000E+00
   8.2608696E-01   9.8558943E+04   4.7551300E+04   1.4608366E+05   0.0000000E+00   0.0000000E+00   0.0000000E+00
   8.4057971E-01   8.9360671E+04   4.4392918E+04   1.3374052E+05   0.0000000E+00   0.0000000E+00   0.0000000E+00
   8.5507246E-01   8.0487047E+04   4.0249945E+04   1.2071131E+05   0.0000000E+00   0.0000000E+00   0.0000000E+00
   8.6956522E-01   7.2970043E+04   3.6144040E+04   1.0910145E+05   0.0000000E+00   0.0000000E+00   0.0000000E+00
   8.8405797E-01   6.5016292E+04   3.1439861E+04   9.6456153E+04   0.0000000E+00   0.0000000E+00   0.0000000E+00
   8.9855072E-01   5.6451383E+04   2.9246192E+04   8.5697575E+04   0.0000000E+00   0.0000000E+00   0.0000000E+00
   9.1304348E-01   4.9746015E+04   2.5077476E+04   7.4823491E+04   0.0000000E+00   0.0000000E+00   0.0000000E+00
   9.2753623E-01   4.3427784E+04   2.1429741E+04   6.4845685E+04   0.0000000E+00   0.0000000E+00   0.0000000E+00
   9.4202899E-01   3.4331301E+04   1.7800983E+04   5.2132284E+04   1.3702538E-04   0.0000000E+00   9.0236975E-05
   9.5652174E-01   2.7806640E+04   1.4052571E+04   4.1859211E+04   0.0000000E+00   0.0000000E+00   0.0000000E+00
   9.7101449E-01   1.9192226E+04   9.1946257E+03   2.8386852E+04   0.0000000E+00   0.0000000E+00   0.0000000E+00
   9.8550725E-01   6.1176094E+03   3.4989606E+03   9.6165700E+03   0.0000000E+00   0.0000000E+00   0.0000000E+00
   1.0000000E+00   0.0000000E+00   0.0000000E+00   0.0000000E+00   0.0000000E+00   0.0000000E+00   0.0000000E+00
