   0.0000000E+00   3.4552793E+05   2.2429006E+05   5.6981799E+05   0.0000000E+00   0.0000000E+00   0.0000000E+00
   1.4492754E-02   3.5462077E+05   1.5685149E+05   5.1147226E+05   0.0000000E+00   0.0000000E+00   0.0000000E+00
   2.8985507E-02   3.5386303E+05   1.6973302E+05   5.2359605E+05   0.0000000E+00   0.0000000E+00   0.0000000E+00
   4.3478261E-02   3.5613624E+05   1.7049075E+05   5.2662700E+05   0.0000000E+00   0.0000000E+00   0.0000000E+00
   5.7971014E-02   3.6409248E+05   1.8053076E+05   5.4462324E+05   0.0000000E+00   0.0000000E+00   0.0000000E+00
   7.2463768E-02   3.7583740E+05   1.7367325E+05   5.4935910E+05   0.0000000E+00   0.0000000E+00   0.0000000E+00
   8.6956522E-02   3.6194556E+05   1.7857328E+05   5.4051883E+05   0.0000000E+00   0.0000000E+00   0.0000000E+00
   1.0144928E-01   3.5960018E+05   1.8164031E+05   5.4124049E+05   0.0000000E+00   0.0000000E+00   0.0000000E+00
   1.1594203E-01   3.6598682E+05   1.8687681E+05   5.5286363E+05   0.0000000E+00   0.0000000E+00   0.0000000E+00
   1.3043478E-01   3.6708133E+05   1.9659057E+05   5.6367190E+05   0.0000000E+00   0.0000000E+00   0.0000000E+00
   1.4492754E-01   3.7038169E+05   1.8875221E+05   5.5905813E+05   3.9292254E-08   0.0000000E+00   2.6031518E-08
   1.5942029E-01   3.8327699E+05   1.9528941E+05   5.7856640E+05   0.0000000E+00   0.0000000E+00   0.0000000E+00
   1.7391304E-01   3.9484396E+05   2.0408375E+05   5.9892770E+05   0.0000000E+00   0.0000000E+00   0.0000000E+00
   1.8840580E-01   4.0043469E+05   2.0149967E+05   6.0193436E+05   0.0000000E+00   0.0000000E+00   0.0000000E+00
   2.0289855E-01   4.0132982E+05   2.0751160E+05   6.0884143E+05   0.0000000E+00   0.0000000E+00   0.0000000E+00
   2.1739130E-01   4.1579538E+05   2.1236833E+05   6.2816371E+05   0.0000000E+00   0.0000000E+00   0.0000000E+00
   2.3188406E-01   4.2527971E+05   2.1439212E+05   6.3967184E+05   0.0000000E+00   0.0000000E+00   0.0000000E+00
   2.4637681E-01   4.3275679E+05   2.1804987E+05   6.5076209E+05   0.0000000E+00   0.0000000E+00   0.0000000E+00
   2.6086957E-01   4.2850009E+05   2.2066976E+05   6.4904357E+05   0.0000000E+00   0.0000000E+00   0.0000000E+00
   2.7536232E-01   4.4156108E+05   2.2101983E+05   6.6258091E+05   0.0000000E+00   0.0000000E+00   0.0000000E+00
   2.8985507E-01   4.4748140E+05   2.2614651E+05   6.7355214E+05   0.0000000E+00   0.0000000E+00   0.0000000E+00
   3.0434783E-01   4.5305437E+05   2.2966638E+05   6.8264859E+05   0.0000000E+00   0.0000000E+00   0.0000000E+00
   3.1884058E-01   4.5267878E+05   2.2494447E+05   6.7755437E+05   0.0000000E+00   0.0000000E+00   0.0000000E+00
   3.3333333E-01   4.5197346E+05   2.2936360E+05   6.8133706E+05   0.0000000E+00   0.0000000E+00   0.0000000E+00
   3.4782609E-01   4.4652791E+05   2.2766830E+05   6.7419621E+05   0.0000000E+00   0.0000000E+00   0.0000000E+00
   3.6231884E-01   4.5200509E+05   2.2886679E+05   6.8081126E+05   0.0000000E+00   0.0000000E+00   0.0000000E+00
   3.7681159E-01   4.4365483E+05   2.2321174E+05   6.6683743E+05   0.0000000E+00   0.0000000E+00   0.0000000E+00
   3.9130435E-01   4.4114307E+05   2.2361651E+05   6.6475959E+05   0.0000000E+00   0.0000000E+00   0.0000000E+00
   4.0579710E-01   4.3540091E+05   2.1609027E+05   6.5146411E+05   0.0000000E+00   0.0000000E+00   0.0000000E+00
   4.2028986E-01   4.2856542E+05   2.1697398E+05   6.4553940E+05   0.0000000E+00   0.0000000E+00   0.0000000E+00
   4.3478261E-01   4.1614899E+05   2.1363123E+05   6.2975496E+05   0.0000000E+00   0.0000000E+00   0.0000000E+00
   4.4927536E-01   4.1743958E+05   2.0466223E+05   6.2207737E+05   0.0000000E+00   0.0000000E+00   0.0000000E+00
   4.6376812E-01   4.0112686E+05   2.0421004E+05   6.0533689E+05   0.0000000E+00   0.0000000E+00   0.0000000E+00
   4.7826087E-01   3.9241576E+05   1.9372801E+05   5.8612081E+05   0.0000000E+00   0.0000000E+00   0.0000000E+00
   4.9275362E-01   3.7978208E+05   1.8976847E+05   5.6950598E+05   0.0000000E+00   0.0000000E+00   0.0000000E+00
   5.0724638E-01   3.6321567E+05   1.8525579E+05   5.4844981E+05   0.0000000E+00   0.0000000E+00   0.0000000E+00
   5.2173913E-01   3.5165297E+05   1.7520556E+05   5.2685853E+05   0.0000000E+00   0.0000000E+00   0.0000000E+00
   5.3623188E-01   3.3684468E+05   1.6895480E+05   5.0579948E+05   0.0000000E+00   0.0000000E+00   0.0000000E+00
   5.5072464E-01   3.2837915E+05   1.6081964E+05   4.8915891E+05   0.0000000E+00   0.0000000E+00   0.0000000E+00
   5.6521739E-01   3.1148806E+05   1.5584118E+05   4.6729038E+05   0.0000000E+00   0.0000000E+00   0.0000000E+00
   5.7971014E-01   2.9710855E+05   1.4783443E+05   4.4486721E+05   0.0000000E+00   0.0000000E+00   0.0000000E+00
   5.9420290E-01   2.8208134E+05   1.4153043E+05   4.2361177E+05   0.0000000E+00   0.0000000E+00   0.0000000E+00
   6.0869565E-01   2.6767950E+05   1.3363228E+05   4.0125766E+05   0.0000000E+00   0.0000000E+00   0.0000000E+00
   6.2318841E-01   2.5470526E+05   1.2717641E+05   3.8181118E+05   0.0000000E+00   0.0000000E+00   0.0000000E+00
   6.3768116E-01   2.3703381E+05   1.1770751E+05   3.5472410E+05   0.0000000E+00   0.0000000E+00   0.0000000E+00
   6.5217391E-01   2.2481205E+05   1.1345844E+05   3.3821998E+05   0.0000000E+00   0.0000000E+00   0.0000000E+00
   6.6666667E-01   2.1565845E+05   1.0763155E+05   3.2329000E+05   0.0000000E+00   0.0000000E+00   0.0000000E+00
   6.8115942E-01   1.9957494E+05   1.0190752E+05   3.0148247E+05   0.0000000E+00   0.0000000E+00   0.0000000E+00
   6.9565217E-01   1.8875537E+05   9.3564694E+04   2.8230427E+05   0.0000000E+00   0.0000000E+00   0.0000000E+00
   7.1014493E-01   1.7752688E+05   8.8485088E+04   2.6601197E+05   0.0000000E+00   0.0000000E+00   0.0000000E+00
   7.2463768E-01   1.6815692E+05   8.3532892E+04   2.5165951E+05   0.0000000E+00   0.0000000E+00   0.0000000E+00
   7.3913043E-01   1.5472686E+05   7.7199996E+04   2.3191200E+05   0.0000000E+00   0.0000000E+00   0.0000000E+00
   7.5362319E-01   1.4550002E+05   7.2611575E+04   2.1809702E+05   0.0000000E+00   0.0000000E+00   0.0000000E+00
   7.6811594E-01   1.3473416E+05   6.6695125E+04   2.0142929E+05   4.4063862E-05   0.0000000E+00   2.9473904E-05
   7.8260870E-01   1.2475994E+05   6.2457148E+04   1.8721709E+05   0.0000000E+00   0.0000000E+00   0.0000000E+00
   7.9710145E-01   1.1378450E+05   5.8800367E+04   1.7258486E+05   0.0000000E+00   0.0000000E+00   0.0000000E+00
   8.1159420E-01   1.0685440E+05   5.3745181E+04   1.6059958E+05   5.0925959E-05   0.0000000E+00   3.3883419E-05
   8.2608696E-01   9.8000611E+04   4.7484832E+04   1.4547215E+05   0.0000000E+00   0.0000000E+00   0.0000000E+00
   8.4057971E-01   8.8720514E+04   4.5046139E+04   1.3376665E+05   0.0000000E+00   0.0000000E+00   0.0000000E+00
   8.5507246E-01   8.1886934E+04   3.9954556E+04   1.2182865E+05   0.0000000E+00   0.0000000E+00   0.0000000E+00
   8.6956522E-01   7.2641690E+04   3.5714656E+04   1.0835635E+05   0.0000000E+00   0.0000000E+00   0.0000000E+00
   8.8405797E-01   6.6010045E+04   3.2011269E+04   9.8021314E+04   0.0000000E+00   0.0000000E+00   0.0000000E+00
   8.9855072E-01   5.9066797E+04   2.8793994E+04   8.7860791E+04   0.0000000E+00   0.0000000E+00   0.0000000E+00
   9.1304348E-01   4.8687589E+04   2.5510468E+04   7.4198057E+04   0.0000000E+00   0.0000000E+00   0.0000000E+00
   9.2753623E-01   4.3546180E+04   2.1086391E+04   6.4632571E+04   0.0000000E+00   0.0000000E+00   0.0000000E+00
   9.4202899E-01   3.4937490E+04   1.8022476E+04   5.2959965E+04   0.0000000E+00   0.0000000E+00   0.0000000E+00
   9.5652174E-01   2.8059219E+04   1.3662222E+04   4.1721441E+04   0.0000000E+00   0.0000000E+00   0.0000000E+00
   9.7101449E-01   1.9870796E+04   9.7714104E+03   2.9642207E+04   0.0000000E+00   0.0000000E+00   0.0000000E+00
   9.8550725E-01   6.2178981E+03   3.5881061E+03   9.8060041E+03   0.0000000E+00   0.0000000E+00   0.0000000E+00
   1.0000000E+00   0.0000000E+00   0.0000000E+00   0.0000000E+00   0.0000000E+00   0.0000000E+00   0.0000000E+00
