   0.0000000E+00   3.3340414E+05   1.8791870E+05   5.2132284E+05   0.0000000E+00   0.0000000E+00   0.0000000E+00
   1.4492754E-02   3.6144040E+05   1.7200623E+05   5.3344663E+05   0.0000000E+00   0.0000000E+00   0.0000000E+00
   2.8985507E-02   3.7280645E+05   1.5306281E+05   5.2586926E+05   0.0000000E+00   0.0000000E+00   0.0000000E+00
   4.3478261E-02   3.4477019E+05   1.7377428E+05   5.1854447E+05   0.0000000E+00   0.0000000E+00   0.0000000E+00
   5.7971014E-02   3.5462077E+05   1.8204624E+05   5.3666701E+05   0.0000000E+00   0.0000000E+00   0.0000000E+00
   7.2463768E-02   3.6507753E+05   1.6458041E+05   5.2950639E+05   0.0000000E+00   0.0000000E+00   0.0000000E+00
   8.6956522E-02   3.6522908E+05   1.8122536E+05   5.4645444E+05   0.0000000E+00   0.0000000E+00   0.0000000E+00
   1.0144928E-01   3.7756936E+05   1.8326403E+05   5.6083339E+05   0.0000000E+00   0.0000000E+00   0.0000000E+00
   1.1594203E-01   3.6693399E+05   1.8905530E+05   5.5598929E+05   0.0000000E+00   0.0000000E+00   0.0000000E+00
   1.3043478E-01   3.7145936E+05   1.8749773E+05   5.5895709E+05   0.0000000E+00   0.0000000E+00   0.0000000E+00
   1.4492754E-01   3.7833793E+05   1.9102542E+05   5.6936334E+05   0.0000000E+00   0.0000000E+00   0.0000000E+00
   1.5942029E-01   3.8369030E+05   1.9756262E+05   5.8125292E+05   0.0000000E+00   0.0000000E+00   0.0000000E+00
   1.7391304E-01   3.8568797E+05   1.9757984E+05   5.8326781E+05   0.0000000E+00   0.0000000E+00   0.0000000E+00
   1.8840580E-01   4.0375708E+05   2.0709526E+05   6.1085234E+05   0.0000000E+00   0.0000000E+00   0.0000000E+00
   2.0289855E-01   4.0717522E+05   2.0734923E+05   6.1447033E+05   0.0000000E+00   0.0000000E+00   0.0000000E+00
   2.1739130E-01   4.1321907E+05   2.1019616E+05   6.2331420E+05   0.0000000E+00   0.0000000E+00   0.0000000E+00
   2.3188406E-01   4.2210669E+05   2.0534664E+05   6.2745333E+05   0.0000000E+00   0.0000000E+00   0.0000000E+00
   2.4637681E-01   4.3208820E+05   2.1862932E+05   6.5067295E+05   0.0000000E+00   0.0000000E+00   0.0000000E+00
   2.6086957E-01   4.3262555E+05   2.1414481E+05   6.4664407E+05   0.0000000E+00   0.0000000E+00   0.0000000E+00
   2.7536232E-01   4.4451227E+05   2.2153828E+05   6.6601066E+05   0.0000000E+00   0.0000000E+00   0.0000000E+00
   2.8985507E-01   4.4638268E+05   2.2667693E+05   6.7302172E+05   0.0000000E+00   0.0000000E+00   0.0000000E+00
   3.0434783E-01   4.4767805E+05   2.2807874E+05   6.7564854E+05   0.0000000E+00   0.0000000E+00   0.0000000E+00
   3.1884058E-01   4.5133552E+05   2.2229239E+05   6.7362791E+05   0.0000000E+00   0.0000000E+00   0.0000000E+00
   3.3333333E-01   4.5210524E+05   2.2396061E+05   6.7599996E+05   0.0000000E+00   0.0000000E+00   0.0000000E+00
   3.4782609E-01   4.4804339E+05   2.3066768E+05   6.7867949E+05   0.0000000E+00   0.0000000E+00   0.0000000E+00
   3.6231884E-01   4.4739805E+05   2.2453253E+05   6.7190027E+05   0.0000000E+00   0.0000000E+00   0.0000000E+00
   3.7681159E-01   4.5333054E+05   2.2324088E+05   6.7651314E+05   0.0000000E+00   0.0000000E+00   0.0000000E+00
   3.9130435E-01   4.4257435E+05   2.2266233E+05   6.6515249E+05   0.0000000E+00   0.0000000E+00   0.0000000E+00
   4.0579710E-01   4.3458905E+05   2.2052844E+05   6.5503630E+05   0.0000000E+00   0.0000000E+00   0.0000000E+00
   4.2028986E-01   4.3002863E+05   2.1838494E+05   6.4830906E+05   0.0000000E+00   0.0000000E+00   0.0000000E+00
   4.3478261E-01   4.2605008E+05   2.1216627E+05   6.3816584E+05   0.0000000E+00   0.0000000E+00   0.0000000E+00
   4.4927536E-01   4.0526691E+05   2.0378228E+05   6.0902475E+05   0.0000000E+00   0.0000000E+00   0.0000000E+00
   4.6376812E-01   4.0110318E+05   1.9433578E+05   5.9539160E+05   3.7604846E-07   0.0000000E+00   2.5333618E-07
   4.7826087E-01   3.8251926E+05   1.9437094E+05   5.7684427E+05   0.0000000E+00   0.0000000E+00   0.0000000E+00
   4.9275362E-01   3.7626084E+05   1.8863186E+05   5.6487041E+05   0.0000000E+00   0.0000000E+00   0.0000000E+00
   5.0724638E-01   3.6120225E+05   1.8205165E+05   5.4321060E+05   0.0000000E+00   0.0000000E+00   0.0000000E+00
   5.2173913E-01   3.5447343E+05   1.7697361E+05   5.3140495E+05   0.0000000E+00   0.0000000E+00   0.0000000E+00
   5.3623188E-01   3.4573272E+05   1.6997877E+05   5.1567053E+05   0.0000000E+00   0.0000000E+00   0.0000000E+00
   5.5072464E-01   3.2935623E+05   1.6295327E+05   4.9226962E+05   0.0000000E+00   0.0000000E+00   0.0000000E+00
   5.6521739E-01   3.1477159E+05   1.5589947E+05   4.7065163E+05   0.0000000E+00   0.0000000E+00   0.0000000E+00
   5.7971014E-01   2.9797995E+05   1.4616741E+05   4.4414736E+05   0.0000000E+00   0.0000000E+00   0.0000000E+00
   5.9420290E-01   2.8550040E+05   1.3835163E+05   4.2381506E+05   0.0000000E+00   0.0000000E+00   0.0000000E+00
   6.0869565E-01   2.6757126E+05   1.3217093E+05   3.9974218E+05   0.0000000E+00   0.0000000E+00   0.0000000E+00
   6.2318841E-01   2.5229107E+05   1.2855091E+05   3.8082436E+05   0.0000000E+00   0.0000000E+00   0.0000000E+00
   6.3768116E-01   2.3768822E+05   1.2082456E+05   3.5849556E+05   6.1552633E-06   0.0000000E+00   4.0810368E-06
   6.5217391E-01   2.2700107E+05   1.1349212E+05   3.4047635E+05   0.0000000E+00   0.0000000E+00   0.0000000E+00
   6.6666667E-01   2.1570787E+05   1.0644553E+05   3.2212045E+05   0.0000000E+00   0.0000000E+00   0.0000000E+00
   6.8115942E-01   2.0352485E+05   1.0334239E+05   3.0683499E+05   0.0000000E+00   0.0000000E+00   0.0000000E+00
   6.9565217E-01   1.9170738E+05   9.4969664E+04   2.8666126E+05   0.0000000E+00   0.0000000E+00   0.0000000E+00
   7.1014493E-01   1.7642894E+05   8.9583033E+04   2.6599650E+05   0.0000000E+00   0.0000000E+00   0.0000000E+00
   7.2463768E-01   1.6559577E+05   8.2168966E+04   2.4774959E+05   0.0000000E+00   0.0000000E+00   0.0000000E+00
   7.3913043E-01   1.5399884E+05   7.9265200E+04   2.3323432E+05   0.0000000E+00   0.0000000E+00   0.0000000E+00
   7.5362319E-01   1.4609746E+05   7.1008670E+04   2.1710613E+05   0.0000000E+00   0.0000000E+00   0.0000000E+00
   7.6811594E-01   1.3461979E+05   6.9125601E+04   2.0373109E+05   0.0000000E+00   0.0000000E+00   0.0000000E+00
   7.8260870E-01   1.2387592E+05   6.1923926E+04   1.8579984E+05   0.0000000E+00   0.0000000E+00   0.0000000E+00
   7.9710145E-01   1.1589238E+05   5.7188454E+04   1.7305328E+05   0.0000000E+00   0.0000000E+00   0.0000000E+00
   8.1159420E-01   1.0712502E+05   5.2906258E+04   1.6003128E+05   0.0000000E+00   0.0000000E+00   0.0000000E+00
   8.2608696E-01   9.9024220E+04   5.0369549E+04   1.4938048E+05   0.0000000E+00   0.0000000E+00   0.0000000E+00
   8.4057971E-01   9.0353567E+04   4.3805019E+04   1.3415859E+05   0.0000000E+00   0.0000000E+00   0.0000000E+00
   8.5507246E-01   8.0063229E+04   4.0031614E+04   1.2009484E+05   0.0000000E+00   0.0000000E+00   0.0000000E+00
   8.6956522E-01   7.4245566E+04   3.6750229E+04   1.1099580E+05   0.0000000E+00   0.0000000E+00   0.0000000E+00
   8.8405797E-01   6.4270977E+04   3.2048535E+04   9.6307090E+04   0.0000000E+00   0.0000000E+00   0.0000000E+00
   8.9855072E-01   5.7917970E+04   2.8781772E+04   8.6699743E+04   0.0000000E+00   0.0000000E+00   0.0000000E+00
   9.1304348E-01   4.9553574E+04   2.5293972E+04   7.4847546E+04   0.0000000E+00   0.0000000E+00   0.0000000E+00
   9.2753623E-01   4.2338537E+04   2.1559977E+04   6.3898514E+04   0.0000000E+00   0.0000000E+00   0.0000000E+00
   9.4202899E-01   3.6149869E+04   1.7474574E+04   5.3624442E+04   0.0000000E+00   0.0000000E+00   0.0000000E+00
   9.5652174E-01   2.7221116E+04   1.4052571E+04   4.1273688E+04   0.0000000E+00   0.0000000E+00   0.0000000E+00
   9.7101449E-01   1.9158298E+04   1.0088076E+04   2.9246374E+04   0.0000000E+00   0.0000000E+00   0.0000000E+00
   9.8550725E-01   5.8613161E+03   3.1089490E+03   8.9702652E+03   0.0000000E+00   0.0000000E+00   0.0000000E+00
   1.0000000E+00   0.0000000E+00   0.0000000E+00   0.0000000E+00   0.0000000E+00   0.0000000E+00   0.0000000E+00
