   0.0000000E+00   4.2433254E+05   1.8791870E+05   6.1225124E+05   0.0000000E+00   0.0000000E+00   0.0000000E+00
   1.4492754E-02   3.2128035E+05   1.8034133E+05   5.0162168E+05   0.0000000E+00   0.0000000E+00   0.0000000E+00
   2.8985507E-02   3.5878832E+05   1.8602436E+05   5.4481268E+05   0.0000000E+00   0.0000000E+00   0.0000000E+00
   4.3478261E-02   3.4401245E+05   1.7933102E+05   5.2334347E+05   0.0000000E+00   0.0000000E+00   0.0000000E+00
   5.7971014E-02   3.7015437E+05   1.8356171E+05   5.5371608E+05   0.0000000E+00   0.0000000E+00   0.0000000E+00
   7.2463768E-02   3.5643934E+05   1.8291764E+05   5.3935697E+05   0.0000000E+00   0.0000000E+00   0.0000000E+00
   8.6956522E-02   3.6194556E+05   1.8198309E+05   5.4392865E+05   0.0000000E+00   0.0000000E+00   0.0000000E+00
   1.0144928E-01   3.6382186E+05   1.7882586E+05   5.4264771E+05   0.0000000E+00   0.0000000E+00   0.0000000E+00
   1.1594203E-01   3.7091211E+05   1.8147794E+05   5.5239004E+05   0.0000000E+00   0.0000000E+00   0.0000000E+00
   1.3043478E-01   3.7651094E+05   1.8354066E+05   5.6005160E+05   0.0000000E+00   0.0000000E+00   0.0000000E+00
   1.4492754E-01   3.7992917E+05   1.8928262E+05   5.6921180E+05   0.0000000E+00   0.0000000E+00   0.0000000E+00
   1.5942029E-01   3.9009662E+05   1.9425613E+05   5.8435275E+05   0.0000000E+00   0.0000000E+00   0.0000000E+00
   1.7391304E-01   3.9307590E+05   1.9814814E+05   5.9122405E+05   0.0000000E+00   0.0000000E+00   0.0000000E+00
   1.8840580E-01   4.0498111E+05   2.0254884E+05   6.0747167E+05   0.0000000E+00   0.0000000E+00   0.0000000E+00
   2.0289855E-01   4.1101803E+05   1.9852701E+05   6.0954504E+05   0.0000000E+00   0.0000000E+00   0.0000000E+00
   2.1739130E-01   4.1857374E+05   2.0575077E+05   6.2427400E+05   0.0000000E+00   0.0000000E+00   0.0000000E+00
   2.3188406E-01   4.3266765E+05   2.1320816E+05   6.4587581E+05   0.0000000E+00   0.0000000E+00   0.0000000E+00
   2.4637681E-01   4.2286164E+05   2.1613325E+05   6.3899489E+05   0.0000000E+00   0.0000000E+00   0.0000000E+00
   2.6086957E-01   4.3161523E+05   2.2146959E+05   6.5304273E+05   0.0000000E+00   0.0000000E+00   0.0000000E+00
   2.7536232E-01   4.4004561E+05   2.2444958E+05   6.6445531E+05   0.0000000E+00   0.0000000E+00   0.0000000E+00
   2.8985507E-01   4.4774661E+05   2.2440372E+05   6.7203667E+05   0.0000000E+00   0.0000000E+00   0.0000000E+00
   3.0434783E-01   4.5189973E+05   2.2890864E+05   6.8070012E+05   0.0000000E+00   0.0000000E+00   0.0000000E+00
   3.1884058E-01   4.5250657E+05   2.2504780E+05   6.7748548E+05   0.0000000E+00   0.0000000E+00   0.0000000E+00
   3.3333333E-01   4.5800241E+05   2.2577259E+05   6.8374205E+05   0.0000000E+00   0.0000000E+00   0.0000000E+00
   3.4782609E-01   4.5467358E+05   2.2583710E+05   6.8047911E+05   0.0000000E+00   0.0000000E+00   0.0000000E+00
   3.6231884E-01   4.5367211E+05   2.2535089E+05   6.7902300E+05   0.0000000E+00   0.0000000E+00   0.0000000E+00
   3.7681159E-01   4.4651091E+05   2.2195856E+05   6.6838204E+05   0.0000000E+00   0.0000000E+00   0.0000000E+00
   3.9130435E-01   4.3825245E+05   2.2493554E+05   6.6310379E+05   0.0000000E+00   0.0000000E+00   0.0000000E+00
   4.0579710E-01   4.3126042E+05   2.1763280E+05   6.4881204E+05   0.0000000E+00   0.0000000E+00   0.0000000E+00
   4.2028986E-01   4.1957709E+05   2.1794075E+05   6.3743945E+05   0.0000000E+00   0.0000000E+00   0.0000000E+00
   4.3478261E-01   4.2165521E+05   2.0885749E+05   6.3048744E+05   0.0000000E+00   0.0000000E+00   0.0000000E+00
   4.4927536E-01   4.1223320E+05   2.0810871E+05   6.2024414E+05   0.0000000E+00   0.0000000E+00   0.0000000E+00
   4.6376812E-01   3.9958770E+05   2.0622277E+05   6.0578680E+05   0.0000000E+00   0.0000000E+00   0.0000000E+00
   4.7826087E-01   3.9310461E+05   1.9719523E+05   5.9018503E+05   0.0000000E+00   0.0000000E+00   0.0000000E+00
   4.9275362E-01   3.7806603E+05   1.9077135E+05   5.6870367E+05   0.0000000E+00   0.0000000E+00   0.0000000E+00
   5.0724638E-01   3.6185174E+05   1.8267949E+05   5.4446628E+05   0.0000000E+00   0.0000000E+00   0.0000000E+00
   5.2173913E-01   3.5146353E+05   1.7724724E+05   5.2866867E+05   0.0000000E+00   0.0000000E+00   0.0000000E+00
   5.3623188E-01   3.3928172E+05   1.7139185E+05   5.1063261E+05   0.0000000E+00   0.0000000E+00   0.0000000E+00
   5.5072464E-01   3.2385267E+05   1.6089940E+05   4.8475207E+05   0.0000000E+00   0.0000000E+00   0.0000000E+00
   5.6521739E-01   3.0857369E+05   1.5312110E+05   4.6169479E+05   0.0000000E+00   0.0000000E+00   0.0000000E+00
   5.7971014E-01   2.9523316E+05   1.4732295E+05   4.4255611E+05   0.0000000E+00   0.0000000E+00   0.0000000E+00
   5.9420290E-01   2.8161931E+05   1.4380364E+05   4.2536750E+05   0.0000000E+00   0.0000000E+00   0.0000000E+00
   6.0869565E-01   2.6762538E+05   1.3078174E+05   3.9840712E+05   0.0000000E+00   0.0000000E+00   0.0000000E+00
   6.2318841E-01   2.5426471E+05   1.2703544E+05   3.8130015E+05   0.0000000E+00   0.0000000E+00   0.0000000E+00
   6.3768116E-01   2.3825652E+05   1.1717365E+05   3.5539573E+05   0.0000000E+00   0.0000000E+00   0.0000000E+00
   6.5217391E-01   2.2764094E+05   1.1401411E+05   3.4153718E+05   0.0000000E+00   0.0000000E+00   0.0000000E+00
   6.6666667E-01   2.1091436E+05   1.1214503E+05   3.2302644E+05   0.0000000E+00   0.0000000E+00   0.0000000E+00
   6.8115942E-01   2.0208999E+05   1.0187528E+05   3.0394914E+05   0.0000000E+00   0.0000000E+00   0.0000000E+00
   6.9565217E-01   1.8761876E+05   9.4322431E+04   2.8190962E+05   0.0000000E+00   0.0000000E+00   0.0000000E+00
   7.1014493E-01   1.7594955E+05   8.9552105E+04   2.6545526E+05   0.0000000E+00   0.0000000E+00   0.0000000E+00
   7.2463768E-01   1.6427731E+05   8.3729904E+04   2.4800722E+05   0.0000000E+00   0.0000000E+00   0.0000000E+00
   7.3913043E-01   1.5399884E+05   7.8923476E+04   2.3292231E+05   0.0000000E+00   0.0000000E+00   0.0000000E+00
   7.5362319E-01   1.4566031E+05   7.2990443E+04   2.1865075E+05   0.0000000E+00   0.0000000E+00   0.0000000E+00
   7.6811594E-01   1.3593510E+05   6.8739584E+04   2.0466039E+05   0.0000000E+00   0.0000000E+00   0.0000000E+00
   7.8260870E-01   1.2544752E+05   6.3691978E+04   1.8913950E+05   0.0000000E+00   0.0000000E+00   0.0000000E+00
   7.9710145E-01   1.1242057E+05   5.8428387E+04   1.7084896E+05   0.0000000E+00   0.0000000E+00   0.0000000E+00
   8.1159420E-01   1.0874875E+05   5.2838603E+04   1.6157382E+05   5.0357276E-10   0.0000000E+00   3.3893428E-10
   8.2608696E-01   9.8811522E+04   4.9638400E+04   1.4844992E+05   0.0000000E+00   0.0000000E+00   0.0000000E+00
   8.4057971E-01   9.0131472E+04   4.4876302E+04   1.3500777E+05   0.0000000E+00   0.0000000E+00   0.0000000E+00
   8.5507246E-01   8.0846651E+04   4.0493962E+04   1.2134061E+05   0.0000000E+00   0.0000000E+00   0.0000000E+00
   8.6956522E-01   7.2325966E+04   3.6927034E+04   1.0926563E+05   0.0000000E+00   0.0000000E+00   0.0000000E+00
   8.8405797E-01   6.4805119E+04   3.3241039E+04   9.8033736E+04   0.0000000E+00   0.0000000E+00   0.0000000E+00
   8.9855072E-01   5.8700150E+04   2.8830659E+04   8.7530809E+04   0.0000000E+00   0.0000000E+00   0.0000000E+00
   9.1304348E-01   4.9866290E+04   2.4536235E+04   7.4402526E+04   0.0000000E+00   0.0000000E+00   0.0000000E+00
   9.2753623E-01   4.3297548E+04   2.1181108E+04   6.4490496E+04   0.0000000E+00   0.0000000E+00   0.0000000E+00
   9.4202899E-01   3.4366273E+04   1.7602806E+04   5.1969079E+04   0.0000000E+00   0.0000000E+00   0.0000000E+00
   9.5652174E-01   2.8162547E+04   1.3202988E+04   4.1365534E+04   0.0000000E+00   0.0000000E+00   0.0000000E+00
   9.7101449E-01   1.9158298E+04   9.2059352E+03   2.8364233E+04   0.0000000E+00   0.0000000E+00   0.0000000E+00
   9.8550725E-01   6.6301960E+03   3.1312354E+03   9.7614314E+03   0.0000000E+00   0.0000000E+00   0.0000000E+00
   1.0000000E+00   0.0000000E+00   0.0000000E+00   0.0000000E+00   0.0000000E+00   0.0000000E+00   0.0000000E+00
