   0.0000000E+00   2.6672331E+05   1.0911408E+05   3.7583740E+05   0.0000000E+00   0.0000000E+00   0.0000000E+00
   1.4492754E-02   3.2582677E+05   1.8185680E+05   5.0768358E+05   0.0000000E+00   0.0000000E+00   0.0000000E+00
   2.8985507E-02   3.5840945E+05   1.7655265E+05   5.3496210E+05   0.0000000E+00   0.0000000E+00   0.0000000E+00
   4.3478261E-02   3.4679082E+05   1.7377428E+05   5.2056510E+05   0.0000000E+00   0.0000000E+00   0.0000000E+00
   5.7971014E-02   3.5140039E+05   1.8072020E+05   5.3212059E+05   0.0000000E+00   0.0000000E+00   0.0000000E+00
   7.2463768E-02   3.6234968E+05   1.7670419E+05   5.3875078E+05   0.0000000E+00   0.0000000E+00   0.0000000E+00
   8.6956522E-02   3.5196869E+05   1.8034133E+05   5.3231002E+05   0.0000000E+00   0.0000000E+00   0.0000000E+00
   1.0144928E-01   3.6198164E+05   1.8283104E+05   5.4481268E+05   0.0000000E+00   0.0000000E+00   0.0000000E+00
   1.1594203E-01   3.8152042E+05   1.8327756E+05   5.6479798E+05   0.0000000E+00   0.0000000E+00   0.0000000E+00
   1.3043478E-01   3.7533224E+05   1.9010771E+05   5.6543995E+05   0.0000000E+00   0.0000000E+00   0.0000000E+00
   1.4492754E-01   3.7379151E+05   1.8867643E+05   5.6246794E+05   0.0000000E+00   0.0000000E+00   0.0000000E+00
   1.5942029E-01   3.7928165E+05   1.9246512E+05   5.7174677E+05   0.0000000E+00   0.0000000E+00   0.0000000E+00
   1.7391304E-01   3.9774861E+05   1.9953733E+05   5.9728594E+05   0.0000000E+00   0.0000000E+00   0.0000000E+00
   1.8840580E-01   4.0521426E+05   1.9555435E+05   6.0076862E+05   0.0000000E+00   0.0000000E+00   0.0000000E+00
   2.0289855E-01   4.0013909E+05   2.0144971E+05   6.0158880E+05   0.0000000E+00   0.0000000E+00   0.0000000E+00
   2.1739130E-01   4.1498712E+05   2.0484148E+05   6.1982861E+05   0.0000000E+00   0.0000000E+00   0.0000000E+00
   2.3188406E-01   4.3096274E+05   2.1415533E+05   6.4511807E+05   0.0000000E+00   0.0000000E+00   0.0000000E+00
   2.4637681E-01   4.2731892E+05   2.2001107E+05   6.4732999E+05   0.0000000E+00   0.0000000E+00   0.0000000E+00
   2.6086957E-01   4.3363587E+05   2.2226943E+05   6.5582110E+05   0.0000000E+00   0.0000000E+00   0.0000000E+00
   2.7536232E-01   4.4395394E+05   2.2345256E+05   6.6736661E+05   0.0000000E+00   0.0000000E+00   0.0000000E+00
   2.8985507E-01   4.5380850E+05   2.2122122E+05   6.7502972E+05   0.0000000E+00   0.0000000E+00   0.0000000E+00
   3.0434783E-01   4.5240488E+05   2.2955813E+05   6.8185477E+05   0.0000000E+00   0.0000000E+00   0.0000000E+00
   3.1884058E-01   4.4875233E+05   2.2522001E+05   6.7393790E+05   0.0000000E+00   0.0000000E+00   0.0000000E+00
   3.3333333E-01   4.5385133E+05   2.2277459E+05   6.7662591E+05   0.0000000E+00   0.0000000E+00   0.0000000E+00
   3.4782609E-01   4.5432629E+05   2.2918377E+05   6.8341534E+05   0.0000000E+00   0.0000000E+00   0.0000000E+00
   3.6231884E-01   4.5064116E+05   2.2198654E+05   6.7253677E+05   0.0000000E+00   0.0000000E+00   0.0000000E+00
   3.7681159E-01   4.4552003E+05   2.2679642E+05   6.7225816E+05   0.0000000E+00   0.0000000E+00   0.0000000E+00
   3.9130435E-01   4.3943115E+05   2.2544070E+05   6.6487184E+05   0.0000000E+00   0.0000000E+00   0.0000000E+00
   4.0579710E-01   4.4140868E+05   2.1882353E+05   6.6015102E+05   0.0000000E+00   0.0000000E+00   0.0000000E+00
   4.2028986E-01   4.2208546E+05   2.1156531E+05   6.3357238E+05   0.0000000E+00   0.0000000E+00   0.0000000E+00
   4.3478261E-01   4.2024076E+05   2.1092863E+05   6.3111888E+05   0.0000000E+00   0.0000000E+00   0.0000000E+00
   4.4927536E-01   4.1543525E+05   2.0654435E+05   6.2193072E+05   0.0000000E+00   0.0000000E+00   0.0000000E+00
   4.6376812E-01   3.9826167E+05   2.0366541E+05   6.0185604E+05   0.0000000E+00   0.0000000E+00   0.0000000E+00
   4.7826087E-01   3.8568797E+05   1.9620788E+05   5.8184993E+05   0.0000000E+00   0.0000000E+00   0.0000000E+00
   4.9275362E-01   3.7799917E+05   1.8883244E+05   5.6678704E+05   0.0000000E+00   0.0000000E+00   0.0000000E+00
   5.0724638E-01   3.6856312E+05   1.8183515E+05   5.5037663E+05   0.0000000E+00   0.0000000E+00   0.0000000E+00
   5.2173913E-01   3.5312634E+05   1.7760506E+05   5.3071035E+05   0.0000000E+00   0.0000000E+00   0.0000000E+00
   5.3623188E-01   3.3813488E+05   1.7100274E+05   5.0905570E+05   0.0000000E+00   0.0000000E+00   0.0000000E+00
   5.5072464E-01   3.2417172E+05   1.6704106E+05   4.9117289E+05   0.0000000E+00   0.0000000E+00   0.0000000E+00
   5.6521739E-01   3.0845712E+05   1.5570517E+05   4.6414286E+05   0.0000000E+00   0.0000000E+00   0.0000000E+00
   5.7971014E-01   2.9570674E+05   1.5096009E+05   4.4664789E+05   0.0000000E+00   0.0000000E+00   0.0000000E+00
   5.9420290E-01   2.8099094E+05   1.4051395E+05   4.2148641E+05   0.0000000E+00   0.0000000E+00   0.0000000E+00
   6.0869565E-01   2.6755321E+05   1.3337970E+05   4.0089683E+05   0.0000000E+00   0.0000000E+00   0.0000000E+00
   6.2318841E-01   2.5273162E+05   1.2606624E+05   3.7870975E+05   0.0000000E+00   0.0000000E+00   0.0000000E+00
   6.3768116E-01   2.3992699E+05   1.2251224E+05   3.6235313E+05   0.0000000E+00   0.0000000E+00   0.0000000E+00
   6.5217391E-01   2.2727049E+05   1.1440140E+05   3.4160454E+05   0.0000000E+00   0.0000000E+00   0.0000000E+00
   6.6666667E-01   2.1361585E+05   1.0754919E+05   3.2114857E+05   0.0000000E+00   0.0000000E+00   0.0000000E+00
   6.8115942E-01   1.9923638E+05   9.9795533E+04   2.9899967E+05   0.0000000E+00   0.0000000E+00   0.0000000E+00
   6.9565217E-01   1.8829757E+05   9.5064381E+04   2.8334616E+05   0.0000000E+00   0.0000000E+00   0.0000000E+00
   7.1014493E-01   1.7992380E+05   9.0510874E+04   2.7043468E+05   0.0000000E+00   0.0000000E+00   0.0000000E+00
   7.2463768E-01   1.6827816E+05   8.2487215E+04   2.5073507E+05   0.0000000E+00   0.0000000E+00   0.0000000E+00
   7.3913043E-01   1.5542517E+05   7.6412544E+04   2.3179314E+05   0.0000000E+00   0.0000000E+00   0.0000000E+00
   7.5362319E-01   1.4497543E+05   7.1795551E+04   2.1674184E+05   0.0000000E+00   0.0000000E+00   0.0000000E+00
   7.6811594E-01   1.3277548E+05   6.6366296E+04   1.9914178E+05   0.0000000E+00   0.0000000E+00   0.0000000E+00
   7.8260870E-01   1.2414253E+05   6.2709727E+04   1.8685225E+05   0.0000000E+00   0.0000000E+00   0.0000000E+00
   7.9710145E-01   1.1419781E+05   5.9778536E+04   1.7397634E+05   0.0000000E+00   0.0000000E+00   0.0000000E+00
   8.1159420E-01   1.0375580E+05   5.3650463E+04   1.5737920E+05   0.0000000E+00   0.0000000E+00   0.0000000E+00
   8.2608696E-01   9.8678586E+04   4.8827488E+04   1.4750607E+05   0.0000000E+00   0.0000000E+00   0.0000000E+00
   8.4057971E-01   8.8955674E+04   4.4654207E+04   1.3360988E+05   4.7591571E-06   0.0000000E+00   3.1685832E-06
   8.5507246E-01   8.1475958E+04   4.0416904E+04   1.2189286E+05   0.0000000E+00   0.0000000E+00   0.0000000E+00
   8.6956522E-01   7.4523403E+04   3.6901777E+04   1.1141255E+05   0.0000000E+00   0.0000000E+00   0.0000000E+00
   8.8405797E-01   6.6134264E+04   3.2458458E+04   9.8580300E+04   0.0000000E+00   0.0000000E+00   0.0000000E+00
   8.9855072E-01   5.7355778E+04   2.9612838E+04   8.6968617E+04   0.0000000E+00   0.0000000E+00   0.0000000E+00
   9.1304348E-01   4.9553574E+04   2.5943461E+04   7.5497034E+04   0.0000000E+00   0.0000000E+00   0.0000000E+00
   9.2753623E-01   4.2681887E+04   2.1133750E+04   6.3815636E+04   0.0000000E+00   0.0000000E+00   0.0000000E+00
   9.4202899E-01   3.5963349E+04   1.7323026E+04   5.3286375E+04   0.0000000E+00   0.0000000E+00   0.0000000E+00
   9.5652174E-01   2.7829602E+04   1.3708145E+04   4.1537747E+04   0.0000000E+00   0.0000000E+00   0.0000000E+00
   9.7101449E-01   1.9090441E+04   9.2172447E+03   2.8307685E+04   0.0000000E+00   0.0000000E+00   0.0000000E+00
   9.8550725E-01   6.7639142E+03   2.9975172E+03   9.7614314E+03   0.0000000E+00   0.0000000E+00   0.0000000E+00
   1.0000000E+00   0.0000000E+00   0.0000000E+00   0.0000000E+00   0.0000000E+00   0.0000000E+00   0.0000000E+00
