   0.0000000E+00   3.8796118E+05   2.6672331E+05   6.5468450E+05   0.0000000E+00   0.0000000E+00   0.0000000E+00
   1.4492754E-02   3.3340414E+05   1.6442886E+05   4.9783300E+05   0.0000000E+00   0.0000000E+00   0.0000000E+00
   2.8985507E-02   3.3832943E+05   1.6480773E+05   5.0313716E+05   0.0000000E+00   0.0000000E+00   0.0000000E+00
   4.3478261E-02   3.4047635E+05   1.8337228E+05   5.2384863E+05   0.0000000E+00   0.0000000E+00   0.0000000E+00
   5.7971014E-02   3.5348416E+05   1.7068019E+05   5.2416435E+05   0.0000000E+00   0.0000000E+00   0.0000000E+00
   7.2463768E-02   3.6871467E+05   1.7488563E+05   5.4360030E+05   0.0000000E+00   0.0000000E+00   0.0000000E+00
   8.6956522E-02   3.4590680E+05   1.8640322E+05   5.3231002E+05   0.0000000E+00   0.0000000E+00   0.0000000E+00
   1.0144928E-01   3.6479609E+05   1.8900118E+05   5.5379727E+05   0.0000000E+00   0.0000000E+00   0.0000000E+00
   1.1594203E-01   3.7148041E+05   1.8640322E+05   5.5788363E+05   0.0000000E+00   0.0000000E+00   0.0000000E+00
   1.3043478E-01   3.7482708E+05   1.9036029E+05   5.6518737E+05   0.0000000E+00   0.0000000E+00   0.0000000E+00
   1.4492754E-01   3.8341476E+05   1.9064655E+05   5.7406131E+05   0.0000000E+00   0.0000000E+00   0.0000000E+00
   1.5942029E-01   3.8830561E+05   1.9191404E+05   5.8021964E+05   0.0000000E+00   0.0000000E+00   0.0000000E+00
   1.7391304E-01   3.9156043E+05   1.9751670E+05   5.8907713E+05   0.0000000E+00   0.0000000E+00   0.0000000E+00
   1.8840580E-01   3.9664601E+05   2.0295686E+05   5.9960287E+05   0.0000000E+00   0.0000000E+00   0.0000000E+00
   2.0289855E-01   4.0782471E+05   2.0761985E+05   6.1539044E+05   0.0000000E+00   0.0000000E+00   0.0000000E+00
   2.1739130E-01   4.1640157E+05   2.0292188E+05   6.1922242E+05   0.0000000E+00   0.0000000E+00   0.0000000E+00
   2.3188406E-01   4.2239084E+05   2.1477099E+05   6.3720919E+05   0.0000000E+00   0.0000000E+00   0.0000000E+00
   2.4637681E-01   4.3418312E+05   2.1515265E+05   6.4933577E+05   0.0000000E+00   0.0000000E+00   0.0000000E+00
   2.6086957E-01   4.2605850E+05   2.1612334E+05   6.4213974E+05   0.0000000E+00   0.0000000E+00   0.0000000E+00
   2.7536232E-01   4.5001583E+05   2.2133887E+05   6.7131482E+05   0.0000000E+00   0.0000000E+00   0.0000000E+00
   2.8985507E-01   4.4929997E+05   2.2220628E+05   6.7143048E+05   0.0000000E+00   0.0000000E+00   0.0000000E+00
   3.0434783E-01   4.5049250E+05   2.2750142E+05   6.7792175E+05   0.0000000E+00   0.0000000E+00   0.0000000E+00
   3.1884058E-01   4.5774184E+05   2.2728656E+05   6.8499396E+05   0.0000000E+00   0.0000000E+00   0.0000000E+00
   3.3333333E-01   4.5493852E+05   2.2699155E+05   6.8186418E+05   0.0000000E+00   0.0000000E+00   0.0000000E+00
   3.4782609E-01   4.5574704E+05   2.2931006E+05   6.8505711E+05   0.0000000E+00   0.0000000E+00   0.0000000E+00
   3.6231884E-01   4.4773145E+05   2.2322923E+05   6.7096068E+05   0.0000000E+00   0.0000000E+00   0.0000000E+00
   3.7681159E-01   4.4211021E+05   2.2676727E+05   6.6884834E+05   0.0000000E+00   0.0000000E+00   0.0000000E+00
   3.9130435E-01   4.4251822E+05   2.2473909E+05   6.6717312E+05   0.0000000E+00   0.0000000E+00   0.0000000E+00
   4.0579710E-01   4.3702463E+05   2.2198979E+05   6.5896029E+05   0.0000000E+00   0.0000000E+00   0.0000000E+00
   4.2028986E-01   4.2509028E+05   2.1041564E+05   6.3542753E+05   0.0000000E+00   0.0000000E+00   0.0000000E+00
   4.3478261E-01   4.1640157E+05   2.1259566E+05   6.2897196E+05   0.0000000E+00   0.0000000E+00   0.0000000E+00
   4.4927536E-01   4.1379756E+05   2.1145742E+05   6.2523054E+05   0.0000000E+00   0.0000000E+00   0.0000000E+00
   4.6376812E-01   4.0290280E+05   2.0101333E+05   6.0382142E+05   0.0000000E+00   0.0000000E+00   0.0000000E+00
   4.7826087E-01   3.8493024E+05   1.9864182E+05   5.8352613E+05   0.0000000E+00   0.0000000E+00   0.0000000E+00
   4.9275362E-01   3.7523566E+05   1.9172967E+05   5.6692076E+05   0.0000000E+00   0.0000000E+00   0.0000000E+00
   5.0724638E-01   3.6416825E+05   1.8293929E+05   5.4710754E+05   0.0000000E+00   0.0000000E+00   0.0000000E+00
   5.2173913E-01   3.4843259E+05   1.7924682E+05   5.2759521E+05   0.0000000E+00   0.0000000E+00   0.0000000E+00
   5.3623188E-01   3.3594358E+05   1.6825850E+05   5.0416113E+05   0.0000000E+00   0.0000000E+00   0.0000000E+00
   5.5072464E-01   3.2672409E+05   1.6490743E+05   4.9163152E+05   0.0000000E+00   0.0000000E+00   0.0000000E+00
   5.6521739E-01   3.0802968E+05   1.5801724E+05   4.6594977E+05   0.0000000E+00   0.0000000E+00   0.0000000E+00
   5.7971014E-01   2.9532787E+05   1.5222930E+05   4.4751929E+05   0.0000000E+00   0.0000000E+00   0.0000000E+00
   5.9420290E-01   2.8173020E+05   1.4130865E+05   4.2302036E+05   0.0000000E+00   0.0000000E+00   0.0000000E+00
   6.0869565E-01   2.7200943E+05   1.3419156E+05   4.0614686E+05   0.0000000E+00   0.0000000E+00   0.0000000E+00
   6.2318841E-01   2.5324265E+05   1.2606624E+05   3.7929126E+05   0.0000000E+00   0.0000000E+00   0.0000000E+00
   6.3768116E-01   2.4056418E+05   1.1967073E+05   3.6018324E+05   0.0000000E+00   0.0000000E+00   0.0000000E+00
   6.5217391E-01   2.2760726E+05   1.1320586E+05   3.4077944E+05   0.0000000E+00   0.0000000E+00   0.0000000E+00
   6.6666667E-01   2.1610321E+05   1.0690676E+05   3.2297703E+05   0.0000000E+00   0.0000000E+00   0.0000000E+00
   6.8115942E-01   2.0337975E+05   1.0206874E+05   3.0544849E+05   0.0000000E+00   0.0000000E+00   0.0000000E+00
   6.9565217E-01   1.8804499E+05   9.3722556E+04   2.8175176E+05   0.0000000E+00   0.0000000E+00   0.0000000E+00
   7.1014493E-01   1.7378459E+05   8.8284056E+04   2.6206864E+05   0.0000000E+00   0.0000000E+00   0.0000000E+00
   7.2463768E-01   1.6724764E+05   8.4745271E+04   2.5199291E+05   0.0000000E+00   0.0000000E+00   0.0000000E+00
   7.3913043E-01   1.5552917E+05   7.8403460E+04   2.3391777E+05   0.0000000E+00   5.4867417E-10   1.8390203E-10
   7.5362319E-01   1.4380968E+05   7.1649832E+04   2.1544494E+05   0.0000000E+00   0.0000000E+00   0.0000000E+00
   7.6811594E-01   1.3469127E+05   6.8439349E+04   2.0311632E+05   0.0000000E+00   0.0000000E+00   0.0000000E+00
   7.8260870E-01   1.2613509E+05   6.1292478E+04   1.8742757E+05   0.0000000E+00   0.0000000E+00   0.0000000E+00
   7.9710145E-01   1.1623681E+05   5.6692481E+04   1.7292929E+05   0.0000000E+00   0.0000000E+00   0.0000000E+00
   8.1159420E-01   1.0620491E+05   5.4151111E+04   1.6035603E+05   0.0000000E+00   0.0000000E+00   0.0000000E+00
   8.2608696E-01   9.6338908E+04   4.8880663E+04   1.4521957E+05   0.0000000E+00   0.0000000E+00   0.0000000E+00
   8.4057971E-01   8.9282284E+04   4.3857277E+04   1.3313956E+05   0.0000000E+00   0.0000000E+00   0.0000000E+00
   8.5507246E-01   8.0769593E+04   4.0121515E+04   1.2089111E+05   0.0000000E+00   0.0000000E+00   0.0000000E+00
   8.6956522E-01   7.3348911E+04   3.6068266E+04   1.0941718E+05   0.0000000E+00   0.0000000E+00   0.0000000E+00
   8.8405797E-01   6.5177777E+04   3.2918069E+04   9.8095846E+04   0.0000000E+00   0.0000000E+00   0.0000000E+00
   8.9855072E-01   5.6781365E+04   2.7987371E+04   8.4756515E+04   0.0000000E+00   0.0000000E+00   0.0000000E+00
   9.1304348E-01   5.0227117E+04   2.5306000E+04   7.5533117E+04   0.0000000E+00   0.0000000E+00   0.0000000E+00
   9.2753623E-01   4.0609950E+04   2.2009883E+04   6.2619833E+04   0.0000000E+00   0.0000000E+00   0.0000000E+00
   9.4202899E-01   3.4984120E+04   1.7392971E+04   5.2377091E+04   0.0000000E+00   0.0000000E+00   0.0000000E+00
   9.5652174E-01   2.7944410E+04   1.3535933E+04   4.1480343E+04   0.0000000E+00   0.0000000E+00   0.0000000E+00
   9.7101449E-01   1.9350559E+04   9.6130773E+03   2.8963637E+04   0.0000000E+00   0.0000000E+00   0.0000000E+00
   9.8550725E-01   6.5967664E+03   3.3875287E+03   9.9842951E+03   0.0000000E+00   0.0000000E+00   0.0000000E+00
   1.0000000E+00   0.0000000E+00   0.0000000E+00   0.0000000E+00   0.0000000E+00   0.0000000E+00   0.0000000E+00
