   0.0000000E+00   3.6371361E+05   1.6973302E+05   5.3344663E+05   0.0000000E+00   0.0000000E+00   0.0000000E+00
   1.4492754E-02   3.4401245E+05   1.8943417E+05   5.3344663E+05   0.0000000E+00   0.0000000E+00   0.0000000E+00
   2.8985507E-02   3.4818001E+05   1.8829757E+05   5.3647757E+05   0.0000000E+00   0.0000000E+00   0.0000000E+00
   4.3478261E-02   3.6396619E+05   1.8059391E+05   5.4456010E+05   0.0000000E+00   0.0000000E+00   0.0000000E+00
   5.7971014E-02   3.4893774E+05   1.7825755E+05   5.2719530E+05   0.0000000E+00   0.0000000E+00   0.0000000E+00
   7.2463768E-02   3.6295587E+05   1.8109907E+05   5.4405494E+05   0.0000000E+00   0.0000000E+00   0.0000000E+00
   8.6956522E-02   3.6447135E+05   1.7743667E+05   5.4190802E+05   0.0000000E+00   0.0000000E+00   0.0000000E+00
   1.0144928E-01   3.6089916E+05   1.7676914E+05   5.3766830E+05   0.0000000E+00   0.0000000E+00   0.0000000E+00
   1.1594203E-01   3.6882833E+05   1.9739041E+05   5.6621874E+05   0.0000000E+00   0.0000000E+00   0.0000000E+00
   1.3043478E-01   3.6152459E+05   1.8665580E+05   5.4818039E+05   0.0000000E+00   0.0000000E+00   0.0000000E+00
   1.4492754E-01   3.7310954E+05   1.8276609E+05   5.5587563E+05   0.0000000E+00   0.0000000E+00   0.0000000E+00
   1.5942029E-01   3.8369030E+05   1.9074299E+05   5.7443329E+05   0.0000000E+00   0.0000000E+00   0.0000000E+00
   1.7391304E-01   3.9320219E+05   1.9612751E+05   5.8932971E+05   0.0000000E+00   0.0000000E+00   0.0000000E+00
   1.8840580E-01   3.9821977E+05   1.9759441E+05   5.9581418E+05   0.0000000E+00   0.0000000E+00   0.0000000E+00
   2.0289855E-01   4.1453609E+05   2.0540077E+05   6.1988273E+05   0.0000000E+00   0.0000000E+00   0.0000000E+00
   2.1739130E-01   4.0230766E+05   2.0645799E+05   6.0876565E+05   0.0000000E+00   0.0000000E+00   0.0000000E+00
   2.3188406E-01   4.3404104E+05   2.1349231E+05   6.4748600E+05   0.0000000E+00   0.0000000E+00   0.0000000E+00
   2.4637681E-01   4.3632261E+05   2.1836188E+05   6.5468450E+05   0.0000000E+00   0.0000000E+00   0.0000000E+00
   2.6086957E-01   4.3915050E+05   2.2306926E+05   6.6217767E+05   0.0000000E+00   0.0000000E+00   0.0000000E+00
   2.7536232E-01   4.4431286E+05   2.2157816E+05   6.6581126E+05   0.0000000E+00   0.0000000E+00   0.0000000E+00
   2.8985507E-01   4.4820125E+05   2.3122335E+05   6.7938671E+05   0.0000000E+00   0.0000000E+00   0.0000000E+00
   3.0434783E-01   4.5319870E+05   2.3056845E+05   6.8369499E+05   0.0000000E+00   0.0000000E+00   0.0000000E+00
   3.1884058E-01   4.5409093E+05   2.2618440E+05   6.8024089E+05   0.0000000E+00   0.0000000E+00   0.0000000E+00
   3.3333333E-01   4.5543269E+05   2.2893531E+05   6.8430212E+05   0.0000000E+00   0.0000000E+00   0.0000000E+00
   3.4782609E-01   4.4741194E+05   2.2334289E+05   6.7075483E+05   0.0000000E+00   0.0000000E+00   0.0000000E+00
   3.6231884E-01   4.4664031E+05   2.2907895E+05   6.7559803E+05   0.0000000E+00   0.0000000E+00   0.0000000E+00
   3.7681159E-01   4.4578232E+05   2.2475636E+05   6.7045125E+05   0.0000000E+00   0.0000000E+00   0.0000000E+00
   3.9130435E-01   4.3940308E+05   2.2325168E+05   6.6259863E+05   0.0000000E+00   0.0000000E+00   0.0000000E+00
   4.0579710E-01   4.3954140E+05   2.1817404E+05   6.5758013E+05   0.0000000E+00   0.0000000E+00   0.0000000E+00
   4.2028986E-01   4.2987186E+05   2.1540625E+05   6.4522585E+05   0.0000000E+00   0.0000000E+00   0.0000000E+00
   4.3478261E-01   4.2016499E+05   2.1118121E+05   6.3124517E+05   0.0000000E+00   0.0000000E+00   0.0000000E+00
   4.4927536E-01   4.1611966E+05   2.0451558E+05   6.2061079E+05   0.0000000E+00   0.0000000E+00   0.0000000E+00
   4.6376812E-01   3.9793016E+05   2.0312079E+05   6.0100359E+05   0.0000000E+00   0.0000000E+00   0.0000000E+00
   4.7826087E-01   3.8945369E+05   1.9287843E+05   5.8226324E+05   0.0000000E+00   0.0000000E+00   0.0000000E+00
   4.9275362E-01   3.7378705E+05   1.9054849E+05   5.6433554E+05   0.0000000E+00   0.0000000E+00   0.0000000E+00
   5.0724638E-01   3.6722085E+05   1.8462796E+05   5.5178385E+05   0.0000000E+00   0.0000000E+00   0.0000000E+00
   5.2173913E-01   3.5158982E+05   1.7320598E+05   5.2473265E+05   0.0000000E+00   0.0000000E+00   0.0000000E+00
   5.3623188E-01   3.4122726E+05   1.6909816E+05   5.1020254E+05   0.0000000E+00   0.0000000E+00   0.0000000E+00
   5.5072464E-01   3.2323452E+05   1.6570505E+05   4.8895951E+05   0.0000000E+00   0.0000000E+00   0.0000000E+00
   5.6521739E-01   3.1348927E+05   1.5613262E+05   4.6962188E+05   0.0000000E+00   0.0000000E+00   0.0000000E+00
   5.7971014E-01   2.9682440E+05   1.4808069E+05   4.4488615E+05   0.0000000E+00   0.0000000E+00   0.0000000E+00
   5.9420290E-01   2.8126816E+05   1.4093902E+05   4.2218870E+05   2.7932665E-05   0.0000000E+00   1.8609142E-05
   6.0869565E-01   2.6995271E+05   1.3583332E+05   4.0574995E+05   0.0000000E+00   0.0000000E+00   0.0000000E+00
   6.2318841E-01   2.5498721E+05   1.2814561E+05   3.8307995E+05   0.0000000E+00   0.0000000E+00   0.0000000E+00
   6.3768116E-01   2.3891093E+05   1.1844802E+05   3.5730729E+05   0.0000000E+00   0.0000000E+00   0.0000000E+00
   6.5217391E-01   2.2639488E+05   1.1266703E+05   3.3902823E+05   0.0000000E+00   0.0000000E+00   0.0000000E+00
   6.6666667E-01   2.1541136E+05   1.0698913E+05   3.2238401E+05   0.0000000E+00   0.0000000E+00   0.0000000E+00
   6.8115942E-01   2.0389566E+05   9.9021675E+04   3.0291733E+05   0.0000000E+00   0.0000000E+00   0.0000000E+00
   6.9565217E-01   1.8825021E+05   9.5206457E+04   2.8340931E+05   0.0000000E+00   0.0000000E+00   0.0000000E+00
   7.1014493E-01   1.7499078E+05   8.6969615E+04   2.6196040E+05   0.0000000E+00   0.0000000E+00   0.0000000E+00
   7.2463768E-01   1.6692939E+05   8.3608666E+04   2.5053806E+05   0.0000000E+00   0.0000000E+00   0.0000000E+00
   7.3913043E-01   1.5653948E+05   7.7259427E+04   2.3379891E+05   0.0000000E+00   0.0000000E+00   0.0000000E+00
   7.5362319E-01   1.4464028E+05   7.2086988E+04   2.1672726E+05   0.0000000E+00   0.0000000E+00   0.0000000E+00
   7.6811594E-01   1.3373338E+05   6.7152627E+04   2.0088600E+05   0.0000000E+00   0.0000000E+00   0.0000000E+00
   7.8260870E-01   1.2655606E+05   6.2050215E+04   1.8859224E+05   0.0000000E+00   0.0000000E+00   0.0000000E+00
   7.9710145E-01   1.1481777E+05   5.8814144E+04   1.7363192E+05   0.0000000E+00   0.0000000E+00   0.0000000E+00
   8.1159420E-01   1.0657025E+05   5.2973913E+04   1.5954417E+05   0.0000000E+00   0.0000000E+00   0.0000000E+00
   8.2608696E-01   9.7003589E+04   4.9093361E+04   1.4609695E+05   0.0000000E+00   0.0000000E+00   0.0000000E+00
   8.4057971E-01   8.8067293E+04   4.4288403E+04   1.3235570E+05   0.0000000E+00   0.0000000E+00   0.0000000E+00
   8.5507246E-01   8.1296156E+04   4.0352689E+04   1.2164885E+05   0.0000000E+00   0.0000000E+00   0.0000000E+00
   8.6956522E-01   7.3500458E+04   3.5095837E+04   1.0858367E+05   0.0000000E+00   0.0000000E+00   0.0000000E+00
   8.8405797E-01   6.5513168E+04   3.1651034E+04   9.7164202E+04   0.0000000E+00   0.0000000E+00   0.0000000E+00
   8.9855072E-01   5.5815862E+04   2.9356186E+04   8.5172048E+04   0.0000000E+00   0.0000000E+00   0.0000000E+00
   9.1304348E-01   5.0082787E+04   2.3982967E+04   7.4065754E+04   0.0000000E+00   0.0000000E+00   0.0000000E+00
   9.2753623E-01   4.2066226E+04   2.2080921E+04   6.4147146E+04   0.0000000E+00   0.0000000E+00   0.0000000E+00
   9.4202899E-01   3.5135667E+04   1.8092421E+04   5.3228088E+04   0.0000000E+00   0.0000000E+00   0.0000000E+00
   9.5652174E-01   2.6773363E+04   1.3731107E+04   4.0504470E+04   0.0000000E+00   0.0000000E+00   0.0000000E+00
   9.7101449E-01   1.9791630E+04   9.9071244E+03   2.9698754E+04   0.0000000E+00   0.0000000E+00   0.0000000E+00
   9.8550725E-01   6.1064662E+03   3.4098151E+03   9.5162813E+03   0.0000000E+00   0.0000000E+00   0.0000000E+00
   1.0000000E+00   0.0000000E+00   0.0000000E+00   0.0000000E+00   0.0000000E+00   0.0000000E+00   0.0000000E+00
