   0.0000000E+00   4.2433254E+05   1.6367112E+05   5.8800367E+05   0.0000000E+00   0.0000000E+00   0.0000000E+00
   1.4492754E-02   3.5083208E+05   1.7049075E+05   5.2132284E+05   0.0000000E+00   0.0000000E+00   0.0000000E+00
   2.8985507E-02   3.2241696E+05   1.7390057E+05   4.9631753E+05   0.0000000E+00   0.0000000E+00   0.0000000E+00
   4.3478261E-02   3.5563108E+05   1.6417628E+05   5.1980737E+05   0.0000000E+00   0.0000000E+00   0.0000000E+00
   5.7971014E-02   3.4041321E+05   1.6727037E+05   5.0768358E+05   0.0000000E+00   0.0000000E+00   0.0000000E+00
   7.2463768E-02   3.5507541E+05   1.7367325E+05   5.2874866E+05   0.0000000E+00   0.0000000E+00   0.0000000E+00
   8.6956522E-02   3.5487335E+05   1.7326912E+05   5.2814247E+05   0.0000000E+00   0.0000000E+00   0.0000000E+00
   1.0144928E-01   3.6869302E+05   1.8802695E+05   5.5671997E+05   0.0000000E+00   0.0000000E+00   0.0000000E+00
   1.1594203E-01   3.7356419E+05   1.8204624E+05   5.5561042E+05   0.0000000E+00   0.0000000E+00   0.0000000E+00
   1.3043478E-01   3.6649198E+05   1.9069707E+05   5.5718904E+05   0.0000000E+00   0.0000000E+00   0.0000000E+00
   1.4492754E-01   3.8455137E+05   1.8738828E+05   5.7193965E+05   0.0000000E+00   0.0000000E+00   0.0000000E+00
   1.5942029E-01   3.8699679E+05   1.8702319E+05   5.7395110E+05   0.0000000E+00   0.0000000E+00   0.0000000E+00
   1.7391304E-01   3.8720345E+05   1.9713783E+05   5.8434127E+05   0.0000000E+00   0.0000000E+00   0.0000000E+00
   1.8840580E-01   4.1302478E+05   2.0190768E+05   6.1487418E+05   0.0000000E+00   0.0000000E+00   0.0000000E+00
   2.0289855E-01   4.0982730E+05   2.1054255E+05   6.2031572E+05   0.0000000E+00   0.0000000E+00   0.0000000E+00
   2.1739130E-01   4.1685621E+05   2.1186318E+05   6.2851732E+05   0.0000000E+00   0.0000000E+00   0.0000000E+00
   2.3188406E-01   4.2712670E+05   2.1912798E+05   6.4615996E+05   0.0000000E+00   0.0000000E+00   0.0000000E+00
   2.4637681E-01   4.3297966E+05   2.0802101E+05   6.4100066E+05   0.0000000E+00   0.0000000E+00   0.0000000E+00
   2.6086957E-01   4.3258345E+05   2.2370071E+05   6.5624206E+05   0.0000000E+00   0.0000000E+00   0.0000000E+00
   2.7536232E-01   4.4104263E+05   2.1842757E+05   6.5947020E+05   0.0000000E+00   0.0000000E+00   0.0000000E+00
   2.8985507E-01   4.4683732E+05   2.2542666E+05   6.7222610E+05   0.0000000E+00   0.0000000E+00   0.0000000E+00
   3.0434783E-01   4.5294612E+05   2.2450655E+05   6.7723618E+05   0.0000000E+00   0.0000000E+00   0.0000000E+00
   3.1884058E-01   4.5095665E+05   2.2673548E+05   6.7765769E+05   0.0000000E+00   0.0000000E+00   0.0000000E+00
   3.3333333E-01   4.5045799E+05   2.2504780E+05   6.7537400E+05   0.0000000E+00   0.0000000E+00   0.0000000E+00
   3.4782609E-01   4.5249509E+05   2.2953107E+05   6.8199459E+05   0.0000000E+00   0.0000000E+00   0.0000000E+00
   3.6231884E-01   4.5239911E+05   2.2923050E+05   6.8159930E+05   0.0000000E+00   0.0000000E+00   0.0000000E+00
   3.7681159E-01   4.5373856E+05   2.2018079E+05   6.7389021E+05   0.0000000E+00   0.0000000E+00   0.0000000E+00
   3.9130435E-01   4.4734529E+05   2.2151169E+05   6.6880085E+05   0.0000000E+00   0.0000000E+00   0.0000000E+00
   4.0579710E-01   4.3315476E+05   2.2282871E+05   6.5592935E+05   0.0000000E+00   0.0000000E+00   0.0000000E+00
   4.2028986E-01   4.3136120E+05   2.1383852E+05   6.4506908E+05   0.0000000E+00   0.0000000E+00   0.0000000E+00
   4.3478261E-01   4.2072066E+05   2.0969100E+05   6.3033589E+05   0.0000000E+00   0.0000000E+00   0.0000000E+00
   4.4927536E-01   4.0952001E+05   2.0480889E+05   6.1428002E+05   0.0000000E+00   0.0000000E+00   0.0000000E+00
   4.6376812E-01   3.9904308E+05   2.0049239E+05   5.9953547E+05   0.0000000E+00   0.0000000E+00   0.0000000E+00
   4.7826087E-01   3.8890261E+05   1.9499091E+05   5.8380167E+05   0.0000000E+00   0.0000000E+00   0.0000000E+00
   4.9275362E-01   3.7454479E+05   1.8716096E+05   5.6157203E+05   0.0000000E+00   0.0000000E+00   0.0000000E+00
   5.0724638E-01   3.6367031E+05   1.8376197E+05   5.4738898E+05   0.0000000E+00   0.0000000E+00   0.0000000E+00
   5.2173913E-01   3.5626253E+05   1.7343751E+05   5.2967899E+05   0.0000000E+00   0.0000000E+00   0.0000000E+00
   5.3623188E-01   3.4243554E+05   1.6930295E+05   5.1167706E+05   0.0000000E+00   0.0000000E+00   0.0000000E+00
   5.5072464E-01   3.2484969E+05   1.6313273E+05   4.8796248E+05   0.0000000E+00   0.0000000E+00   0.0000000E+00
   5.6521739E-01   3.0857369E+05   1.5308224E+05   4.6163650E+05   0.0000000E+00   0.0000000E+00   0.0000000E+00
   5.7971014E-01   3.0042365E+05   1.5183149E+05   4.5223620E+05   0.0000000E+00   0.0000000E+00   0.0000000E+00
   5.9420290E-01   2.7978965E+05   1.4276868E+05   4.2255833E+05   0.0000000E+00   0.0000000E+00   0.0000000E+00
   6.0869565E-01   2.7000684E+05   1.3153948E+05   4.0152828E+05   0.0000000E+00   0.0000000E+00   0.0000000E+00
   6.2318841E-01   2.5793004E+05   1.2983730E+05   3.8771448E+05   0.0000000E+00   0.0000000E+00   0.0000000E+00
   6.3768116E-01   2.4044363E+05   1.2173729E+05   3.6212925E+05   0.0000000E+00   0.0000000E+00   0.0000000E+00
   6.5217391E-01   2.2797771E+05   1.1135362E+05   3.3929765E+05   0.0000000E+00   0.0000000E+00   0.0000000E+00
   6.6666667E-01   2.1308873E+05   1.0550660E+05   3.1859533E+05   0.0000000E+00   0.0000000E+00   0.0000000E+00
   6.8115942E-01   1.9683420E+05   1.0139162E+05   2.9819357E+05   0.0000000E+00   0.0000000E+00   0.0000000E+00
   6.9565217E-01   1.8869222E+05   9.4275072E+04   2.8293572E+05   0.0000000E+00   0.0000000E+00   0.0000000E+00
   7.1014493E-01   1.8052690E+05   8.9938705E+04   2.7043468E+05   0.0000000E+00   0.0000000E+00   0.0000000E+00
   7.2463768E-01   1.6527753E+05   8.4275474E+04   2.4952269E+05   0.0000000E+00   0.0000000E+00   0.0000000E+00
   7.3913043E-01   1.5240908E+05   7.5506232E+04   2.2791531E+05   0.0000000E+00   0.0000000E+00   0.0000000E+00
   7.5362319E-01   1.4351824E+05   7.3456743E+04   2.1697499E+05   0.0000000E+00   0.0000000E+00   0.0000000E+00
   7.6811594E-01   1.3576354E+05   6.7767394E+04   2.0351664E+05   0.0000000E+00   0.0000000E+00   0.0000000E+00
   7.8260870E-01   1.2671041E+05   6.2920209E+04   1.8960256E+05   0.0000000E+00   0.0000000E+00   0.0000000E+00
   7.9710145E-01   1.1485910E+05   5.6692481E+04   1.7152403E+05   0.0000000E+00   0.0000000E+00   0.0000000E+00
   8.1159420E-01   1.0601548E+05   5.3231002E+04   1.5924648E+05   0.0000000E+00   0.0000000E+00   0.0000000E+00
   8.2608696E-01   9.7721445E+04   4.8588203E+04   1.4629635E+05   0.0000000E+00   0.0000000E+00   0.0000000E+00
   8.4057971E-01   8.8968738E+04   4.3713568E+04   1.3266924E+05   0.0000000E+00   0.0000000E+00   0.0000000E+00
   8.5507246E-01   8.1013610E+04   4.0160044E+04   1.2116081E+05   0.0000000E+00   0.0000000E+00   0.0000000E+00
   8.6956522E-01   7.3437314E+04   3.5436819E+04   1.0887413E+05   0.0000000E+00   0.0000000E+00   0.0000000E+00
   8.8405797E-01   6.4867229E+04   3.2806272E+04   9.7673501E+04   0.0000000E+00   0.0000000E+00   0.0000000E+00
   8.9855072E-01   5.8223509E+04   2.9881713E+04   8.8105222E+04   0.0000000E+00   0.0000000E+00   0.0000000E+00
   9.1304348E-01   5.0347393E+04   2.5113559E+04   7.5460952E+04   0.0000000E+00   0.0000000E+00   0.0000000E+00
   9.2753623E-01   4.2871321E+04   2.1441580E+04   6.4312901E+04   0.0000000E+00   0.0000000E+00   0.0000000E+00
   9.4202899E-01   3.5182297E+04   1.7800983E+04   5.2983280E+04   0.0000000E+00   0.0000000E+00   0.0000000E+00
   9.5652174E-01   2.6991499E+04   1.4155899E+04   4.1147398E+04   0.0000000E+00   0.0000000E+00   0.0000000E+00
   9.7101449E-01   1.9135679E+04   9.5226013E+03   2.8658280E+04   0.0000000E+00   0.0000000E+00   0.0000000E+00
   9.8550725E-01   6.6636255E+03   3.1312354E+03   9.7948610E+03   0.0000000E+00   0.0000000E+00   0.0000000E+00
   1.0000000E+00   0.0000000E+00   0.0000000E+00   0.0000000E+00   0.0000000E+00   0.0000000E+00   0.0000000E+00
