   0.0000000E+00   3.0309467E+05   1.4548544E+05   4.4858012E+05   0.0000000E+00   0.0000000E+00   0.0000000E+00
   1.4492754E-02   3.4628566E+05   1.6670207E+05   5.1298774E+05   0.0000000E+00   0.0000000E+00   0.0000000E+00
   2.8985507E-02   3.6409248E+05   1.6329226E+05   5.2738473E+05   0.0000000E+00   0.0000000E+00   0.0000000E+00
   4.3478261E-02   3.5790429E+05   1.7983617E+05   5.3774047E+05   0.0000000E+00   0.0000000E+00   0.0000000E+00
   5.7971014E-02   3.5878832E+05   1.7484774E+05   5.3363606E+05   0.0000000E+00   0.0000000E+00   0.0000000E+00
   7.2463768E-02   3.6022802E+05   1.8034133E+05   5.4056935E+05   1.8997163E-05   0.0000000E+00   1.2659450E-05
   8.6956522E-02   3.5600995E+05   1.6897528E+05   5.2473265E+05   0.0000000E+00   0.0000000E+00   0.0000000E+00
   1.0144928E-01   3.5656923E+05   1.8488775E+05   5.4134874E+05   0.0000000E+00   0.0000000E+00   0.0000000E+00
   1.1594203E-01   3.7612155E+05   1.8204624E+05   5.5807307E+05   0.0000000E+00   0.0000000E+00   0.0000000E+00
   1.3043478E-01   3.7204871E+05   1.8236196E+05   5.5441067E+05   0.0000000E+00   0.0000000E+00   0.0000000E+00
   1.4492754E-01   3.7871679E+05   1.8776715E+05   5.6640817E+05   0.0000000E+00   0.0000000E+00   0.0000000E+00
   1.5942029E-01   3.8341476E+05   1.8929640E+05   5.7271116E+05   0.0000000E+00   0.0000000E+00   0.0000000E+00
   1.7391304E-01   3.9301276E+05   1.9435946E+05   5.8737222E+05   0.0000000E+00   0.0000000E+00   0.0000000E+00
   1.8840580E-01   4.0200845E+05   2.0202426E+05   6.0403271E+05   2.7000948E-05   0.0000000E+00   1.7970235E-05
   2.0289855E-01   3.9997672E+05   2.0469715E+05   6.0467387E+05   0.0000000E+00   0.0000000E+00   0.0000000E+00
   2.1739130E-01   4.1316856E+05   2.1039822E+05   6.2351626E+05   0.0000000E+00   0.0000000E+00   0.0000000E+00
   2.3188406E-01   4.3053651E+05   2.1145589E+05   6.4194505E+05   0.0000000E+00   0.0000000E+00   0.0000000E+00
   2.4637681E-01   4.3601060E+05   2.2067967E+05   6.5669027E+05   1.6418992E-05   0.0000000E+00   1.0901417E-05
   2.6086957E-01   4.4504401E+05   2.1544980E+05   6.6040962E+05   0.0000000E+00   0.0000000E+00   0.0000000E+00
   2.7536232E-01   4.3653609E+05   2.2189721E+05   6.5835354E+05   0.0000000E+00   1.6398097E-09   5.5269574E-10
   2.8985507E-01   4.4801181E+05   2.2432795E+05   6.7226399E+05   2.9855400E-05   0.0000000E+00   1.9896309E-05
   3.0434783E-01   4.5269354E+05   2.2649110E+05   6.7914857E+05   0.0000000E+00   0.0000000E+00   0.0000000E+00
   3.1884058E-01   4.4565250E+05   2.2232683E+05   6.6791044E+05   0.0000000E+00   0.0000000E+00   0.0000000E+00
   3.3333333E-01   4.4650458E+05   2.2511369E+05   6.7158532E+05   0.0000000E+00   0.0000000E+00   0.0000000E+00
   3.4782609E-01   4.5675736E+05   2.3117283E+05   6.8789862E+05   0.0000000E+00   0.0000000E+00   0.0000000E+00
   3.6231884E-01   4.5912781E+05   2.2268366E+05   6.8175085E+05   1.1677388E-06   0.0000000E+00   7.8641832E-07
   3.7681159E-01   4.4869669E+05   2.2268715E+05   6.7129641E+05   0.0000000E+00   0.0000000E+00   0.0000000E+00
   3.9130435E-01   4.4423015E+05   2.2364458E+05   6.6779053E+05   0.0000000E+00   0.0000000E+00   0.0000000E+00
   4.0579710E-01   4.4779532E+05   2.1996013E+05   6.6767427E+05   0.0000000E+00   0.0000000E+00   0.0000000E+00
   4.2028986E-01   4.2945380E+05   2.1010209E+05   6.3939912E+05   0.0000000E+00   0.0000000E+00   0.0000000E+00
   4.3478261E-01   4.1892735E+05   2.1004461E+05   6.2892145E+05   4.6839637E-06   0.0000000E+00   3.1200089E-06
   4.4927536E-01   4.1259985E+05   2.1013749E+05   6.2261512E+05   0.0000000E+00   0.0000000E+00   0.0000000E+00
   4.6376812E-01   3.9804855E+05   2.0191315E+05   5.9993802E+05   6.0308829E-06   0.0000000E+00   4.0013870E-06
   4.7826087E-01   3.8628498E+05   1.9673600E+05   5.8299801E+05   0.0000000E+00   0.0000000E+00   0.0000000E+00
   4.9275362E-01   3.7697400E+05   1.8321627E+05   5.6010113E+05   0.0000000E+00   0.0000000E+00   0.0000000E+00
   5.0724638E-01   3.6724250E+05   1.8151041E+05   5.4870961E+05   7.4742181E-06   0.0000000E+00   5.0023737E-06
   5.2173913E-01   3.5803058E+05   1.7409000E+05   5.3212059E+05   0.0000000E+00   0.0000000E+00   0.0000000E+00
   5.3623188E-01   3.3874926E+05   1.7145328E+05   5.1014110E+05   0.0000000E+00   0.0000000E+00   0.0000000E+00
   5.5072464E-01   3.2977498E+05   1.6401011E+05   4.9378509E+05   1.3921879E-05   0.0000000E+00   9.2977440E-06
   5.6521739E-01   3.1129377E+05   1.5642405E+05   4.6767897E+05   0.0000000E+00   0.0000000E+00   0.0000000E+00
   5.7971014E-01   2.9398289E+05   1.4792914E+05   4.4191203E+05   0.0000000E+00   0.0000000E+00   0.0000000E+00
   5.9420290E-01   2.8283908E+05   1.3984862E+05   4.2266922E+05   0.0000000E+00   0.0000000E+00   0.0000000E+00
   6.0869565E-01   2.6825683E+05   1.3547249E+05   4.0369324E+05   0.0000000E+00   0.0000000E+00   0.0000000E+00
   6.2318841E-01   2.5516342E+05   1.2604862E+05   3.8121204E+05   0.0000000E+00   0.0000000E+00   0.0000000E+00
   6.3768116E-01   2.3835985E+05   1.2070401E+05   3.5904664E+05   1.5988739E-06   0.0000000E+00   1.0614424E-06
   6.5217391E-01   2.2420587E+05   1.1576533E+05   3.3995435E+05   0.0000000E+00   0.0000000E+00   0.0000000E+00
   6.6666667E-01   2.1457126E+05   1.0596783E+05   3.2050614E+05   0.0000000E+00   4.6955788E-09   1.5524828E-09
   6.8115942E-01   2.0021983E+05   1.0237506E+05   3.0254652E+05   0.0000000E+00   0.0000000E+00   0.0000000E+00
   6.9565217E-01   1.8627693E+05   9.5269602E+04   2.8153075E+05   0.0000000E+00   0.0000000E+00   0.0000000E+00
   7.1014493E-01   1.8113000E+05   8.9211897E+04   2.7034189E+05   0.0000000E+00   0.0000000E+00   0.0000000E+00
   7.2463768E-01   1.6852064E+05   8.3972379E+04   2.5247786E+05   7.7516822E-06   0.0000000E+00   5.1739920E-06
   7.3913043E-01   1.5401370E+05   7.8789758E+04   2.3278860E+05   0.0000000E+00   0.0000000E+00   0.0000000E+00
   7.5362319E-01   1.4436341E+05   7.2320138E+04   2.1668355E+05   0.0000000E+00   0.0000000E+00   0.0000000E+00
   7.6811594E-01   1.3307572E+05   6.7338486E+04   2.0038561E+05   0.0000000E+00   6.0267605E-09   2.0252598E-09
   7.8260870E-01   1.2282350E+05   6.1362639E+04   1.8417211E+05   4.3156874E-05   0.0000000E+00   2.8781114E-05
   7.9710145E-01   1.1458356E+05   5.7216008E+04   1.7179957E+05   0.0000000E+00   0.0000000E+00   0.0000000E+00
   8.1159420E-01   1.0857284E+05   5.3176878E+04   1.6174972E+05   0.0000000E+00   0.0000000E+00   0.0000000E+00
   8.2608696E-01   9.8093667E+04   4.9239591E+04   1.4731996E+05   0.0000000E+00   0.0000000E+00   0.0000000E+00
   8.4057971E-01   8.7296492E+04   4.4118565E+04   1.3141506E+05   0.0000000E+00   0.0000000E+00   0.0000000E+00
   8.5507246E-01   7.9318335E+04   4.1213170E+04   1.2053150E+05   5.4433838E-05   0.0000000E+00   3.5821351E-05
   8.6956522E-01   7.2932156E+04   3.6762858E+04   1.0969501E+05   5.1639219E-05   0.0000000E+00   3.4333006E-05
   8.8405797E-01   6.5500746E+04   3.2383927E+04   9.7884673E+04   8.0462274E-05   0.0000000E+00   5.3842331E-05
   8.9855072E-01   5.6940245E+04   2.9612838E+04   8.6553084E+04   0.0000000E+00   0.0000000E+00   0.0000000E+00
   9.1304348E-01   4.8795837E+04   2.5330055E+04   7.4125892E+04   0.0000000E+00   0.0000000E+00   0.0000000E+00
   9.2753623E-01   4.2255660E+04   2.1595495E+04   6.3851155E+04   0.0000000E+00   0.0000000E+00   0.0000000E+00
   9.4202899E-01   3.5135667E+04   1.8313913E+04   5.3449580E+04   0.0000000E+00   0.0000000E+00   0.0000000E+00
   9.5652174E-01   2.7301482E+04   1.4190342E+04   4.1491824E+04   0.0000000E+00   0.0000000E+00   0.0000000E+00
   9.7101449E-01   1.8909489E+04   1.0122005E+04   2.9031494E+04   0.0000000E+00   0.0000000E+00   0.0000000E+00
   9.8550725E-01   6.8530597E+03   2.9975172E+03   9.8505769E+03   0.0000000E+00   0.0000000E+00   0.0000000E+00
   1.0000000E+00   0.0000000E+00   0.0000000E+00   0.0000000E+00   0.0000000E+00   0.0000000E+00   0.0000000E+00
