   0.0000000E+00   3.3340414E+05   1.6973302E+05   5.0313716E+05   0.0000000E+00   0.0000000E+00   0.0000000E+00
   1.4492754E-02   3.6144040E+05   1.9246512E+05   5.5390552E+05   0.0000000E+00   0.0000000E+00   0.0000000E+00
   2.8985507E-02   3.5689398E+05   1.6745981E+05   5.2435379E+05   0.0000000E+00   0.0000000E+00   0.0000000E+00
   4.3478261E-02   3.6750229E+05   1.7958359E+05   5.4708589E+05   0.0000000E+00   0.0000000E+00   0.0000000E+00
   5.7971014E-02   3.5462077E+05   1.8469832E+05   5.3931908E+05   0.0000000E+00   0.0000000E+00   0.0000000E+00
   7.2463768E-02   3.6856312E+05   1.7958359E+05   5.4814672E+05   0.0000000E+00   0.0000000E+00   0.0000000E+00
   8.6956522E-02   3.5891461E+05   1.7781554E+05   5.3673015E+05   0.0000000E+00   0.0000000E+00   0.0000000E+00
   1.0144928E-01   3.5732697E+05   1.7925885E+05   5.3658582E+05   0.0000000E+00   0.0000000E+00   0.0000000E+00
   1.1594203E-01   3.7290117E+05   1.7882586E+05   5.5172702E+05   0.0000000E+00   0.0000000E+00   0.0000000E+00
   1.3043478E-01   3.7053324E+05   1.8185680E+05   5.5239004E+05   0.0000000E+00   0.0000000E+00   0.0000000E+00
   1.4492754E-01   3.7962608E+05   1.8784292E+05   5.6739323E+05   0.0000000E+00   0.0000000E+00   0.0000000E+00
   1.5942029E-01   3.8520578E+05   1.9129407E+05   5.7649985E+05   0.0000000E+00   0.0000000E+00   0.0000000E+00
   1.7391304E-01   3.9579113E+05   1.9625380E+05   5.9198178E+05   0.0000000E+00   0.0000000E+00   0.0000000E+00
   1.8840580E-01   4.0457310E+05   2.0114995E+05   6.0566476E+05   0.0000000E+00   0.0000000E+00   0.0000000E+00
   2.0289855E-01   4.1291237E+05   1.9955537E+05   6.1241361E+05   0.0000000E+00   0.0000000E+00   0.0000000E+00
   2.1739130E-01   4.2024076E+05   2.1070131E+05   6.3094208E+05   0.0000000E+00   0.0000000E+00   0.0000000E+00
   2.3188406E-01   4.2186990E+05   2.1950685E+05   6.4137674E+05   0.0000000E+00   0.0000000E+00   0.0000000E+00
   2.4637681E-01   4.2803208E+05   2.1533094E+05   6.4331844E+05   0.0000000E+00   0.0000000E+00   0.0000000E+00
   2.6086957E-01   4.4011872E+05   2.2226943E+05   6.6238815E+05   0.0000000E+00   0.0000000E+00   0.0000000E+00
   2.7536232E-01   4.4523012E+05   2.1934483E+05   6.6453507E+05   0.0000000E+00   0.0000000E+00   0.0000000E+00
   2.8985507E-01   4.4858012E+05   2.2303979E+05   6.7158202E+05   0.0000000E+00   0.0000000E+00   0.0000000E+00
   3.0434783E-01   4.4879661E+05   2.2006838E+05   6.6886500E+05   0.0000000E+00   0.0000000E+00   0.0000000E+00
   3.1884058E-01   4.5271323E+05   2.2673548E+05   6.7944871E+05   0.0000000E+00   0.0000000E+00   0.0000000E+00
   3.3333333E-01   4.4989792E+05   2.2699155E+05   6.7685653E+05   0.0000000E+00   0.0000000E+00   0.0000000E+00
   3.4782609E-01   4.5511560E+05   2.2337446E+05   6.7839534E+05   0.0000000E+00   0.0000000E+00   0.0000000E+00
   3.6231884E-01   4.4657969E+05   2.2438099E+05   6.7086975E+05   0.0000000E+00   0.0000000E+00   0.0000000E+00
   3.7681159E-01   4.4563660E+05   2.2341575E+05   6.6899406E+05   0.0000000E+00   0.0000000E+00   0.0000000E+00
   3.9130435E-01   4.4650336E+05   2.2010847E+05   6.6652764E+05   0.0000000E+00   0.0000000E+00   0.0000000E+00
   4.0579710E-01   4.4048857E+05   2.1966245E+05   6.6015102E+05   0.0000000E+00   0.0000000E+00   0.0000000E+00
   4.2028986E-01   4.3222346E+05   2.1579818E+05   6.4794325E+05   0.0000000E+00   0.0000000E+00   0.0000000E+00
   4.3478261E-01   4.1950829E+05   2.1206524E+05   6.3157353E+05   0.0000000E+00   0.0000000E+00   0.0000000E+00
   4.4927536E-01   4.1465307E+05   2.0808427E+05   6.2261512E+05   2.3237758E-05   0.0000000E+00   1.5476026E-05
   4.6376812E-01   4.0044016E+05   1.9599333E+05   5.9636245E+05   0.0000000E+00   0.0000000E+00   0.0000000E+00
   4.7826087E-01   3.8479247E+05   1.9567976E+05   5.8026557E+05   0.0000000E+00   0.0000000E+00   0.0000000E+00
   4.9275362E-01   3.7608255E+05   1.8894387E+05   5.6491498E+05   0.0000000E+00   0.0000000E+00   0.0000000E+00
   5.0724638E-01   3.6960230E+05   1.8436816E+05   5.5397046E+05   0.0000000E+00   0.0000000E+00   0.0000000E+00
   5.2173913E-01   3.5232651E+05   1.7360589E+05   5.2591136E+05   0.0000000E+00   0.0000000E+00   0.0000000E+00
   5.3623188E-01   3.3586167E+05   1.7094130E+05   5.0672105E+05   0.0000000E+00   0.0000000E+00   0.0000000E+00
   5.5072464E-01   3.2720266E+05   1.6403005E+05   4.9121278E+05   0.0000000E+00   0.0000000E+00   0.0000000E+00
   5.6521739E-01   3.1164350E+05   1.5786181E+05   4.6948588E+05   0.0000000E+00   0.0000000E+00   0.0000000E+00
   5.7971014E-01   2.9758214E+05   1.4872477E+05   4.4625008E+05   0.0000000E+00   0.0000000E+00   0.0000000E+00
   5.9420290E-01   2.7984509E+05   1.4177069E+05   4.2157882E+05   0.0000000E+00   0.0000000E+00   0.0000000E+00
   6.0869565E-01   2.6654290E+05   1.3337970E+05   3.9992260E+05   0.0000000E+00   0.0000000E+00   0.0000000E+00
   6.2318841E-01   2.5512818E+05   1.2789890E+05   3.8302708E+05   0.0000000E+00   0.0000000E+00   0.0000000E+00
   6.3768116E-01   2.4223464E+05   1.2006682E+05   3.6230146E+05   0.0000000E+00   0.0000000E+00   0.0000000E+00
   6.5217391E-01   2.2865125E+05   1.1399727E+05   3.4259801E+05   0.0000000E+00   0.0000000E+00   0.0000000E+00
   6.6666667E-01   2.1298990E+05   1.0609961E+05   3.1905656E+05   0.0000000E+00   0.0000000E+00   0.0000000E+00
   6.8115942E-01   2.0191264E+05   1.0189140E+05   3.0380404E+05   0.0000000E+00   0.0000000E+00   0.0000000E+00
   6.9565217E-01   1.9154952E+05   9.4196142E+04   2.8568252E+05   0.0000000E+00   0.0000000E+00   0.0000000E+00
   7.1014493E-01   1.7692378E+05   8.7990239E+04   2.6486763E+05   0.0000000E+00   0.0000000E+00   0.0000000E+00
   7.2463768E-01   1.6559577E+05   8.4214855E+04   2.4979548E+05   0.0000000E+00   0.0000000E+00   0.0000000E+00
   7.3913043E-01   1.5610861E+05   7.7898303E+04   2.3399206E+05   0.0000000E+00   0.0000000E+00   0.0000000E+00
   7.5362319E-01   1.4311023E+05   7.2043272E+04   2.1515350E+05   0.0000000E+00   0.0000000E+00   0.0000000E+00
   7.6811594E-01   1.3399072E+05   6.7867472E+04   2.0184390E+05   0.0000000E+00   0.0000000E+00   0.0000000E+00
   7.8260870E-01   1.2410043E+05   6.2316826E+04   1.8640322E+05   0.0000000E+00   0.0000000E+00   0.0000000E+00
   7.9710145E-01   1.1298543E+05   5.8993245E+04   1.7197867E+05   0.0000000E+00   0.0000000E+00   0.0000000E+00
   8.1159420E-01   1.0514950E+05   5.3068630E+04   1.5821813E+05   0.0000000E+00   0.0000000E+00   0.0000000E+00
   8.2608696E-01   9.7827794E+04   4.8694552E+04   1.4650905E+05   0.0000000E+00   0.0000000E+00   0.0000000E+00
   8.4057971E-01   8.7152783E+04   4.4249209E+04   1.3140199E+05   0.0000000E+00   0.0000000E+00   0.0000000E+00
   8.5507246E-01   8.1861248E+04   3.9492209E+04   1.2135346E+05   0.0000000E+00   0.0000000E+00   0.0000000E+00
   8.6956522E-01   7.2616432E+04   3.6093524E+04   1.0870996E+05   0.0000000E+00   0.0000000E+00   0.0000000E+00
   8.8405797E-01   6.6469656E+04   3.2421193E+04   9.8890848E+04   0.0000000E+00   1.6420389E-04   5.3833961E-05
   8.9855072E-01   5.7587988E+04   2.9209527E+04   8.6797515E+04   0.0000000E+00   0.0000000E+00   0.0000000E+00
   9.1304348E-01   5.1646370E+04   2.4127298E+04   7.5773668E+04   0.0000000E+00   0.0000000E+00   0.0000000E+00
   9.2753623E-01   4.1722876E+04   2.0790400E+04   6.2513276E+04   0.0000000E+00   0.0000000E+00   0.0000000E+00
   9.4202899E-01   3.5870089E+04   1.7672751E+04   5.3542840E+04   0.0000000E+00   0.0000000E+00   0.0000000E+00
   9.5652174E-01   2.8277355E+04   1.3834435E+04   4.2111790E+04   0.0000000E+00   0.0000000E+00   0.0000000E+00
   9.7101449E-01   1.9486273E+04   1.0393433E+04   2.9879706E+04   0.0000000E+00   0.0000000E+00   0.0000000E+00
   9.8550725E-01   6.3516163E+03   3.0866627E+03   9.4382790E+03   0.0000000E+00   0.0000000E+00   0.0000000E+00
   1.0000000E+00   0.0000000E+00   0.0000000E+00   0.0000000E+00   0.0000000E+00   0.0000000E+00   0.0000000E+00
