   0.0000000E+00   2.9703278E+05   1.8791870E+05   4.8495148E+05   0.0000000E+00   0.0000000E+00   0.0000000E+00
   1.4492754E-02   3.2885772E+05   1.7806812E+05   5.0692584E+05   0.0000000E+00   0.0000000E+00   0.0000000E+00
   2.8985507E-02   3.5424190E+05   1.6367112E+05   5.1791302E+05   0.0000000E+00   0.0000000E+00   0.0000000E+00
   4.3478261E-02   3.6068266E+05   1.7352170E+05   5.3420436E+05   0.0000000E+00   0.0000000E+00   0.0000000E+00
   5.7971014E-02   3.5348416E+05   1.6954358E+05   5.2283831E+05   0.0000000E+00   0.0000000E+00   0.0000000E+00
   7.2463768E-02   3.6007647E+05   1.7109694E+05   5.3117342E+05   0.0000000E+00   0.0000000E+00   0.0000000E+00
   8.6956522E-02   3.5689398E+05   1.7124849E+05   5.2814247E+05   0.0000000E+00   0.0000000E+00   0.0000000E+00
   1.0144928E-01   3.6306412E+05   1.7611965E+05   5.3918377E+05   0.0000000E+00   0.0000000E+00   0.0000000E+00
   1.1594203E-01   3.7403777E+05   1.8128850E+05   5.5523156E+05   0.0000000E+00   0.0000000E+00   0.0000000E+00
   1.3043478E-01   3.7162775E+05   1.8168842E+05   5.5323197E+05   0.0000000E+00   0.0000000E+00   0.0000000E+00
   1.4492754E-01   3.7697400E+05   1.9337440E+05   5.7027263E+05   0.0000000E+00   0.0000000E+00   0.0000000E+00
   1.5942029E-01   3.7935054E+05   1.9515164E+05   5.7450218E+05   0.0000000E+00   0.0000000E+00   0.0000000E+00
   1.7391304E-01   3.9730660E+05   1.9631695E+05   5.9362355E+05   0.0000000E+00   0.0000000E+00   0.0000000E+00
   1.8840580E-01   3.9483910E+05   2.0033392E+05   5.9517302E+05   0.0000000E+00   0.0000000E+00   0.0000000E+00
   2.0289855E-01   4.1345361E+05   2.0567139E+05   6.1912499E+05   0.0000000E+00   0.0000000E+00   0.0000000E+00
   2.1739130E-01   4.1417887E+05   2.1246937E+05   6.2664824E+05   0.0000000E+00   0.0000000E+00   0.0000000E+00
   2.3188406E-01   4.3224142E+05   2.1297137E+05   6.4516543E+05   0.0000000E+00   0.0000000E+00   0.0000000E+00
   2.4637681E-01   4.3213277E+05   2.1550923E+05   6.4764200E+05   0.0000000E+00   0.0000000E+00   0.0000000E+00
   2.6086957E-01   4.3738245E+05   2.2374280E+05   6.6099897E+05   0.0000000E+00   0.0000000E+00   0.0000000E+00
   2.7536232E-01   4.4646643E+05   2.2676267E+05   6.7318922E+05   0.0000000E+00   0.0000000E+00   0.0000000E+00
   2.8985507E-01   4.5240669E+05   2.2429006E+05   6.7662097E+05   0.0000000E+00   0.0000000E+00   0.0000000E+00
   3.0434783E-01   4.5121415E+05   2.2717667E+05   6.7839083E+05   0.0000000E+00   0.0000000E+00   0.0000000E+00
   3.1884058E-01   4.4861456E+05   2.2363565E+05   6.7218132E+05   0.0000000E+00   0.0000000E+00   0.0000000E+00
   3.3333333E-01   4.5151223E+05   2.3081318E+05   6.8232541E+05   0.0000000E+00   0.0000000E+00   0.0000000E+00
   3.4782609E-01   4.5432629E+05   2.2504780E+05   6.7931094E+05   0.0000000E+00   0.0000000E+00   0.0000000E+00
   3.6231884E-01   4.5306592E+05   2.2322923E+05   6.7626484E+05   0.0000000E+00   0.0000000E+00   0.0000000E+00
   3.7681159E-01   4.4531602E+05   2.2306602E+05   6.6832376E+05   0.0000000E+00   0.0000000E+00   0.0000000E+00
   3.9130435E-01   4.4745754E+05   2.2179233E+05   6.6922181E+05   0.0000000E+00   0.0000000E+00   0.0000000E+00
   4.0579710E-01   4.3564447E+05   2.1936477E+05   6.5498218E+05   0.0000000E+00   0.0000000E+00   0.0000000E+00
   4.2028986E-01   4.2859155E+05   2.1146079E+05   6.4002621E+05   0.0000000E+00   0.0000000E+00   0.0000000E+00
   4.3478261E-01   4.1824539E+05   2.0759459E+05   6.2576421E+05   0.0000000E+00   0.0000000E+00   0.0000000E+00
   4.4927536E-01   4.1504416E+05   2.0598216E+05   6.2097743E+05   0.0000000E+00   0.0000000E+00   0.0000000E+00
   4.6376812E-01   3.9892468E+05   1.9928475E+05   5.9813839E+05   0.0000000E+00   0.0000000E+00   0.0000000E+00
   4.7826087E-01   3.8814488E+05   1.9595530E+05   5.8405425E+05   0.0000000E+00   0.0000000E+00   0.0000000E+00
   4.9275362E-01   3.7779860E+05   1.8872101E+05   5.6645274E+05   0.0000000E+00   0.0000000E+00   0.0000000E+00
   5.0724638E-01   3.6884457E+05   1.7856606E+05   5.4734568E+05   0.0000000E+00   0.0000000E+00   0.0000000E+00
   5.2173913E-01   3.5422085E+05   1.7817336E+05   5.3235212E+05   0.0000000E+00   0.0000000E+00   0.0000000E+00
   5.3623188E-01   3.3723378E+05   1.7044980E+05   5.0766310E+05   0.0000000E+00   0.0000000E+00   0.0000000E+00
   5.5072464E-01   3.2698332E+05   1.5916458E+05   4.8612796E+05   0.0000000E+00   0.0000000E+00   0.0000000E+00
   5.6521739E-01   3.1329498E+05   1.5751208E+05   4.7076820E+05   0.0000000E+00   0.0000000E+00   0.0000000E+00
   5.7971014E-01   2.9218327E+05   1.4963405E+05   4.4176049E+05   0.0000000E+00   0.0000000E+00   0.0000000E+00
   5.9420290E-01   2.7943850E+05   1.4186309E+05   4.2128311E+05   0.0000000E+00   0.0000000E+00   0.0000000E+00
   6.0869565E-01   2.7071045E+05   1.3770962E+05   4.0840203E+05   0.0000000E+00   0.0000000E+00   0.0000000E+00
   6.2318841E-01   2.5218534E+05   1.2752885E+05   3.7971419E+05   0.0000000E+00   0.0000000E+00   0.0000000E+00
   6.3768116E-01   2.4082250E+05   1.2211616E+05   3.6290421E+05   0.0000000E+00   0.0000000E+00   0.0000000E+00
   6.5217391E-01   2.2651275E+05   1.1283541E+05   3.3931449E+05   0.0000000E+00   0.0000000E+00   0.0000000E+00
   6.6666667E-01   2.1534547E+05   1.0929528E+05   3.2460781E+05   0.0000000E+00   0.0000000E+00   0.0000000E+00
   6.8115942E-01   2.0238018E+05   9.8892698E+04   3.0127288E+05   0.0000000E+00   0.0000000E+00   0.0000000E+00
   6.9565217E-01   1.9039713E+05   9.5143312E+04   2.8554044E+05   0.0000000E+00   0.0000000E+00   0.0000000E+00
   7.1014493E-01   1.7990834E+05   8.6923222E+04   2.6683156E+05   0.0000000E+00   0.0000000E+00   0.0000000E+00
   7.2463768E-01   1.6523206E+05   8.2350823E+04   2.4758288E+05   0.0000000E+00   0.0000000E+00   0.0000000E+00
   7.3913043E-01   1.5382055E+05   7.9294915E+04   2.3311546E+05   0.0000000E+00   0.0000000E+00   0.0000000E+00
   7.5362319E-01   1.4624318E+05   7.1372967E+04   2.1761615E+05   0.0000000E+00   0.0000000E+00   0.0000000E+00
   7.6811594E-01   1.3178900E+05   6.7309893E+04   1.9907029E+05   0.0000000E+00   0.0000000E+00   0.0000000E+00
   7.8260870E-01   1.2337076E+05   6.2176505E+04   1.8554726E+05   0.0000000E+00   0.0000000E+00   0.0000000E+00
   7.9710145E-01   1.1556173E+05   5.7160900E+04   1.7272263E+05   0.0000000E+00   0.0000000E+00   0.0000000E+00
   8.1159420E-01   1.0628610E+05   5.4435262E+04   1.6072136E+05   0.0000000E+00   0.0000000E+00   0.0000000E+00
   8.2608696E-01   9.6405376E+04   4.8242569E+04   1.4463465E+05   0.0000000E+00   0.0000000E+00   0.0000000E+00
   8.4057971E-01   8.8015035E+04   4.4928560E+04   1.3293053E+05   0.0000000E+00   0.0000000E+00   0.0000000E+00
   8.5507246E-01   8.1308999E+04   4.0712293E+04   1.2202129E+05   0.0000000E+00   0.0000000E+00   0.0000000E+00
   8.6956522E-01   7.3096332E+04   3.7065953E+04   1.1016228E+05   0.0000000E+00   0.0000000E+00   0.0000000E+00
   8.8405797E-01   6.4904495E+04   3.2905647E+04   9.7810142E+04   0.0000000E+00   0.0000000E+00   0.0000000E+00
   8.9855072E-01   5.6488048E+04   2.8696222E+04   8.5184269E+04   0.0000000E+00   0.0000000E+00   0.0000000E+00
   9.1304348E-01   4.9938456E+04   2.5426275E+04   7.5364731E+04   0.0000000E+00   0.0000000E+00   0.0000000E+00
   9.2753623E-01   4.2291179E+04   2.1737571E+04   6.4028750E+04   0.0000000E+00   0.0000000E+00   0.0000000E+00
   9.4202899E-01   3.5054065E+04   1.7474574E+04   5.2528638E+04   0.0000000E+00   0.0000000E+00   0.0000000E+00
   9.5652174E-01   2.8989169E+04   1.3845916E+04   4.2835084E+04   0.0000000E+00   0.0000000E+00   0.0000000E+00
   9.7101449E-01   1.9938653E+04   9.2964113E+03   2.9235065E+04   0.0000000E+00   0.0000000E+00   0.0000000E+00
   9.8550725E-01   6.1064662E+03   3.6549652E+03   9.7614314E+03   0.0000000E+00   0.0000000E+00   0.0000000E+00
   1.0000000E+00   0.0000000E+00   0.0000000E+00   0.0000000E+00   0.0000000E+00   0.0000000E+00   0.0000000E+00
