   0.0000000E+00   2.9097089E+05   1.6367112E+05   4.5464201E+05   0.0000000E+00   0.0000000E+00   0.0000000E+00
   1.4492754E-02   3.3870830E+05   1.4245450E+05   4.8116279E+05   0.0000000E+00   0.0000000E+00   0.0000000E+00
   2.8985507E-02   3.6257700E+05   1.6139791E+05   5.2397492E+05   0.0000000E+00   0.0000000E+00   0.0000000E+00
   4.3478261E-02   3.6194556E+05   1.8059391E+05   5.4253947E+05   0.0000000E+00   0.0000000E+00   0.0000000E+00
   5.7971014E-02   3.5234756E+05   1.7731038E+05   5.2965794E+05   0.0000000E+00   0.0000000E+00   0.0000000E+00
   7.2463768E-02   3.5189292E+05   1.8564549E+05   5.3753840E+05   0.0000000E+00   0.0000000E+00   0.0000000E+00
   8.6956522E-02   3.5323158E+05   1.7604749E+05   5.2915278E+05   0.0000000E+00   0.0000000E+00   0.0000000E+00
   1.0144928E-01   3.6945076E+05   1.8358877E+05   5.5303953E+05   0.0000000E+00   0.0000000E+00   0.0000000E+00
   1.1594203E-01   3.6068266E+05   1.8678209E+05   5.4746475E+05   0.0000000E+00   0.0000000E+00   0.0000000E+00
   1.3043478E-01   3.7945769E+05   1.8244615E+05   5.6190385E+05   0.0000000E+00   0.0000000E+00   0.0000000E+00
   1.4492754E-01   3.7697400E+05   1.8761560E+05   5.6451383E+05   0.0000000E+00   0.0000000E+00   0.0000000E+00
   1.5942029E-01   3.8307034E+05   1.8902086E+05   5.7209120E+05   0.0000000E+00   0.0000000E+00   0.0000000E+00
   1.7391304E-01   3.9478081E+05   1.9802185E+05   5.9273952E+05   0.0000000E+00   0.0000000E+00   0.0000000E+00
   1.8840580E-01   4.0025983E+05   1.9969276E+05   5.9995259E+05   0.0000000E+00   0.0000000E+00   0.0000000E+00
   2.0289855E-01   4.0917781E+05   2.0918945E+05   6.1831313E+05   0.0000000E+00   0.0000000E+00   0.0000000E+00
   2.1739130E-01   4.0801595E+05   2.1216627E+05   6.2003067E+05   0.0000000E+00   0.0000000E+00   0.0000000E+00
   2.3188406E-01   4.1566593E+05   2.1657062E+05   6.3218919E+05   0.0000000E+00   0.0000000E+00   0.0000000E+00
   2.4637681E-01   4.2286164E+05   2.1345888E+05   6.3632052E+05   0.0000000E+00   0.0000000E+00   0.0000000E+00
   2.6086957E-01   4.4011872E+05   2.1965945E+05   6.5977817E+05   0.0000000E+00   0.0000000E+00   0.0000000E+00
   2.7536232E-01   4.3817121E+05   2.2337280E+05   6.6150413E+05   0.0000000E+00   0.0000000E+00   0.0000000E+00
   2.8985507E-01   4.4683732E+05   2.2656327E+05   6.7340059E+05   0.0000000E+00   0.0000000E+00   0.0000000E+00
   3.0434783E-01   4.5078116E+05   2.2335191E+05   6.7406090E+05   0.0000000E+00   0.0000000E+00   0.0000000E+00
   3.1884058E-01   4.5143885E+05   2.2742433E+05   6.7882874E+05   0.0000000E+00   0.0000000E+00   0.0000000E+00
   3.3333333E-01   4.4887662E+05   2.2998956E+05   6.7886618E+05   0.0000000E+00   0.0000000E+00   0.0000000E+00
   3.4782609E-01   4.5461044E+05   2.2858390E+05   6.8319434E+05   0.0000000E+00   0.0000000E+00   0.0000000E+00
   3.6231884E-01   4.5085333E+05   2.2765441E+05   6.7847743E+05   0.0000000E+00   0.0000000E+00   0.0000000E+00
   3.7681159E-01   4.4519945E+05   2.2589296E+05   6.7106326E+05   0.0000000E+00   0.0000000E+00   0.0000000E+00
   3.9130435E-01   4.4625078E+05   2.2142750E+05   6.6759408E+05   0.0000000E+00   0.0000000E+00   0.0000000E+00
   4.0579710E-01   4.3794474E+05   2.2031194E+05   6.5817550E+05   0.0000000E+00   0.0000000E+00   0.0000000E+00
   4.2028986E-01   4.3326861E+05   2.1569367E+05   6.4893615E+05   0.0000000E+00   0.0000000E+00   0.0000000E+00
   4.3478261E-01   4.2011448E+05   2.0905955E+05   6.2912351E+05   0.0000000E+00   0.0000000E+00   0.0000000E+00
   4.4927536E-01   4.1653519E+05   2.0898867E+05   6.2537720E+05   0.0000000E+00   0.0000000E+00   0.0000000E+00
   4.6376812E-01   3.9807223E+05   2.0368909E+05   6.0169029E+05   2.8812739E-06   0.0000000E+00   1.9062218E-06
   4.7826087E-01   3.8887965E+05   1.9524349E+05   5.8405425E+05   0.0000000E+00   0.0000000E+00   0.0000000E+00
   4.9275362E-01   3.7309617E+05   1.8702724E+05   5.6005656E+05   0.0000000E+00   0.0000000E+00   0.0000000E+00
   5.0724638E-01   3.6312907E+05   1.7915060E+05   5.4225802E+05   0.0000000E+00   0.0000000E+00   0.0000000E+00
   5.2173913E-01   3.4893774E+05   1.7558443E+05   5.2450112E+05   0.0000000E+00   0.0000000E+00   0.0000000E+00
   5.3623188E-01   3.3780721E+05   1.7192431E+05   5.0969056E+05   0.0000000E+00   0.0000000E+00   0.0000000E+00
   5.5072464E-01   3.2315476E+05   1.6075982E+05   4.8391457E+05   0.0000000E+00   0.0000000E+00   0.0000000E+00
   5.6521739E-01   3.1139092E+05   1.5669606E+05   4.6808698E+05   0.0000000E+00   0.0000000E+00   0.0000000E+00
   5.7971014E-01   2.9832093E+05   1.4874371E+05   4.4702676E+05   0.0000000E+00   0.0000000E+00   0.0000000E+00
   5.9420290E-01   2.8178564E+05   1.3933114E+05   4.2111678E+05   0.0000000E+00   0.0000000E+00   0.0000000E+00
   6.0869565E-01   2.6970014E+05   1.3190031E+05   4.0156436E+05   0.0000000E+00   0.0000000E+00   0.0000000E+00
   6.2318841E-01   2.5491672E+05   1.2692971E+05   3.8182880E+05   0.0000000E+00   0.0000000E+00   0.0000000E+00
   6.3768116E-01   2.3999587E+05   1.2225393E+05   3.6223258E+05   1.0168360E-05   0.0000000E+00   6.7370097E-06
   6.5217391E-01   2.2639488E+05   1.1558010E+05   3.4195815E+05   0.0000000E+00   0.0000000E+00   0.0000000E+00
   6.6666667E-01   2.1615263E+05   1.0829046E+05   3.2444308E+05   0.0000000E+00   0.0000000E+00   0.0000000E+00
   6.8115942E-01   2.0147735E+05   1.0110142E+05   3.0256265E+05   0.0000000E+00   0.0000000E+00   0.0000000E+00
   6.9565217E-01   1.9047606E+05   9.7290233E+04   2.8776629E+05   0.0000000E+00   0.0000000E+00   0.0000000E+00
   7.1014493E-01   1.7853204E+05   9.1052114E+04   2.6958416E+05   0.0000000E+00   0.0000000E+00   0.0000000E+00
   7.2463768E-01   1.6514113E+05   8.2290204E+04   2.4743134E+05   0.0000000E+00   0.0000000E+00   0.0000000E+00
   7.3913043E-01   1.5370169E+05   7.8566894E+04   2.3226858E+05   0.0000000E+00   0.0000000E+00   0.0000000E+00
   7.5362319E-01   1.4312480E+05   7.3558746E+04   2.1668355E+05   0.0000000E+00   0.0000000E+00   0.0000000E+00
   7.6811594E-01   1.3403361E+05   6.7495753E+04   2.0152936E+05   0.0000000E+00   0.0000000E+00   0.0000000E+00
   7.8260870E-01   1.2415656E+05   6.1236350E+04   1.8539291E+05   0.0000000E+00   0.0000000E+00   0.0000000E+00
   7.9710145E-01   1.1579594E+05   5.9379002E+04   1.7516117E+05   0.0000000E+00   0.0000000E+00   0.0000000E+00
   8.1159420E-01   1.0450001E+05   5.3785774E+04   1.5828578E+05   0.0000000E+00   0.0000000E+00   0.0000000E+00
   8.2608696E-01   9.7654977E+04   4.8920544E+04   1.4656223E+05   0.0000000E+00   0.0000000E+00   0.0000000E+00
   8.4057971E-01   8.8707450E+04   4.5398879E+04   1.3410633E+05   0.0000000E+00   0.0000000E+00   0.0000000E+00
   8.5507246E-01   8.0615477E+04   4.0519648E+04   1.2113513E+05   0.0000000E+00   0.0000000E+00   0.0000000E+00
   8.6956522E-01   7.3601490E+04   3.7646884E+04   1.1124837E+05   0.0000000E+00   0.0000000E+00   0.0000000E+00
   8.8405797E-01   6.5699497E+04   3.1638612E+04   9.7338109E+04   0.0000000E+00   0.0000000E+00   0.0000000E+00
   8.9855072E-01   5.7917970E+04   2.8317353E+04   8.6235323E+04   0.0000000E+00   0.0000000E+00   0.0000000E+00
   9.1304348E-01   5.1490012E+04   2.5438303E+04   7.6928315E+04   0.0000000E+00   0.0000000E+00   0.0000000E+00
   9.2753623E-01   4.2231981E+04   2.1417901E+04   6.3649881E+04   0.0000000E+00   0.0000000E+00   0.0000000E+00
   9.4202899E-01   3.4890860E+04   1.8104078E+04   5.2994938E+04   0.0000000E+00   0.0000000E+00   0.0000000E+00
   9.5652174E-01   2.7875525E+04   1.4052571E+04   4.1928097E+04   0.0000000E+00   0.0000000E+00   0.0000000E+00
   9.7101449E-01   1.8954727E+04   9.1041497E+03   2.8058876E+04   0.0000000E+00   0.0000000E+00   0.0000000E+00
   9.8550725E-01   6.5410505E+03   3.0866627E+03   9.6277132E+03   0.0000000E+00   0.0000000E+00   0.0000000E+00
   1.0000000E+00   0.0000000E+00   0.0000000E+00   0.0000000E+00   0.0000000E+00   0.0000000E+00   0.0000000E+00
