   0.0000000E+00   3.1521846E+05   1.6973302E+05   4.8495148E+05   0.0000000E+00   0.0000000E+00   0.0000000E+00
   1.4492754E-02   3.4022377E+05   1.7579491E+05   5.1601868E+05   0.0000000E+00   0.0000000E+00   0.0000000E+00
   2.8985507E-02   3.8758231E+05   1.6215565E+05   5.4973796E+05   0.0000000E+00   0.0000000E+00   0.0000000E+00
   4.3478261E-02   3.6194556E+05   1.7933102E+05   5.4127657E+05   0.0000000E+00   0.0000000E+00   0.0000000E+00
   5.7971014E-02   3.5386303E+05   1.7427944E+05   5.2814247E+05   0.0000000E+00   0.0000000E+00   0.0000000E+00
   7.2463768E-02   3.4992280E+05   1.7897740E+05   5.2890021E+05   0.0000000E+00   0.0000000E+00   0.0000000E+00
   8.6956522E-02   3.5310529E+05   1.8034133E+05   5.3344663E+05   0.0000000E+00   0.0000000E+00   0.0000000E+00
   1.0144928E-01   3.5689398E+05   1.8272279E+05   5.3961677E+05   0.0000000E+00   0.0000000E+00   0.0000000E+00
   1.1594203E-01   3.7687928E+05   1.7911001E+05   5.5598929E+05   0.0000000E+00   0.0000000E+00   0.0000000E+00
   1.3043478E-01   3.7263806E+05   1.8716096E+05   5.5971483E+05   0.0000000E+00   0.0000000E+00   0.0000000E+00
   1.4492754E-01   3.7561007E+05   1.7890163E+05   5.5451171E+05   0.0000000E+00   0.0000000E+00   0.0000000E+00
   1.5942029E-01   3.9147433E+05   1.9074299E+05   5.8214843E+05   0.0000000E+00   0.0000000E+00   0.0000000E+00
   1.7391304E-01   3.8619313E+05   1.9941104E+05   5.8560417E+05   0.0000000E+00   0.0000000E+00   0.0000000E+00
   1.8840580E-01   4.0329078E+05   2.0575465E+05   6.0904543E+05   0.0000000E+00   0.0000000E+00   0.0000000E+00
   2.0289855E-01   4.0771646E+05   2.0269456E+05   6.1041102E+05   0.0000000E+00   0.0000000E+00   0.0000000E+00
   2.1739130E-01   4.1710879E+05   2.1342917E+05   6.3048744E+05   0.0000000E+00   0.0000000E+00   0.0000000E+00
   2.3188406E-01   4.2556387E+05   2.1353967E+05   6.3905618E+05   0.0000000E+00   0.0000000E+00   0.0000000E+00
   2.4637681E-01   4.2580344E+05   2.1622239E+05   6.4198126E+05   0.0000000E+00   0.0000000E+00   0.0000000E+00
   2.6086957E-01   4.3982405E+05   2.2365861E+05   6.6348266E+05   0.0000000E+00   0.0000000E+00   0.0000000E+00
   2.7536232E-01   4.4778250E+05   2.1870674E+05   6.6644935E+05   0.0000000E+00   0.0000000E+00   0.0000000E+00
   2.8985507E-01   4.4933785E+05   2.2432795E+05   6.7366580E+05   0.0000000E+00   0.0000000E+00   0.0000000E+00
   3.0434783E-01   4.4717289E+05   2.2688801E+05   6.7398874E+05   0.0000000E+00   0.0000000E+00   0.0000000E+00
   3.1884058E-01   4.5557196E+05   2.2460004E+05   6.8013756E+05   0.0000000E+00   0.0000000E+00   0.0000000E+00
   3.3333333E-01   4.5434550E+05   2.2597026E+05   6.8028282E+05   0.0000000E+00   0.0000000E+00   0.0000000E+00
   3.4782609E-01   4.4655949E+05   2.2678428E+05   6.7328062E+05   0.0000000E+00   0.0000000E+00   0.0000000E+00
   3.6231884E-01   4.5667274E+05   2.2392634E+05   6.8050816E+05   0.0000000E+00   0.0000000E+00   0.0000000E+00
   3.7681159E-01   4.4176049E+05   2.2720443E+05   6.6893577E+05   0.0000000E+00   0.0000000E+00   0.0000000E+00
   3.9130435E-01   4.4232177E+05   2.2726488E+05   6.6958665E+05   0.0000000E+00   0.0000000E+00   0.0000000E+00
   4.0579710E-01   4.3743056E+05   2.1714568E+05   6.5449506E+05   0.0000000E+00   0.0000000E+00   0.0000000E+00
   4.2028986E-01   4.3264152E+05   2.1457013E+05   6.4715939E+05   0.0000000E+00   0.0000000E+00   0.0000000E+00
   4.3478261E-01   4.2089747E+05   2.1105492E+05   6.3190188E+05   0.0000000E+00   0.0000000E+00   0.0000000E+00
   4.4927536E-01   4.1235541E+05   2.0886645E+05   6.2117298E+05   0.0000000E+00   0.0000000E+00   0.0000000E+00
   4.6376812E-01   4.0084271E+05   1.9819550E+05   5.9894349E+05   0.0000000E+00   0.0000000E+00   0.0000000E+00
   4.7826087E-01   3.8842042E+05   1.9427909E+05   5.8253878E+05   0.0000000E+00   0.0000000E+00   0.0000000E+00
   4.9275362E-01   3.7791003E+05   1.8731697E+05   5.6516013E+05   0.0000000E+00   0.0000000E+00   0.0000000E+00
   5.0724638E-01   3.6011977E+05   1.8343723E+05   5.4353535E+05   1.5029489E-05   0.0000000E+00   9.9577996E-06
   5.2173913E-01   3.5091628E+05   1.7899424E+05   5.2984738E+05   0.0000000E+00   0.0000000E+00   0.0000000E+00
   5.3623188E-01   3.3776625E+05   1.6893432E+05   5.0665961E+05   0.0000000E+00   0.0000000E+00   0.0000000E+00
   5.5072464E-01   3.2315476E+05   1.6393035E+05   4.8708510E+05   0.0000000E+00   0.0000000E+00   0.0000000E+00
   5.6521739E-01   3.0723308E+05   1.5657949E+05   4.6371542E+05   0.0000000E+00   0.0000000E+00   0.0000000E+00
   5.7971014E-01   2.9574463E+05   1.4830801E+05   4.4405264E+05   0.0000000E+00   0.0000000E+00   0.0000000E+00
   5.9420290E-01   2.8562977E+05   1.4470923E+05   4.3028355E+05   0.0000000E+00   0.0000000E+00   0.0000000E+00
   6.0869565E-01   2.6852745E+05   1.3345186E+05   4.0197931E+05   0.0000000E+00   0.0000000E+00   0.0000000E+00
   6.2318841E-01   2.5095182E+05   1.2959059E+05   3.8050717E+05   0.0000000E+00   0.0000000E+00   0.0000000E+00
   6.3768116E-01   2.3980644E+05   1.1982572E+05   3.5961494E+05   0.0000000E+00   0.0000000E+00   0.0000000E+00
   6.5217391E-01   2.2848287E+05   1.1278490E+05   3.4126776E+05   0.0000000E+00   0.0000000E+00   0.0000000E+00
   6.6666667E-01   2.1348407E+05   1.0796100E+05   3.2141213E+05   0.0000000E+00   0.0000000E+00   0.0000000E+00
   6.8115942E-01   2.0149347E+05   1.0097244E+05   3.0241755E+05   0.0000000E+00   0.0000000E+00   0.0000000E+00
   6.9565217E-01   1.8618222E+05   9.7716460E+04   2.8389868E+05   0.0000000E+00   0.0000000E+00   0.0000000E+00
   7.1014493E-01   1.7644440E+05   8.9644889E+04   2.6607382E+05   0.0000000E+00   0.0000000E+00   0.0000000E+00
   7.2463768E-01   1.6436824E+05   8.2578144E+04   2.4691608E+05   0.0000000E+00   0.0000000E+00   0.0000000E+00
   7.3913043E-01   1.5511316E+05   7.5283368E+04   2.3035195E+05   0.0000000E+00   0.0000000E+00   0.0000000E+00
   7.5362319E-01   1.4800638E+05   7.3791896E+04   2.2179827E+05   0.0000000E+00   0.0000000E+00   0.0000000E+00
   7.6811594E-01   1.3583502E+05   6.8467943E+04   2.0430297E+05   0.0000000E+00   0.0000000E+00   0.0000000E+00
   7.8260870E-01   1.2675251E+05   6.1741508E+04   1.8850805E+05   0.0000000E+00   0.0000000E+00   0.0000000E+00
   7.9710145E-01   1.1542396E+05   5.6540934E+04   1.7195112E+05   0.0000000E+00   0.0000000E+00   0.0000000E+00
   8.1159420E-01   1.0731446E+05   5.4705882E+04   1.6202034E+05   0.0000000E+00   0.0000000E+00   0.0000000E+00
   8.2608696E-01   9.8186722E+04   4.8867369E+04   1.4705409E+05   0.0000000E+00   0.0000000E+00   0.0000000E+00
   8.4057971E-01   8.9713411E+04   4.3125669E+04   1.3283908E+05   0.0000000E+00   0.0000000E+00   0.0000000E+00
   8.5507246E-01   7.9022946E+04   3.9838969E+04   1.1884907E+05   0.0000000E+00   0.0000000E+00   0.0000000E+00
   8.6956522E-01   7.3222622E+04   3.6447135E+04   1.0966976E+05   0.0000000E+00   0.0000000E+00   0.0000000E+00
   8.8405797E-01   6.5252308E+04   3.2433614E+04   9.7685923E+04   0.0000000E+00   0.0000000E+00   0.0000000E+00
   8.9855072E-01   5.6854694E+04   2.8891766E+04   8.5734239E+04   0.0000000E+00   0.0000000E+00   0.0000000E+00
   9.1304348E-01   4.8904085E+04   2.5835213E+04   7.4727270E+04   0.0000000E+00   0.0000000E+00   0.0000000E+00
   9.2753623E-01   4.3451463E+04   2.1311344E+04   6.4762807E+04   0.0000000E+00   0.0000000E+00   0.0000000E+00
   9.4202899E-01   3.5671912E+04   1.8057448E+04   5.3729360E+04   0.0000000E+00   0.0000000E+00   0.0000000E+00
   9.5652174E-01   2.6911133E+04   1.4282188E+04   4.1193322E+04   0.0000000E+00   0.0000000E+00   0.0000000E+00
   9.7101449E-01   1.8683299E+04   1.0122005E+04   2.8805303E+04   0.0000000E+00   0.0000000E+00   0.0000000E+00
   9.8550725E-01   6.2624708E+03   3.1200922E+03   9.3825631E+03   0.0000000E+00   0.0000000E+00   0.0000000E+00
   1.0000000E+00   0.0000000E+00   0.0000000E+00   0.0000000E+00   0.0000000E+00   0.0000000E+00   0.0000000E+00
