   0.0000000E+00   3.2128035E+05   1.3942355E+05   4.6070390E+05   0.0000000E+00   0.0000000E+00   0.0000000E+00
   1.4492754E-02   3.2355356E+05   1.8034133E+05   5.0389489E+05   0.0000000E+00   0.0000000E+00   0.0000000E+00
   2.8985507E-02   3.3264640E+05   1.7768925E+05   5.1033566E+05   0.0000000E+00   0.0000000E+00   0.0000000E+00
   4.3478261E-02   3.5613624E+05   1.7756296E+05   5.3369920E+05   0.0000000E+00   0.0000000E+00   0.0000000E+00
   5.7971014E-02   3.7356419E+05   1.7749982E+05   5.5106400E+05   0.0000000E+00   0.0000000E+00   0.0000000E+00
   7.2463768E-02   3.6098576E+05   1.6912683E+05   5.3011258E+05   0.0000000E+00   0.0000000E+00   0.0000000E+00
   8.6956522E-02   3.6661827E+05   1.9827443E+05   5.6489270E+05   0.0000000E+00   0.0000000E+00   0.0000000E+00
   1.0144928E-01   3.6447135E+05   1.8283104E+05   5.4730238E+05   0.0000000E+00   0.0000000E+00   0.0000000E+00
   1.1594203E-01   3.6475550E+05   1.8640322E+05   5.5115872E+05   0.0000000E+00   0.0000000E+00   0.0000000E+00
   1.3043478E-01   3.7095420E+05   1.8682419E+05   5.5777839E+05   0.0000000E+00   0.0000000E+00   0.0000000E+00
   1.4492754E-01   3.8629416E+05   1.9549606E+05   5.8179023E+05   0.0000000E+00   0.0000000E+00   0.0000000E+00
   1.5942029E-01   3.8913223E+05   1.9019191E+05   5.7918637E+05   0.0000000E+00   0.0000000E+00   0.0000000E+00
   1.7391304E-01   3.9755918E+05   1.9764299E+05   5.9513902E+05   0.0000000E+00   0.0000000E+00   0.0000000E+00
   1.8840580E-01   3.9845292E+05   2.0179111E+05   6.0018574E+05   0.0000000E+00   0.0000000E+00   0.0000000E+00
   2.0289855E-01   4.1507733E+05   2.0789047E+05   6.2291368E+05   0.0000000E+00   0.0000000E+00   0.0000000E+00
   2.1739130E-01   4.1968509E+05   2.0953945E+05   6.2922454E+05   0.0000000E+00   0.0000000E+00   0.0000000E+00
   2.3188406E-01   4.1495555E+05   2.1065080E+05   6.2560635E+05   0.0000000E+00   0.0000000E+00   0.0000000E+00
   2.4637681E-01   4.2981499E+05   2.1836188E+05   6.4804316E+05   0.0000000E+00   0.0000000E+00   0.0000000E+00
   2.6086957E-01   4.3165733E+05   2.1986993E+05   6.5152726E+05   0.0000000E+00   0.0000000E+00   0.0000000E+00
   2.7536232E-01   4.4826107E+05   2.2803886E+05   6.7618029E+05   1.0151219E-05   0.0000000E+00   6.7295605E-06
   2.8985507E-01   4.4433679E+05   2.2387330E+05   6.6809643E+05   0.0000000E+00   0.0000000E+00   0.0000000E+00
   3.0434783E-01   4.5568841E+05   2.2963030E+05   6.8531871E+05   0.0000000E+00   0.0000000E+00   0.0000000E+00
   3.1884058E-01   4.5846514E+05   2.2852650E+05   6.8695719E+05   0.0000000E+00   0.0000000E+00   0.0000000E+00
   3.3333333E-01   4.5510324E+05   2.3091202E+05   6.8598231E+05   0.0000000E+00   0.0000000E+00   0.0000000E+00
   3.4782609E-01   4.5151635E+05   2.2233257E+05   6.7381735E+05   0.0000000E+00   0.0000000E+00   0.0000000E+00
   3.6231884E-01   4.4955002E+05   2.3083690E+05   6.8035661E+05   0.0000000E+00   0.0000000E+00   0.0000000E+00
   3.7681159E-01   4.4534516E+05   2.2050138E+05   6.6575911E+05   0.0000000E+00   0.0000000E+00   0.0000000E+00
   3.9130435E-01   4.4726109E+05   2.2339200E+05   6.7065309E+05   0.0000000E+00   0.0000000E+00   0.0000000E+00
   4.0579710E-01   4.3515735E+05   2.1652326E+05   6.5162649E+05   0.0000000E+00   0.0000000E+00   0.0000000E+00
   4.2028986E-01   4.2806897E+05   2.1666043E+05   6.4462489E+05   0.0000000E+00   0.0000000E+00   0.0000000E+00
   4.3478261E-01   4.1768972E+05   2.0842810E+05   6.2596627E+05   0.0000000E+00   0.0000000E+00   0.0000000E+00
   4.4927536E-01   4.0585355E+05   2.0708210E+05   6.1293565E+05   0.0000000E+00   0.0000000E+00   0.0000000E+00
   4.6376812E-01   4.0429988E+05   2.0262353E+05   6.0678133E+05   0.0000000E+00   0.0000000E+00   0.0000000E+00
   4.7826087E-01   3.8927000E+05   1.9551903E+05   5.8474310E+05   0.0000000E+00   0.0000000E+00   0.0000000E+00
   4.9275362E-01   3.7331904E+05   1.9302228E+05   5.6629674E+05   0.0000000E+00   0.0000000E+00   0.0000000E+00
   5.0724638E-01   3.6633321E+05   1.8246299E+05   5.4875291E+05   0.0000000E+00   0.0000000E+00   0.0000000E+00
   5.2173913E-01   3.5270538E+05   1.7659474E+05   5.2927907E+05   0.0000000E+00   0.0000000E+00   0.0000000E+00
   5.3623188E-01   3.4085863E+05   1.6778748E+05   5.0852323E+05   0.0000000E+00   0.0000000E+00   0.0000000E+00
   5.5072464E-01   3.2596636E+05   1.6241488E+05   4.8836129E+05   0.0000000E+00   0.0000000E+00   0.0000000E+00
   5.6521739E-01   3.1003088E+05   1.5576346E+05   4.6579434E+05   0.0000000E+00   0.0000000E+00   0.0000000E+00
   5.7971014E-01   2.9354719E+05   1.4919835E+05   4.4268871E+05   0.0000000E+00   0.0000000E+00   0.0000000E+00
   5.9420290E-01   2.8091701E+05   1.4165980E+05   4.2253985E+05   0.0000000E+00   0.0000000E+00   0.0000000E+00
   6.0869565E-01   2.6464856E+05   1.3377661E+05   3.9835300E+05   0.0000000E+00   0.0000000E+00   0.0000000E+00
   6.2318841E-01   2.5285497E+05   1.2724690E+05   3.8008425E+05   0.0000000E+00   0.0000000E+00   0.0000000E+00
   6.3768116E-01   2.3823930E+05   1.2249502E+05   3.6071710E+05   0.0000000E+00   0.0000000E+00   0.0000000E+00
   6.5217391E-01   2.2993099E+05   1.1349212E+05   3.4340627E+05   0.0000000E+00   0.0000000E+00   0.0000000E+00
   6.6666667E-01   2.1536194E+05   1.0776333E+05   3.2312528E+05   0.0000000E+00   0.0000000E+00   0.0000000E+00
   6.8115942E-01   2.0275099E+05   1.0121427E+05   3.0394914E+05   0.0000000E+00   0.0000000E+00   0.0000000E+00
   6.9565217E-01   1.8956046E+05   9.4480293E+04   2.8404075E+05   0.0000000E+00   0.0000000E+00   0.0000000E+00
   7.1014493E-01   1.7560934E+05   8.7077863E+04   2.6268721E+05   0.0000000E+00   0.0000000E+00   0.0000000E+00
   7.2463768E-01   1.6508051E+05   8.5018056E+04   2.5009857E+05   0.0000000E+00   0.0000000E+00   0.0000000E+00
   7.3913043E-01   1.5492001E+05   7.7526863E+04   2.3241716E+05   3.8921706E-05   0.0000000E+00   2.5943657E-05
   7.5362319E-01   1.4399911E+05   7.0775521E+04   2.1476006E+05   0.0000000E+00   0.0000000E+00   0.0000000E+00
   7.6811594E-01   1.3396213E+05   6.5136761E+04   1.9909889E+05   0.0000000E+00   0.0000000E+00   0.0000000E+00
   7.8260870E-01   1.2494236E+05   6.1488929E+04   1.8638919E+05   0.0000000E+00   0.0000000E+00   0.0000000E+00
   7.9710145E-01   1.1360539E+05   5.7739535E+04   1.7133115E+05   0.0000000E+00   0.0000000E+00   0.0000000E+00
   8.1159420E-01   1.0692206E+05   5.2595044E+04   1.5951710E+05   0.0000000E+00   0.0000000E+00   0.0000000E+00
   8.2608696E-01   9.7415692E+04   4.8535029E+04   1.4595072E+05   0.0000000E+00   0.0000000E+00   0.0000000E+00
   8.4057971E-01   8.8093422E+04   4.5908392E+04   1.3400181E+05   0.0000000E+00   0.0000000E+00   0.0000000E+00
   8.5507246E-01   8.1193412E+04   4.1187484E+04   1.2238090E+05   0.0000000E+00   0.0000000E+00   0.0000000E+00
   8.6956522E-01   7.2426998E+04   3.5714656E+04   1.0814165E+05   0.0000000E+00   0.0000000E+00   0.0000000E+00
   8.8405797E-01   6.5910670E+04   3.2247286E+04   9.8157955E+04   0.0000000E+00   0.0000000E+00   0.0000000E+00
   8.9855072E-01   5.5693646E+04   2.8952874E+04   8.4646521E+04   0.0000000E+00   1.8582573E-09   6.3560662E-10
   9.1304348E-01   5.0948771E+04   2.5402220E+04   7.6350992E+04   0.0000000E+00   0.0000000E+00   0.0000000E+00
   9.2753623E-01   4.3084434E+04   2.1713892E+04   6.4798326E+04   0.0000000E+00   0.0000000E+00   0.0000000E+00
   9.4202899E-01   3.5438762E+04   1.7241424E+04   5.2680186E+04   0.0000000E+00   0.0000000E+00   0.0000000E+00
   9.5652174E-01   2.6957057E+04   1.3283354E+04   4.0240410E+04   0.0000000E+00   0.0000000E+00   0.0000000E+00
   9.7101449E-01   1.9621987E+04   9.7940294E+03   2.9416017E+04   0.0000000E+00   0.0000000E+00   0.0000000E+00
   9.8550725E-01   7.0536371E+03   3.0755195E+03   1.0129157E+04   0.0000000E+00   0.0000000E+00   0.0000000E+00
   1.0000000E+00   0.0000000E+00   0.0000000E+00   0.0000000E+00   0.0000000E+00   0.0000000E+00   0.0000000E+00
