   0.0000000E+00   3.4552793E+05   1.1517598E+05   4.6070390E+05   0.0000000E+00   0.0000000E+00   0.0000000E+00
   1.4492754E-02   3.5007435E+05   1.5078960E+05   5.0086395E+05   0.0000000E+00   0.0000000E+00   0.0000000E+00
   2.8985507E-02   3.4931661E+05   1.6897528E+05   5.1829189E+05   0.0000000E+00   0.0000000E+00   0.0000000E+00
   4.3478261E-02   3.5234756E+05   1.6998560E+05   5.2233315E+05   0.0000000E+00   0.0000000E+00   0.0000000E+00
   5.7971014E-02   3.5784115E+05   1.7958359E+05   5.3742474E+05   0.0000000E+00   0.0000000E+00   0.0000000E+00
   7.2463768E-02   3.3976913E+05   1.7806812E+05   5.1783725E+05   0.0000000E+00   0.0000000E+00   0.0000000E+00
   8.6956522E-02   3.4161296E+05   1.8160423E+05   5.2296460E+05   0.0000000E+00   0.0000000E+00   0.0000000E+00
   1.0144928E-01   3.6490434E+05   1.7427944E+05   5.3918377E+05   0.0000000E+00   0.0000000E+00   0.0000000E+00
   1.1594203E-01   3.7593211E+05   1.8659266E+05   5.6252477E+05   0.0000000E+00   0.0000000E+00   0.0000000E+00
   1.3043478E-01   3.7280645E+05   1.8842386E+05   5.6123030E+05   0.0000000E+00   0.0000000E+00   0.0000000E+00
   1.4492754E-01   3.7932298E+05   1.8844911E+05   5.6777210E+05   0.0000000E+00   0.0000000E+00   0.0000000E+00
   1.5942029E-01   3.9126767E+05   1.9322285E+05   5.8449052E+05   0.0000000E+00   0.0000000E+00   0.0000000E+00
   1.7391304E-01   3.9983239E+05   1.9757984E+05   5.9734909E+05   0.0000000E+00   0.0000000E+00   0.0000000E+00
   1.8840580E-01   3.9944381E+05   2.0773643E+05   6.0718023E+05   0.0000000E+00   0.0000000E+00   0.0000000E+00
   2.0289855E-01   4.0961080E+05   2.0199095E+05   6.1160175E+05   0.0000000E+00   0.0000000E+00   0.0000000E+00
   2.1739130E-01   4.1953354E+05   2.0948894E+05   6.2902248E+05   0.0000000E+00   0.0000000E+00   0.0000000E+00
   2.3188406E-01   4.1779706E+05   2.1372910E+05   6.3147881E+05   0.0000000E+00   0.0000000E+00   0.0000000E+00
   2.4637681E-01   4.3293508E+05   2.1938706E+05   6.5227757E+05   0.0000000E+00   0.0000000E+00   0.0000000E+00
   2.6086957E-01   4.3481457E+05   2.1696527E+05   6.5169564E+05   0.0000000E+00   0.0000000E+00   0.0000000E+00
   2.7536232E-01   4.4574857E+05   2.2193709E+05   6.6764578E+05   0.0000000E+00   0.0000000E+00   0.0000000E+00
   2.8985507E-01   4.4236668E+05   2.2879859E+05   6.7105161E+05   0.0000000E+00   0.0000000E+00   0.0000000E+00
   3.0434783E-01   4.4760588E+05   2.2591378E+05   6.7344750E+05   0.0000000E+00   0.0000000E+00   0.0000000E+00
   3.1884058E-01   4.5691522E+05   2.2766543E+05   6.8458065E+05   0.0000000E+00   0.0000000E+00   0.0000000E+00
   3.3333333E-01   4.5800241E+05   2.2432300E+05   6.8222658E+05   0.0000000E+00   0.0000000E+00   0.0000000E+00
   3.4782609E-01   4.4599118E+05   2.2848918E+05   6.7438565E+05   0.0000000E+00   0.0000000E+00   0.0000000E+00
   3.6231884E-01   4.4757990E+05   2.2589646E+05   6.7335513E+05   0.0000000E+00   0.0000000E+00   0.0000000E+00
   3.7681159E-01   4.4202278E+05   2.1866532E+05   6.6060067E+05   0.0000000E+00   0.0000000E+00   0.0000000E+00
   3.9130435E-01   4.4462305E+05   2.2333587E+05   6.6793085E+05   0.0000000E+00   0.0000000E+00   0.0000000E+00
   4.0579710E-01   4.3540091E+05   2.1803873E+05   6.5330433E+05   0.0000000E+00   0.0000000E+00   0.0000000E+00
   4.2028986E-01   4.2968896E+05   2.1820204E+05   6.4770809E+05   0.0000000E+00   0.0000000E+00   0.0000000E+00
   4.3478261E-01   4.2056912E+05   2.1259566E+05   6.3303848E+05   0.0000000E+00   0.0000000E+00   0.0000000E+00
   4.4927536E-01   4.1504416E+05   2.0527331E+05   6.2031747E+05   0.0000000E+00   0.0000000E+00   0.0000000E+00
   4.6376812E-01   4.0501026E+05   2.0167635E+05   6.0666293E+05   0.0000000E+00   0.0000000E+00   0.0000000E+00
   4.7826087E-01   3.9080844E+05   1.9150073E+05   5.8224028E+05   0.0000000E+00   0.0000000E+00   0.0000000E+00
   4.9275362E-01   3.7877920E+05   1.8845357E+05   5.6718819E+05   0.0000000E+00   0.0000000E+00   0.0000000E+00
   5.0724638E-01   3.6286927E+05   1.8088257E+05   5.4375184E+05   0.0000000E+00   0.0000000E+00   0.0000000E+00
   5.2173913E-01   3.5140039E+05   1.7409000E+05   5.2544829E+05   0.0000000E+00   0.0000000E+00   0.0000000E+00
   5.3623188E-01   3.3643509E+05   1.7108466E+05   5.0737639E+05   1.3750201E-05   0.0000000E+00   9.1175901E-06
   5.5072464E-01   3.2283571E+05   1.6319255E+05   4.8600832E+05   0.0000000E+00   0.0000000E+00   0.0000000E+00
   5.6521739E-01   3.0962287E+05   1.5611319E+05   4.6565834E+05   0.0000000E+00   0.0000000E+00   0.0000000E+00
   5.7971014E-01   2.9686229E+05   1.5020235E+05   4.4704570E+05   0.0000000E+00   0.0000000E+00   0.0000000E+00
   5.9420290E-01   2.8221071E+05   1.4293501E+05   4.2512724E+05   0.0000000E+00   0.0000000E+00   0.0000000E+00
   6.0869565E-01   2.6831095E+05   1.3644673E+05   4.0470355E+05   0.0000000E+00   0.0000000E+00   0.0000000E+00
   6.2318841E-01   2.5664365E+05   1.2728214E+05   3.8390817E+05   0.0000000E+00   0.0000000E+00   0.0000000E+00
   6.3768116E-01   2.4056418E+05   1.2027348E+05   3.6082043E+05   0.0000000E+00   0.0000000E+00   0.0000000E+00
   6.5217391E-01   2.2627701E+05   1.1440140E+05   3.4067841E+05   0.0000000E+00   0.0000000E+00   0.0000000E+00
   6.6666667E-01   2.1172151E+05   1.0743388E+05   3.1915540E+05   0.0000000E+00   0.0000000E+00   0.0000000E+00
   6.8115942E-01   2.0328302E+05   9.9682679E+04   3.0296570E+05   0.0000000E+00   0.0000000E+00   0.0000000E+00
   6.9565217E-01   1.8832914E+05   9.6816648E+04   2.8509843E+05   0.0000000E+00   0.0000000E+00   0.0000000E+00
   7.1014493E-01   1.7856297E+05   9.0990258E+04   2.6955323E+05   0.0000000E+00   0.0000000E+00   0.0000000E+00
   7.2463768E-01   1.6600495E+05   8.2365978E+04   2.4834062E+05   0.0000000E+00   0.0000000E+00   0.0000000E+00
   7.3913043E-01   1.5466743E+05   7.7214854E+04   2.3186743E+05   0.0000000E+00   0.0000000E+00   0.0000000E+00
   7.5362319E-01   1.4493171E+05   7.2218135E+04   2.1712070E+05   0.0000000E+00   0.0000000E+00   0.0000000E+00
   7.6811594E-01   1.3426236E+05   6.6523562E+04   2.0078592E+05   0.0000000E+00   0.0000000E+00   0.0000000E+00
   7.8260870E-01   1.2673848E+05   6.3018434E+04   1.8974288E+05   0.0000000E+00   0.0000000E+00   0.0000000E+00
   7.9710145E-01   1.1473511E+05   5.7918637E+04   1.7265375E+05   0.0000000E+00   0.0000000E+00   0.0000000E+00
   8.1159420E-01   1.0819397E+05   5.3014506E+04   1.6118142E+05   0.0000000E+00   0.0000000E+00   0.0000000E+00
   8.2608696E-01   9.7641683E+04   4.9399114E+04   1.4704080E+05   0.0000000E+00   0.0000000E+00   0.0000000E+00
   8.4057971E-01   8.9034060E+04   4.4079372E+04   1.3310037E+05   0.0000000E+00   0.0000000E+00   0.0000000E+00
   8.5507246E-01   7.9588038E+04   4.1585617E+04   1.2117365E+05   0.0000000E+00   0.0000000E+00   0.0000000E+00
   8.6956522E-01   7.2755351E+04   3.6207185E+04   1.0893728E+05   0.0000000E+00   0.0000000E+00   0.0000000E+00
   8.8405797E-01   6.5823716E+04   3.2955335E+04   9.8779051E+04   0.0000000E+00   0.0000000E+00   0.0000000E+00
   8.9855072E-01   5.6744700E+04   2.8512898E+04   8.5245377E+04   0.0000000E+00   0.0000000E+00   0.0000000E+00
   9.1304348E-01   5.0527807E+04   2.4728677E+04   7.5256483E+04   0.0000000E+00   0.0000000E+00   0.0000000E+00
   9.2753623E-01   4.2291179E+04   2.0802240E+04   6.3093419E+04   0.0000000E+00   0.0000000E+00   0.0000000E+00
   9.4202899E-01   3.5054065E+04   1.8034133E+04   5.3088198E+04   0.0000000E+00   0.0000000E+00   0.0000000E+00
   9.5652174E-01   2.7921449E+04   1.4064052E+04   4.1985501E+04   0.0000000E+00   0.0000000E+00   0.0000000E+00
   9.7101449E-01   1.8513656E+04   9.6922439E+03   2.8205900E+04   0.0000000E+00   0.0000000E+00   0.0000000E+00
   9.8550725E-01   5.8501729E+03   3.1200922E+03   8.9702652E+03   0.0000000E+00   0.0000000E+00   0.0000000E+00
   1.0000000E+00   0.0000000E+00   0.0000000E+00   0.0000000E+00   0.0000000E+00   0.0000000E+00   0.0000000E+00
