   0.0000000E+00   3.6371361E+05   2.0004248E+05   5.6375609E+05   0.0000000E+00   0.0000000E+00   0.0000000E+00
   1.4492754E-02   3.4477019E+05   1.6518660E+05   5.0995679E+05   0.0000000E+00   0.0000000E+00   0.0000000E+00
   2.8985507E-02   3.3037319E+05   1.7844699E+05   5.0882018E+05   0.0000000E+00   0.0000000E+00   0.0000000E+00
   4.3478261E-02   3.6497650E+05   1.8008875E+05   5.4506525E+05   0.0000000E+00   0.0000000E+00   0.0000000E+00
   5.7971014E-02   3.4609623E+05   1.7882586E+05   5.2492209E+05   0.0000000E+00   0.0000000E+00   0.0000000E+00
   7.2463768E-02   3.5962183E+05   1.8625168E+05   5.4587351E+05   0.0000000E+00   0.0000000E+00   0.0000000E+00
   8.6956522E-02   3.6207185E+05   1.8551920E+05   5.4759104E+05   0.0000000E+00   0.0000000E+00   0.0000000E+00
   1.0144928E-01   3.5429602E+05   1.8845994E+05   5.4275596E+05   0.0000000E+00   0.0000000E+00   0.0000000E+00
   1.1594203E-01   3.7309060E+05   1.8517190E+05   5.5826250E+05   0.0000000E+00   0.0000000E+00   0.0000000E+00
   1.3043478E-01   3.8055220E+05   1.8438259E+05   5.6485060E+05   0.0000000E+00   0.0000000E+00   0.0000000E+00
   1.4492754E-01   3.7636781E+05   1.8594858E+05   5.6231639E+05   0.0000000E+00   0.0000000E+00   0.0000000E+00
   1.5942029E-01   3.8623905E+05   1.9384282E+05   5.8008187E+05   0.0000000E+00   0.0000000E+00   0.0000000E+00
   1.7391304E-01   3.8612999E+05   1.9694839E+05   5.8307838E+05   0.0000000E+00   0.0000000E+00   0.0000000E+00
   1.8840580E-01   4.0177530E+05   2.0219912E+05   6.0397442E+05   0.0000000E+00   0.0000000E+00   0.0000000E+00
   2.0289855E-01   4.1870364E+05   2.0328993E+05   6.2193945E+05   0.0000000E+00   0.0000000E+00   0.0000000E+00
   2.1739130E-01   4.2003870E+05   2.0443736E+05   6.2437503E+05   0.0000000E+00   0.0000000E+00   0.0000000E+00
   2.3188406E-01   4.2684255E+05   2.1117174E+05   6.3791957E+05   0.0000000E+00   0.0000000E+00   0.0000000E+00
   2.4637681E-01   4.2914640E+05   2.1894133E+05   6.4804316E+05   0.0000000E+00   0.0000000E+00   0.0000000E+00
   2.6086957E-01   4.4272871E+05   2.1961735E+05   6.6234605E+05   0.0000000E+00   0.0000000E+00   0.0000000E+00
   2.7536232E-01   4.4570869E+05   2.2413053E+05   6.6979935E+05   0.0000000E+00   0.0000000E+00   0.0000000E+00
   2.8985507E-01   4.4278343E+05   2.2751044E+05   6.7033176E+05   0.0000000E+00   0.0000000E+00   0.0000000E+00
   3.0434783E-01   4.5215230E+05   2.2371274E+05   6.7582896E+05   0.0000000E+00   0.0000000E+00   0.0000000E+00
   3.1884058E-01   4.5178328E+05   2.2353232E+05   6.7531560E+05   0.0000000E+00   0.0000000E+00   0.0000000E+00
   3.3333333E-01   4.4785533E+05   2.2995661E+05   6.7774605E+05   0.0000000E+00   0.0000000E+00   0.0000000E+00
   3.4782609E-01   4.5375798E+05   2.3000466E+05   6.8366792E+05   0.0000000E+00   0.0000000E+00   0.0000000E+00
   3.6231884E-01   4.4627660E+05   2.2662389E+05   6.7280956E+05   0.0000000E+00   0.0000000E+00   0.0000000E+00
   3.7681159E-01   4.4907556E+05   2.2551409E+05   6.7453137E+05   0.0000000E+00   0.0000000E+00   0.0000000E+00
   3.9130435E-01   4.4030114E+05   2.2196072E+05   6.6226186E+05   0.0000000E+00   0.0000000E+00   0.0000000E+00
   4.0579710E-01   4.3545504E+05   2.1882353E+05   6.5422444E+05   0.0000000E+00   0.0000000E+00   0.0000000E+00
   4.2028986E-01   4.2765091E+05   2.1736591E+05   6.4486005E+05   0.0000000E+00   0.0000000E+00   0.0000000E+00
   4.3478261E-01   4.2319594E+05   2.1156008E+05   6.3470550E+05   0.0000000E+00   0.0000000E+00   0.0000000E+00
   4.4927536E-01   4.1340647E+05   2.0651991E+05   6.1990194E+05   0.0000000E+00   0.0000000E+00   0.0000000E+00
   4.6376812E-01   3.9904308E+05   2.0373645E+05   6.0268482E+05   0.0000000E+00   0.0000000E+00   0.0000000E+00
   4.7826087E-01   3.8169263E+05   1.9551903E+05   5.7714277E+05   0.0000000E+00   0.0000000E+00   0.0000000E+00
   4.9275362E-01   3.7793231E+05   1.8876558E+05   5.6663104E+05   0.0000000E+00   0.0000000E+00   0.0000000E+00
   5.0724638E-01   3.6302082E+05   1.8477950E+05   5.4773537E+05   0.0000000E+00   0.0000000E+00   0.0000000E+00
   5.2173913E-01   3.5108466E+05   1.7600539E+05   5.2704796E+05   0.0000000E+00   0.0000000E+00   0.0000000E+00
   5.3623188E-01   3.3694707E+05   1.7493478E+05   5.1182041E+05   0.0000000E+00   0.0000000E+00   0.0000000E+00
   5.5072464E-01   3.2140000E+05   1.6305297E+05   4.8439315E+05   0.0000000E+00   0.0000000E+00   0.0000000E+00
   5.6521739E-01   3.1176007E+05   1.5518059E+05   4.6688237E+05   0.0000000E+00   0.0000000E+00   0.0000000E+00
   5.7971014E-01   3.0057520E+05   1.4798597E+05   4.4856117E+05   0.0000000E+00   0.0000000E+00   0.0000000E+00
   5.9420290E-01   2.7936458E+05   1.4382212E+05   4.2318670E+05   0.0000000E+00   0.0000000E+00   0.0000000E+00
   6.0869565E-01   2.6955580E+05   1.3321733E+05   4.0270096E+05   0.0000000E+00   0.0000000E+00   0.0000000E+00
   6.2318841E-01   2.5327789E+05   1.2721165E+05   3.8047192E+05   0.0000000E+00   0.0000000E+00   0.0000000E+00
   6.3768116E-01   2.4068472E+05   1.1758696E+05   3.5823724E+05   0.0000000E+00   0.0000000E+00   0.0000000E+00
   6.5217391E-01   2.2998150E+05   1.1472133E+05   3.4470284E+05   0.0000000E+00   0.0000000E+00   0.0000000E+00
   6.6666667E-01   2.1333582E+05   1.0782922E+05   3.2116505E+05   0.0000000E+00   0.0000000E+00   0.0000000E+00
   6.8115942E-01   2.0010697E+05   1.0000512E+05   3.0006373E+05   0.0000000E+00   0.0000000E+00   0.0000000E+00
   6.9565217E-01   1.8883430E+05   9.4559224E+04   2.8339352E+05   0.0000000E+00   0.0000000E+00   0.0000000E+00
   7.1014493E-01   1.7465057E+05   8.7433535E+04   2.6206864E+05   0.0000000E+00   0.0000000E+00   0.0000000E+00
   7.2463768E-01   1.6846002E+05   8.2138657E+04   2.5053806E+05   0.0000000E+00   0.0000000E+00   0.0000000E+00
   7.3913043E-01   1.5399884E+05   7.6887987E+04   2.3088682E+05   0.0000000E+00   0.0000000E+00   0.0000000E+00
   7.5362319E-01   1.4292080E+05   7.2247278E+04   2.1516807E+05   0.0000000E+00   0.0000000E+00   0.0000000E+00
   7.6811594E-01   1.3586362E+05   6.7681612E+04   2.0354523E+05   0.0000000E+00   0.0000000E+00   0.0000000E+00
   7.8260870E-01   1.2595268E+05   6.2120376E+04   1.8807305E+05   0.0000000E+00   0.0000000E+00   0.0000000E+00
   7.9710145E-01   1.1383960E+05   5.7078238E+04   1.7091784E+05   0.0000000E+00   0.0000000E+00   0.0000000E+00
   8.1159420E-01   1.0657025E+05   5.3231002E+04   1.5978772E+05   0.0000000E+00   0.0000000E+00   0.0000000E+00
   8.2608696E-01   9.7787913E+04   4.8787608E+04   1.4657552E+05   0.0000000E+00   0.0000000E+00   0.0000000E+00
   8.4057971E-01   8.9321478E+04   4.6130487E+04   1.3543890E+05   0.0000000E+00   0.0000000E+00   0.0000000E+00
   8.5507246E-01   8.1681446E+04   4.0815037E+04   1.2249648E+05   0.0000000E+00   0.0000000E+00   0.0000000E+00
   8.6956522E-01   7.2136532E+04   3.6535537E+04   1.0867207E+05   0.0000000E+00   0.0000000E+00   0.0000000E+00
   8.8405797E-01   6.4805119E+04   3.1166579E+04   9.5971699E+04   0.0000000E+00   0.0000000E+00   0.0000000E+00
   8.9855072E-01   5.8956803E+04   2.8464012E+04   8.7420815E+04   0.0000000E+00   0.0000000E+00   0.0000000E+00
   9.1304348E-01   5.0852551E+04   2.5991571E+04   7.6844122E+04   0.0000000E+00   0.0000000E+00   0.0000000E+00
   9.2753623E-01   4.2563490E+04   2.1761250E+04   6.4324741E+04   0.0000000E+00   0.0000000E+00   0.0000000E+00
   9.4202899E-01   3.5030750E+04   1.7124849E+04   5.2155599E+04   0.0000000E+00   0.0000000E+00   0.0000000E+00
   9.5652174E-01   2.7186674E+04   1.4374035E+04   4.1560709E+04   0.0000000E+00   0.0000000E+00   0.0000000E+00
   9.7101449E-01   1.9350559E+04   9.6017678E+03   2.8952327E+04   0.0000000E+00   0.0000000E+00   0.0000000E+00
   9.8550725E-01   6.7527710E+03   3.4209583E+03   1.0173729E+04   0.0000000E+00   0.0000000E+00   0.0000000E+00
   1.0000000E+00   0.0000000E+00   0.0000000E+00   0.0000000E+00   0.0000000E+00   0.0000000E+00   0.0000000E+00
