   0.0000000E+00   4.0614686E+05   2.2429006E+05   6.3043692E+05   0.0000000E+00   0.0000000E+00   0.0000000E+00
   1.4492754E-02   3.5916719E+05   1.8261454E+05   5.4178173E+05   0.0000000E+00   0.0000000E+00   0.0000000E+00
   2.8985507E-02   3.4514906E+05   1.8223567E+05   5.2738473E+05   0.0000000E+00   0.0000000E+00   0.0000000E+00
   4.3478261E-02   3.4578051E+05   1.8210938E+05   5.2788989E+05   0.0000000E+00   0.0000000E+00   0.0000000E+00
   5.7971014E-02   3.5575737E+05   1.7768925E+05   5.3344663E+05   0.0000000E+00   0.0000000E+00   0.0000000E+00
   7.2463768E-02   3.6159195E+05   1.7352170E+05   5.3511365E+05   0.0000000E+00   0.0000000E+00   0.0000000E+00
   8.6956522E-02   3.5398932E+05   1.9006562E+05   5.4405494E+05   0.0000000E+00   0.0000000E+00   0.0000000E+00
   1.0144928E-01   3.5797646E+05   1.7936710E+05   5.3734356E+05   0.0000000E+00   0.0000000E+00   0.0000000E+00
   1.1594203E-01   3.7583740E+05   1.8716096E+05   5.6299836E+05   0.0000000E+00   0.0000000E+00   0.0000000E+00
   1.3043478E-01   3.7979446E+05   1.8775031E+05   5.6754478E+05   0.0000000E+00   0.0000000E+00   0.0000000E+00
   1.4492754E-01   3.7614049E+05   1.9049500E+05   5.6663549E+05   0.0000000E+00   0.0000000E+00   0.0000000E+00
   1.5942029E-01   3.7783506E+05   2.0018025E+05   5.7801532E+05   0.0000000E+00   0.0000000E+00   0.0000000E+00
   1.7391304E-01   3.8530910E+05   1.9448575E+05   5.7979485E+05   0.0000000E+00   0.0000000E+00   0.0000000E+00
   1.8840580E-01   3.9029268E+05   1.9619551E+05   5.8648819E+05   0.0000000E+00   0.0000000E+00   0.0000000E+00
   2.0289855E-01   4.1480671E+05   2.0669974E+05   6.2150645E+05   0.0000000E+00   0.0000000E+00   0.0000000E+00
   2.1739130E-01   4.2074592E+05   2.1100441E+05   6.3175033E+05   0.0000000E+00   0.0000000E+00   0.0000000E+00
   2.3188406E-01   4.1850744E+05   2.1396590E+05   6.3242598E+05   0.0000000E+00   0.0000000E+00   0.0000000E+00
   2.4637681E-01   4.2959213E+05   2.1345888E+05   6.4300644E+05   0.0000000E+00   0.0000000E+00   0.0000000E+00
   2.6086957E-01   4.4580175E+05   2.2096444E+05   6.6672409E+05   0.0000000E+00   0.0000000E+00   0.0000000E+00
   2.7536232E-01   4.3833073E+05   2.2480851E+05   6.6309936E+05   0.0000000E+00   0.0000000E+00   0.0000000E+00
   2.8985507E-01   4.4706464E+05   2.2247149E+05   6.6949825E+05   0.0000000E+00   0.0000000E+00   0.0000000E+00
   3.0434783E-01   4.5125024E+05   2.2187252E+05   6.7308667E+05   0.0000000E+00   0.0000000E+00   0.0000000E+00
   3.1884058E-01   4.4510142E+05   2.2921535E+05   6.7424788E+05   0.0000000E+00   0.0000000E+00   0.0000000E+00
   3.3333333E-01   4.6139575E+05   2.2933065E+05   6.9066051E+05   0.0000000E+00   0.0000000E+00   0.0000000E+00
   3.4782609E-01   4.4949572E+05   2.2918377E+05   6.7867949E+05   0.0000000E+00   0.0000000E+00   0.0000000E+00
   3.6231884E-01   4.5388427E+05   2.2168344E+05   6.7547679E+05   0.0000000E+00   0.0000000E+00   0.0000000E+00
   3.7681159E-01   4.4907556E+05   2.2233743E+05   6.7135470E+05   0.0000000E+00   0.0000000E+00   0.0000000E+00
   3.9130435E-01   4.4804689E+05   2.1985590E+05   6.6787473E+05   0.0000000E+00   0.0000000E+00   0.0000000E+00
   4.0579710E-01   4.3356069E+05   2.2158386E+05   6.5511749E+05   0.0000000E+00   0.0000000E+00   0.0000000E+00
   4.2028986E-01   4.2799058E+05   2.1592883E+05   6.4381489E+05   0.0000000E+00   0.0000000E+00   0.0000000E+00
   4.3478261E-01   4.1619950E+05   2.1188843E+05   6.2801216E+05   0.0000000E+00   0.0000000E+00   0.0000000E+00
   4.4927536E-01   4.1440864E+05   2.0541997E+05   6.1977972E+05   0.0000000E+00   0.0000000E+00   0.0000000E+00
   4.6376812E-01   4.0029808E+05   2.0094230E+05   6.0119302E+05   0.0000000E+00   0.0000000E+00   0.0000000E+00
   4.7826087E-01   3.8995885E+05   1.9625380E+05   5.8614377E+05   0.0000000E+00   0.0000000E+00   0.0000000E+00
   4.9275362E-01   3.7773174E+05   1.9041477E+05   5.6810194E+05   0.0000000E+00   0.0000000E+00   0.0000000E+00
   5.0724638E-01   3.7036004E+05   1.8326403E+05   5.5349417E+05   0.0000000E+00   0.0000000E+00   0.0000000E+00
   5.2173913E-01   3.5057951E+05   1.7381638E+05   5.2435379E+05   0.0000000E+00   0.0000000E+00   0.0000000E+00
   5.3623188E-01   3.4135014E+05   1.7057267E+05   5.1179993E+05   0.0000000E+00   0.0000000E+00   0.0000000E+00
   5.5072464E-01   3.2257648E+05   1.6109881E+05   4.8363541E+05   0.0000000E+00   0.0000000E+00   0.0000000E+00
   5.6521739E-01   3.1626763E+05   1.5712350E+05   4.7339114E+05   0.0000000E+00   0.0000000E+00   0.0000000E+00
   5.7971014E-01   2.9396395E+05   1.4791020E+05   4.4183626E+05   0.0000000E+00   0.0000000E+00   0.0000000E+00
   5.9420290E-01   2.8446544E+05   1.4177069E+05   4.2619916E+05   0.0000000E+00   0.0000000E+00   0.0000000E+00
   6.0869565E-01   2.6858157E+05   1.3173793E+05   4.0030147E+05   0.0000000E+00   0.0000000E+00   0.0000000E+00
   6.2318841E-01   2.5278448E+05   1.2788128E+05   3.8063052E+05   0.0000000E+00   0.0000000E+00   0.0000000E+00
   6.3768116E-01   2.3966867E+05   1.2113454E+05   3.6076877E+05   0.0000000E+00   0.0000000E+00   0.0000000E+00
   6.5217391E-01   2.2597392E+05   1.1231342E+05   3.3821998E+05   0.0000000E+00   0.0000000E+00   0.0000000E+00
   6.6666667E-01   2.1312168E+05   1.0659378E+05   3.1971546E+05   0.0000000E+00   0.0000000E+00   0.0000000E+00
   6.8115942E-01   2.0092920E+05   1.0092408E+05   3.0185328E+05   0.0000000E+00   0.0000000E+00   0.0000000E+00
   6.9565217E-01   1.8708203E+05   9.6690358E+04   2.8374082E+05   0.0000000E+00   0.0000000E+00   0.0000000E+00
   7.1014493E-01   1.7500625E+05   9.0155201E+04   2.6513052E+05   0.0000000E+00   0.0000000E+00   0.0000000E+00
   7.2463768E-01   1.6503505E+05   8.4078462E+04   2.4908320E+05   0.0000000E+00   0.0000000E+00   0.0000000E+00
   7.3913043E-01   1.5728236E+05   7.7779442E+04   2.3503209E+05   0.0000000E+00   0.0000000E+00   0.0000000E+00
   7.5362319E-01   1.4657833E+05   7.4637063E+04   2.2121540E+05   0.0000000E+00   0.0000000E+00   0.0000000E+00
   7.6811594E-01   1.3614956E+05   6.8310677E+04   2.0446023E+05   0.0000000E+00   0.0000000E+00   0.0000000E+00
   7.8260870E-01   1.2477397E+05   6.2344891E+04   1.8711886E+05   0.0000000E+00   0.0000000E+00   0.0000000E+00
   7.9710145E-01   1.1510709E+05   5.7601765E+04   1.7270886E+05   0.0000000E+00   0.0000000E+00   0.0000000E+00
   8.1159420E-01   1.0678675E+05   5.2838603E+04   1.5961182E+05   0.0000000E+00   0.0000000E+00   0.0000000E+00
   8.2608696E-01   9.8319658E+04   4.7524713E+04   1.4583108E+05   0.0000000E+00   0.0000000E+00   0.0000000E+00
   8.4057971E-01   9.0183730E+04   4.4549691E+04   1.3473342E+05   0.0000000E+00   0.0000000E+00   0.0000000E+00
   8.5507246E-01   8.0050386E+04   3.9993085E+04   1.2004347E+05   0.0000000E+00   0.0000000E+00   0.0000000E+00
   8.6956522E-01   7.4056132E+04   3.8152042E+04   1.1220817E+05   0.0000000E+00   0.0000000E+00   0.0000000E+00
   8.8405797E-01   6.3674725E+04   3.1762831E+04   9.5437556E+04   0.0000000E+00   0.0000000E+00   0.0000000E+00
   8.9855072E-01   5.4923688E+04   2.8011814E+04   8.2935502E+04   0.0000000E+00   0.0000000E+00   0.0000000E+00
   9.1304348E-01   4.8940168E+04   2.5342082E+04   7.4282250E+04   0.0000000E+00   0.0000000E+00   0.0000000E+00
   9.2753623E-01   4.2007027E+04   2.1713892E+04   6.3720919E+04   0.0000000E+00   0.0000000E+00   0.0000000E+00
   9.4202899E-01   3.5089037E+04   1.7241424E+04   5.2330461E+04   0.0000000E+00   0.0000000E+00   0.0000000E+00
   9.5652174E-01   2.7691832E+04   1.3754069E+04   4.1445900E+04   0.0000000E+00   0.0000000E+00   0.0000000E+00
   9.7101449E-01   1.8773775E+04   9.6017678E+03   2.8375542E+04   0.0000000E+00   0.0000000E+00   0.0000000E+00
   9.8550725E-01   6.4184754E+03   3.2092377E+03   9.6277132E+03   0.0000000E+00   0.0000000E+00   0.0000000E+00
   1.0000000E+00   0.0000000E+00   0.0000000E+00   0.0000000E+00   0.0000000E+00   0.0000000E+00   0.0000000E+00
