   0.0000000E+00   3.5765171E+05   1.5760923E+05   5.1526095E+05   0.0000000E+00   0.0000000E+00   0.0000000E+00
   1.4492754E-02   3.4931661E+05   1.9322285E+05   5.4253947E+05   0.0000000E+00   0.0000000E+00   0.0000000E+00
   2.8985507E-02   3.3113093E+05   1.6442886E+05   4.9555979E+05   0.0000000E+00   0.0000000E+00   0.0000000E+00
   4.3478261E-02   3.6371361E+05   1.6038760E+05   5.2410121E+05   0.0000000E+00   0.0000000E+00   0.0000000E+00
   5.7971014E-02   3.5727285E+05   1.7863642E+05   5.3590927E+05   0.0000000E+00   0.0000000E+00   0.0000000E+00
   7.2463768E-02   3.5113518E+05   1.7458253E+05   5.2571771E+05   0.0000000E+00   0.0000000E+00   0.0000000E+00
   8.6956522E-02   3.6851261E+05   1.7882586E+05   5.4733846E+05   0.0000000E+00   0.0000000E+00   0.0000000E+00
   1.0144928E-01   3.6533733E+05   1.8153206E+05   5.4686939E+05   0.0000000E+00   0.0000000E+00   0.0000000E+00
   1.1594203E-01   3.6134568E+05   1.8801341E+05   5.4935910E+05   0.0000000E+00   0.0000000E+00   0.0000000E+00
   1.3043478E-01   3.7381676E+05   1.9094964E+05   5.6476641E+05   0.0000000E+00   0.0000000E+00   0.0000000E+00
   1.4492754E-01   3.8045959E+05   1.8443311E+05   5.6481692E+05   0.0000000E+00   0.0000000E+00   0.0000000E+00
   1.5942029E-01   3.7735287E+05   1.9425613E+05   5.7160900E+05   0.0000000E+00   0.0000000E+00   0.0000000E+00
   1.7391304E-01   3.9490710E+05   1.9808500E+05   5.9299210E+05   0.0000000E+00   0.0000000E+00   0.0000000E+00
   1.8840580E-01   3.9676259E+05   1.9905160E+05   5.9558103E+05   0.0000000E+00   0.0000000E+00   0.0000000E+00
   2.0289855E-01   4.0317004E+05   2.0253219E+05   6.0570223E+05   0.0000000E+00   0.0000000E+00   0.0000000E+00
   2.1739130E-01   4.1827065E+05   2.0534664E+05   6.2356678E+05   0.0000000E+00   0.0000000E+00   0.0000000E+00
   2.3188406E-01   4.2343273E+05   2.1273457E+05   6.3616730E+05   0.0000000E+00   0.0000000E+00   0.0000000E+00
   2.4637681E-01   4.3770437E+05   2.1577666E+05   6.5343646E+05   0.0000000E+00   0.0000000E+00   0.0000000E+00
   2.6086957E-01   4.3569859E+05   2.1599705E+05   6.5161145E+05   0.0000000E+00   0.0000000E+00   0.0000000E+00
   2.7536232E-01   4.5097297E+05   2.2165792E+05   6.7263089E+05   0.0000000E+00   0.0000000E+00   0.0000000E+00
   2.8985507E-01   4.5274767E+05   2.2686636E+05   6.7953826E+05   0.0000000E+00   0.0000000E+00   0.0000000E+00
   3.0434783E-01   4.4955435E+05   2.2522821E+05   6.7474648E+05   0.0000000E+00   0.0000000E+00   0.0000000E+00
   3.1884058E-01   4.4889010E+05   2.2418673E+05   6.7307683E+05   0.0000000E+00   0.0000000E+00   0.0000000E+00
   3.3333333E-01   4.5203935E+05   2.3081318E+05   6.8275370E+05   0.0000000E+00   0.0000000E+00   0.0000000E+00
   3.4782609E-01   4.5211622E+05   2.3063610E+05   6.8268918E+05   0.0000000E+00   0.0000000E+00   0.0000000E+00
   3.6231884E-01   4.4745867E+05   2.2289582E+05   6.7035449E+05   0.0000000E+00   0.0000000E+00   0.0000000E+00
   3.7681159E-01   4.4610290E+05   2.2682556E+05   6.7287018E+05   0.0000000E+00   0.0000000E+00   0.0000000E+00
   3.9130435E-01   4.4552111E+05   2.2061363E+05   6.6607861E+05   0.0000000E+00   0.0000000E+00   0.0000000E+00
   4.0579710E-01   4.2909546E+05   2.1416886E+05   6.4329138E+05   0.0000000E+00   0.0000000E+00   0.0000000E+00
   4.2028986E-01   4.2723285E+05   2.1214014E+05   6.3932073E+05   0.0000000E+00   0.0000000E+00   0.0000000E+00
   4.3478261E-01   4.2440832E+05   2.0923636E+05   6.3361942E+05   0.0000000E+00   0.0000000E+00   0.0000000E+00
   4.4927536E-01   4.1614410E+05   2.0537108E+05   6.2151518E+05   0.0000000E+00   0.0000000E+00   0.0000000E+00
   4.6376812E-01   4.0576799E+05   1.9982937E+05   6.0559737E+05   0.0000000E+00   0.0000000E+00   0.0000000E+00
   4.7826087E-01   3.8701975E+05   1.9237327E+05   5.7934710E+05   0.0000000E+00   0.0000000E+00   0.0000000E+00
   4.9275362E-01   3.7247215E+05   1.9115022E+05   5.6357780E+05   0.0000000E+00   0.0000000E+00   0.0000000E+00
   5.0724638E-01   3.6702600E+05   1.8436816E+05   5.5137251E+05   0.0000000E+00   0.0000000E+00   0.0000000E+00
   5.2173913E-01   3.5590471E+05   1.7813127E+05   5.3399388E+05   0.0000000E+00   0.0000000E+00   0.0000000E+00
   5.3623188E-01   3.4122726E+05   1.7071603E+05   5.1184089E+05   0.0000000E+00   0.0000000E+00   0.0000000E+00
   5.5072464E-01   3.2401219E+05   1.6275386E+05   4.8676606E+05   0.0000000E+00   0.0000000E+00   0.0000000E+00
   5.6521739E-01   3.1212923E+05   1.5657949E+05   4.6870871E+05   0.0000000E+00   0.0000000E+00   0.0000000E+00
   5.7971014E-01   2.9487323E+05   1.5150945E+05   4.4632585E+05   0.0000000E+00   0.0000000E+00   0.0000000E+00
   5.9420290E-01   2.8387404E+05   1.4149346E+05   4.2531206E+05   0.0000000E+00   0.0000000E+00   0.0000000E+00
   6.0869565E-01   2.6477485E+05   1.3411939E+05   3.9887620E+05   0.0000000E+00   0.0000000E+00   0.0000000E+00
   6.2318841E-01   2.5646743E+05   1.2758171E+05   3.8399628E+05   0.0000000E+00   0.0000000E+00   0.0000000E+00
   6.3768116E-01   2.4180411E+05   1.2333887E+05   3.6512575E+05   0.0000000E+00   0.0000000E+00   0.0000000E+00
   6.5217391E-01   2.2582237E+05   1.1419934E+05   3.3998803E+05   0.0000000E+00   0.0000000E+00   0.0000000E+00
   6.6666667E-01   2.1786577E+05   1.0593488E+05   3.2378418E+05   0.0000000E+00   0.0000000E+00   0.0000000E+00
   6.8115942E-01   1.9992963E+05   1.0013410E+05   3.0006373E+05   0.0000000E+00   0.0000000E+00   0.0000000E+00
   6.9565217E-01   1.8692417E+05   9.4638155E+04   2.8154654E+05   0.0000000E+00   0.0000000E+00   0.0000000E+00
   7.1014493E-01   1.7783616E+05   8.8392304E+04   2.6619754E+05   0.0000000E+00   0.0000000E+00   0.0000000E+00
   7.2463768E-01   1.6574732E+05   8.2684227E+04   2.4841639E+05   0.0000000E+00   0.0000000E+00   0.0000000E+00
   7.3913043E-01   1.5301824E+05   7.7749727E+04   2.3073825E+05   0.0000000E+00   0.0000000E+00   0.0000000E+00
   7.5362319E-01   1.4446541E+05   7.2014129E+04   2.1647954E+05   0.0000000E+00   0.0000000E+00   0.0000000E+00
   7.6811594E-01   1.3383345E+05   6.7996145E+04   2.0178671E+05   0.0000000E+00   0.0000000E+00   0.0000000E+00
   7.8260870E-01   1.2672444E+05   6.2709727E+04   1.8940611E+05   0.0000000E+00   0.0000000E+00   0.0000000E+00
   7.9710145E-01   1.1691188E+05   5.7505326E+04   1.7438965E+05   0.0000000E+00   0.0000000E+00   0.0000000E+00
   8.1159420E-01   1.0734152E+05   5.3772243E+04   1.6111376E+05   0.0000000E+00   0.0000000E+00   0.0000000E+00
   8.2608696E-01   9.7920849E+04   4.9053480E+04   1.4697433E+05   0.0000000E+00   0.0000000E+00   0.0000000E+00
   8.4057971E-01   8.9700346E+04   4.4210016E+04   1.3391036E+05   0.0000000E+00   0.0000000E+00   0.0000000E+00
   8.5507246E-01   7.8509226E+04   3.9710539E+04   1.1821977E+05   0.0000000E+00   0.0000000E+00   0.0000000E+00
   8.6956522E-01   7.3475200E+04   3.7811061E+04   1.1128626E+05   0.0000000E+00   0.0000000E+00   0.0000000E+00
   8.8405797E-01   6.5426215E+04   3.3203773E+04   9.8617566E+04   0.0000000E+00   0.0000000E+00   0.0000000E+00
   8.9855072E-01   5.7697982E+04   2.8977317E+04   8.6675299E+04   0.0000000E+00   0.0000000E+00   0.0000000E+00
   9.1304348E-01   4.8819892E+04   2.5041393E+04   7.3861285E+04   0.0000000E+00   0.0000000E+00   0.0000000E+00
   9.2753623E-01   4.2018867E+04   2.0885117E+04   6.2892145E+04   0.0000000E+00   0.0000000E+00   0.0000000E+00
   9.4202899E-01   3.5042407E+04   1.8104078E+04   5.3146485E+04   0.0000000E+00   0.0000000E+00   0.0000000E+00
   9.5652174E-01   2.7404810E+04   1.3719626E+04   4.1124436E+04   0.0000000E+00   0.0000000E+00   0.0000000E+00
   9.7101449E-01   1.8242228E+04   1.0302957E+04   2.8545185E+04   0.0000000E+00   0.0000000E+00   0.0000000E+00
   9.8550725E-01   6.6747687E+03   3.0866627E+03   9.7614314E+03   0.0000000E+00   0.0000000E+00   0.0000000E+00
   1.0000000E+00   0.0000000E+00   0.0000000E+00   0.0000000E+00   0.0000000E+00   0.0000000E+00   0.0000000E+00
