   0.0000000E+00   3.7583740E+05   1.5760923E+05   5.3344663E+05   0.0000000E+00   0.0000000E+00   0.0000000E+00
   1.4492754E-02   3.4855887E+05   1.7806812E+05   5.2662700E+05   0.0000000E+00   0.0000000E+00   0.0000000E+00
   2.8985507E-02   3.4628566E+05   1.5912470E+05   5.0541037E+05   0.0000000E+00   0.0000000E+00   0.0000000E+00
   4.3478261E-02   3.5638882E+05   1.8337228E+05   5.3976110E+05   0.0000000E+00   0.0000000E+00   0.0000000E+00
   5.7971014E-02   3.5386303E+05   1.8716096E+05   5.4102399E+05   0.0000000E+00   0.0000000E+00   0.0000000E+00
   7.2463768E-02   3.5189292E+05   1.8034133E+05   5.3223425E+05   0.0000000E+00   0.0000000E+00   0.0000000E+00
   8.6956522E-02   3.5121095E+05   1.7503717E+05   5.2624813E+05   0.0000000E+00   0.0000000E+00   0.0000000E+00
   1.0144928E-01   3.6393010E+05   1.8088257E+05   5.4470443E+05   0.0000000E+00   0.0000000E+00   0.0000000E+00
   1.1594203E-01   3.5840945E+05   1.8119378E+05   5.3960324E+05   0.0000000E+00   0.0000000E+00   0.0000000E+00
   1.3043478E-01   3.7120678E+05   1.7899424E+05   5.5020103E+05   0.0000000E+00   0.0000000E+00   0.0000000E+00
   1.4492754E-01   3.8189929E+05   1.8844911E+05   5.7034840E+05   0.0000000E+00   0.0000000E+00   0.0000000E+00
   1.5942029E-01   3.8396584E+05   1.9776927E+05   5.8166623E+05   0.0000000E+00   0.0000000E+00   0.0000000E+00
   1.7391304E-01   3.9762232E+05   1.9587493E+05   5.9349726E+05   0.0000000E+00   0.0000000E+00   0.0000000E+00
   1.8840580E-01   3.9932723E+05   2.0534664E+05   6.0461559E+05   0.0000000E+00   0.0000000E+00   0.0000000E+00
   2.0289855E-01   4.0852832E+05   2.1027193E+05   6.1880025E+05   0.0000000E+00   0.0000000E+00   0.0000000E+00
   2.1739130E-01   4.1463351E+05   2.0873120E+05   6.2331420E+05   0.0000000E+00   0.0000000E+00   0.0000000E+00
   2.3188406E-01   4.2783708E+05   2.1590760E+05   6.4374467E+05   0.0000000E+00   0.0000000E+00   0.0000000E+00
   2.4637681E-01   4.3315795E+05   2.0931362E+05   6.4242699E+05   0.0000000E+00   0.0000000E+00   0.0000000E+00
   2.6086957E-01   4.3628794E+05   2.2159588E+05   6.5779963E+05   0.0000000E+00   0.0000000E+00   0.0000000E+00
   2.7536232E-01   4.4036466E+05   2.1683233E+05   6.5707735E+05   0.0000000E+00   0.0000000E+00   0.0000000E+00
   2.8985507E-01   4.5305076E+05   2.2637383E+05   6.7938671E+05   0.0000000E+00   0.0000000E+00   0.0000000E+00
   3.0434783E-01   4.4897703E+05   2.1876941E+05   6.6760210E+05   0.0000000E+00   0.0000000E+00   0.0000000E+00
   3.1884058E-01   4.5832737E+05   2.2694214E+05   6.8523506E+05   0.0000000E+00   0.0000000E+00   0.0000000E+00
   3.3333333E-01   4.5767296E+05   2.3193332E+05   6.8957333E+05   0.0000000E+00   0.0000000E+00   0.0000000E+00
   3.4782609E-01   4.4791710E+05   2.2896277E+05   6.7678515E+05   0.0000000E+00   0.0000000E+00   0.0000000E+00
   3.6231884E-01   4.4636753E+05   2.3023071E+05   6.7659824E+05   0.0000000E+00   0.0000000E+00   0.0000000E+00
   3.7681159E-01   4.4243079E+05   2.2324088E+05   6.6561339E+05   0.0000000E+00   0.0000000E+00   0.0000000E+00
   3.9130435E-01   4.4425821E+05   2.2417780E+05   6.6843601E+05   0.0000000E+00   0.0000000E+00   0.0000000E+00
   4.0579710E-01   4.4010970E+05   2.2163798E+05   6.6169356E+05   0.0000000E+00   0.0000000E+00   0.0000000E+00
   4.2028986E-01   4.2718059E+05   2.1415206E+05   6.4122814E+05   0.0000000E+00   0.0000000E+00   0.0000000E+00
   4.3478261E-01   4.2216036E+05   2.1108018E+05   6.3321529E+05   0.0000000E+00   0.0000000E+00   0.0000000E+00
   4.4927536E-01   4.1025331E+05   2.0810871E+05   6.1828869E+05   0.0000000E+00   0.0000000E+00   0.0000000E+00
   4.6376812E-01   3.9795383E+05   2.0262353E+05   6.0055368E+05   0.0000000E+00   0.0000000E+00   0.0000000E+00
   4.7826087E-01   3.8493024E+05   1.9696561E+05   5.8184993E+05   0.0000000E+00   0.0000000E+00   0.0000000E+00
   4.9275362E-01   3.6977550E+05   1.8831985E+05   5.5809535E+05   0.0000000E+00   0.0000000E+00   0.0000000E+00
   5.0724638E-01   3.5918884E+05   1.8107742E+05   5.4022296E+05   0.0000000E+00   0.0000000E+00   0.0000000E+00
   5.2173913E-01   3.5535746E+05   1.7634216E+05   5.3167857E+05   0.0000000E+00   0.0000000E+00   0.0000000E+00
   5.3623188E-01   3.3862638E+05   1.7067507E+05   5.0926049E+05   0.0000000E+00   0.0000000E+00   0.0000000E+00
   5.5072464E-01   3.2441100E+05   1.6305297E+05   4.8738421E+05   0.0000000E+00   0.0000000E+00   0.0000000E+00
   5.6521739E-01   3.0884570E+05   1.5628805E+05   4.6511432E+05   0.0000000E+00   0.0000000E+00   0.0000000E+00
   5.7971014E-01   2.9438070E+05   1.5044862E+05   4.4479143E+05   0.0000000E+00   0.0000000E+00   0.0000000E+00
   5.9420290E-01   2.8599939E+05   1.4086510E+05   4.2682753E+05   0.0000000E+00   0.0000000E+00   0.0000000E+00
   6.0869565E-01   2.6823879E+05   1.3114257E+05   3.9936332E+05   0.0000000E+00   0.0000000E+00   0.0000000E+00
   6.2318841E-01   2.5285497E+05   1.3084174E+05   3.8367909E+05   0.0000000E+00   0.0000000E+00   0.0000000E+00
   6.3768116E-01   2.3637940E+05   1.2111732E+05   3.5744506E+05   0.0000000E+00   0.0000000E+00   0.0000000E+00
   6.5217391E-01   2.2753991E+05   1.1416566E+05   3.4170557E+05   0.0000000E+00   0.0000000E+00   0.0000000E+00
   6.6666667E-01   2.1498308E+05   1.0728563E+05   3.2221929E+05   2.6793830E-05   0.0000000E+00   1.7876707E-05
   6.8115942E-01   2.0170306E+05   9.9247384E+04   3.0090207E+05   0.0000000E+00   0.0000000E+00   0.0000000E+00
   6.9565217E-01   1.8924474E+05   9.3264757E+04   2.8246214E+05   0.0000000E+00   0.0000000E+00   0.0000000E+00
   7.1014493E-01   1.7791348E+05   8.9304681E+04   2.6720270E+05   0.0000000E+00   0.0000000E+00   0.0000000E+00
   7.2463768E-01   1.6747496E+05   8.2259894E+04   2.4971970E+05   0.0000000E+00   0.0000000E+00   0.0000000E+00
   7.3913043E-01   1.5613833E+05   7.8418318E+04   2.3454179E+05   0.0000000E+00   0.0000000E+00   0.0000000E+00
   7.5362319E-01   1.4210477E+05   7.3005015E+04   2.1509522E+05   0.0000000E+00   0.0000000E+00   0.0000000E+00
   7.6811594E-01   1.3654987E+05   6.9440133E+04   2.0599000E+05   0.0000000E+00   0.0000000E+00   0.0000000E+00
   7.8260870E-01   1.2419866E+05   6.1853765E+04   1.8605242E+05   0.0000000E+00   0.0000000E+00   0.0000000E+00
   7.9710145E-01   1.1575461E+05   5.8331948E+04   1.7408656E+05   0.0000000E+00   0.0000000E+00   0.0000000E+00
   8.1159420E-01   1.0873521E+05   5.3163347E+04   1.6189856E+05   0.0000000E+00   0.0000000E+00   0.0000000E+00
   8.2608696E-01   9.7216287E+04   4.7883641E+04   1.4508663E+05   0.0000000E+00   0.0000000E+00   0.0000000E+00
   8.4057971E-01   8.6564884E+04   4.4562756E+04   1.3112764E+05   0.0000000E+00   0.0000000E+00   0.0000000E+00
   8.5507246E-01   8.2066736E+04   4.0827880E+04   1.2289462E+05   0.0000000E+00   0.0000000E+00   0.0000000E+00
   8.6956522E-01   7.3083703E+04   3.5891461E+04   1.0897516E+05   0.0000000E+00   0.0000000E+00   0.0000000E+00
   8.8405797E-01   6.7140439E+04   3.3141663E+04   1.0028210E+05   0.0000000E+00   0.0000000E+00   0.0000000E+00
   8.9855072E-01   5.8382389E+04   2.8781772E+04   8.7164162E+04   0.0000000E+00   0.0000000E+00   0.0000000E+00
   9.1304348E-01   4.8880030E+04   2.5366138E+04   7.4246167E+04   0.0000000E+00   0.0000000E+00   0.0000000E+00
   9.2753623E-01   4.2705566E+04   2.1844128E+04   6.4549694E+04   0.0000000E+00   0.0000000E+00   0.0000000E+00
   9.4202899E-01   3.6581196E+04   1.7707723E+04   5.4288919E+04   0.0000000E+00   0.0000000E+00   0.0000000E+00
   9.5652174E-01   2.7209635E+04   1.3891839E+04   4.1101475E+04   0.0000000E+00   0.0000000E+00   0.0000000E+00
   9.7101449E-01   2.0017820E+04   1.0122005E+04   3.0139825E+04   0.0000000E+00   0.0000000E+00   0.0000000E+00
   9.8550725E-01   6.3516163E+03   3.0755195E+03   9.4271358E+03   0.0000000E+00   0.0000000E+00   0.0000000E+00
   1.0000000E+00   0.0000000E+00   0.0000000E+00   0.0000000E+00   0.0000000E+00   0.0000000E+00   0.0000000E+00
