   0.0000000E+00   2.9097089E+05   1.8185680E+05   4.7282769E+05   0.0000000E+00   0.0000000E+00   0.0000000E+00
   1.4492754E-02   3.4401245E+05   1.9094964E+05   5.3496210E+05   0.0000000E+00   0.0000000E+00   0.0000000E+00
   2.8985507E-02   3.6901777E+05   1.7086962E+05   5.3988739E+05   0.0000000E+00   0.0000000E+00   0.0000000E+00
   4.3478261E-02   3.5512593E+05   1.8185680E+05   5.3698273E+05   0.0000000E+00   0.0000000E+00   0.0000000E+00
   5.7971014E-02   3.6181927E+05   1.7162736E+05   5.3344663E+05   0.0000000E+00   0.0000000E+00   0.0000000E+00
   7.2463768E-02   3.3810211E+05   1.8276609E+05   5.2071665E+05   0.0000000E+00   0.0000000E+00   0.0000000E+00
   8.6956522E-02   3.6131411E+05   1.8589807E+05   5.4721218E+05   0.0000000E+00   0.0000000E+00   0.0000000E+00
   1.0144928E-01   3.5960018E+05   1.7027426E+05   5.2987444E+05   0.0000000E+00   0.0000000E+00   0.0000000E+00
   1.1594203E-01   3.7242758E+05   1.8081492E+05   5.5324250E+05   0.0000000E+00   0.0000000E+00   0.0000000E+00
   1.3043478E-01   3.7213290E+05   1.8042552E+05   5.5247424E+05   0.0000000E+00   0.0000000E+00   0.0000000E+00
   1.4492754E-01   3.7750442E+05   1.8109907E+05   5.5860348E+05   0.0000000E+00   0.0000000E+00   0.0000000E+00
   1.5942029E-01   3.8493024E+05   1.9942252E+05   5.8428387E+05   0.0000000E+00   0.0000000E+00   0.0000000E+00
   1.7391304E-01   3.9787490E+05   1.9360172E+05   5.9147663E+05   0.0000000E+00   0.0000000E+00   0.0000000E+00
   1.8840580E-01   4.0037641E+05   1.9986762E+05   6.0024403E+05   0.0000000E+00   0.0000000E+00   0.0000000E+00
   2.0289855E-01   4.1691755E+05   1.9446771E+05   6.1133113E+05   0.0000000E+00   0.0000000E+00   0.0000000E+00
   2.1739130E-01   4.1998819E+05   2.0701366E+05   6.2695133E+05   0.0000000E+00   0.0000000E+00   0.0000000E+00
   2.3188406E-01   4.3195727E+05   2.0889853E+05   6.4085580E+05   0.0000000E+00   0.0000000E+00   0.0000000E+00
   2.4637681E-01   4.3988843E+05   2.1492978E+05   6.5472907E+05   0.0000000E+00   0.0000000E+00   0.0000000E+00
   2.6086957E-01   4.3936099E+05   2.1174531E+05   6.5110629E+05   0.0000000E+00   0.0000000E+00   0.0000000E+00
   2.7536232E-01   4.4092299E+05   2.2125911E+05   6.6210234E+05   0.0000000E+00   0.0000000E+00   0.0000000E+00
   2.8985507E-01   4.5191416E+05   2.2720734E+05   6.7900784E+05   0.0000000E+00   0.0000000E+00   0.0000000E+00
   3.0434783E-01   4.4702856E+05   2.2511996E+05   6.7200419E+05   0.0000000E+00   0.0000000E+00   0.0000000E+00
   3.1884058E-01   4.5660524E+05   2.2921535E+05   6.8578614E+05   0.0000000E+00   0.0000000E+00   0.0000000E+00
   3.3333333E-01   4.5796946E+05   2.3292167E+05   6.9089113E+05   0.0000000E+00   0.0000000E+00   0.0000000E+00
   3.4782609E-01   4.4501244E+05   2.2981522E+05   6.7482766E+05   0.0000000E+00   0.0000000E+00   0.0000000E+00
   3.6231884E-01   4.4812547E+05   2.2529027E+05   6.7335513E+05   0.0000000E+00   0.0000000E+00   0.0000000E+00
   3.7681159E-01   4.4866755E+05   2.2408605E+05   6.7269531E+05   0.0000000E+00   0.0000000E+00   0.0000000E+00
   3.9130435E-01   4.4431434E+05   2.2058557E+05   6.6484378E+05   0.0000000E+00   0.0000000E+00   0.0000000E+00
   4.0579710E-01   4.3185579E+05   2.1904003E+05   6.5084169E+05   0.0000000E+00   0.0000000E+00   0.0000000E+00
   4.2028986E-01   4.2579576E+05   2.1080757E+05   6.3649881E+05   0.0000000E+00   0.0000000E+00   0.0000000E+00
   4.3478261E-01   4.1758869E+05   2.1060028E+05   6.2813845E+05   0.0000000E+00   0.0000000E+00   0.0000000E+00
   4.4927536E-01   4.1455530E+05   2.0287789E+05   6.1738430E+05   0.0000000E+00   0.0000000E+00   0.0000000E+00
   4.6376812E-01   4.0015601E+05   2.0004248E+05   6.0019849E+05   0.0000000E+00   0.0000000E+00   0.0000000E+00
   4.7826087E-01   3.8853523E+05   1.9666711E+05   5.8508753E+05   0.0000000E+00   0.0000000E+00   0.0000000E+00
   4.9275362E-01   3.8435079E+05   1.8854272E+05   5.7287122E+05   0.0000000E+00   0.0000000E+00   0.0000000E+00
   5.0724638E-01   3.7269820E+05   1.8367537E+05   5.5635192E+05   0.0000000E+00   0.0000000E+00   0.0000000E+00
   5.2173913E-01   3.5459972E+05   1.7474250E+05   5.2923698E+05   0.0000000E+00   0.0000000E+00   0.0000000E+00
   5.3623188E-01   3.3616886E+05   1.7176047E+05   5.0780645E+05   0.0000000E+00   0.0000000E+00   0.0000000E+00
   5.5072464E-01   3.2534820E+05   1.6066012E+05   4.8598838E+05   0.0000000E+00   0.0000000E+00   0.0000000E+00
   5.6521739E-01   3.1459673E+05   1.5246051E+05   4.6701838E+05   0.0000000E+00   0.0000000E+00   0.0000000E+00
   5.7971014E-01   2.9976063E+05   1.4571276E+05   4.4543551E+05   0.0000000E+00   0.0000000E+00   0.0000000E+00
   5.9420290E-01   2.8041802E+05   1.3986710E+05   4.2026664E+05   0.0000000E+00   0.0000000E+00   0.0000000E+00
   6.0869565E-01   2.7058416E+05   1.3435393E+05   4.0493809E+05   0.0000000E+00   0.0000000E+00   0.0000000E+00
   6.2318841E-01   2.5530440E+05   1.2735263E+05   3.8263940E+05   0.0000000E+00   0.0000000E+00   0.0000000E+00
   6.3768116E-01   2.4321625E+05   1.2153063E+05   3.6472966E+05   0.0000000E+00   0.0000000E+00   0.0000000E+00
   6.5217391E-01   2.2730417E+05   1.1600107E+05   3.4330523E+05   0.0000000E+00   0.0000000E+00   0.0000000E+00
   6.6666667E-01   2.1055196E+05   1.0593488E+05   3.1647037E+05   0.0000000E+00   0.0000000E+00   0.0000000E+00
   6.8115942E-01   1.9904292E+05   9.8747600E+04   2.9777439E+05   0.0000000E+00   0.0000000E+00   0.0000000E+00
   6.9565217E-01   1.8795027E+05   9.3612053E+04   2.8151496E+05   0.0000000E+00   0.0000000E+00   0.0000000E+00
   7.1014493E-01   1.7834647E+05   8.8747976E+04   2.6707899E+05   0.0000000E+00   0.0000000E+00   0.0000000E+00
   7.2463768E-01   1.6682331E+05   8.3426809E+04   2.5021981E+05   0.0000000E+00   0.0000000E+00   0.0000000E+00
   7.3913043E-01   1.5683664E+05   7.7185139E+04   2.3402177E+05   0.0000000E+00   0.0000000E+00   0.0000000E+00
   7.5362319E-01   1.4462570E+05   7.1649832E+04   2.1627554E+05   0.0000000E+00   0.0000000E+00   0.0000000E+00
   7.6811594E-01   1.3637831E+05   6.7452862E+04   2.0381687E+05   0.0000000E+00   0.0000000E+00   0.0000000E+00
   7.8260870E-01   1.2605090E+05   6.3593753E+04   1.8964465E+05   0.0000000E+00   0.0000000E+00   0.0000000E+00
   7.9710145E-01   1.1483155E+05   5.6816474E+04   1.7163425E+05   0.0000000E+00   0.0000000E+00   0.0000000E+00
   8.1159420E-01   1.0616432E+05   5.3366312E+04   1.5951710E+05   0.0000000E+00   0.0000000E+00   0.0000000E+00
   8.2608696E-01   9.5408354E+04   4.7418364E+04   1.4281342E+05   0.0000000E+00   0.0000000E+00   0.0000000E+00
   8.4057971E-01   8.8119551E+04   4.5072268E+04   1.3316569E+05   0.0000000E+00   0.0000000E+00   0.0000000E+00
   8.5507246E-01   8.0833808E+04   4.0429747E+04   1.2126356E+05   0.0000000E+00   0.0000000E+00   0.0000000E+00
   8.6956522E-01   7.3020558E+04   3.6295587E+04   1.0930352E+05   0.0000000E+00   0.0000000E+00   0.0000000E+00
   8.8405797E-01   6.6146686E+04   3.2619943E+04   9.8766629E+04   4.0240543E-06   0.0000000E+00   2.6950181E-06
   8.9855072E-01   5.7013575E+04   2.8464012E+04   8.5477587E+04   0.0000000E+00   0.0000000E+00   0.0000000E+00
   9.1304348E-01   4.9541546E+04   2.4331767E+04   7.3873313E+04   0.0000000E+00   0.0000000E+00   0.0000000E+00
   9.2753623E-01   4.0787545E+04   2.2104600E+04   6.2892145E+04   0.0000000E+00   0.0000000E+00   0.0000000E+00
   9.4202899E-01   3.6079924E+04   1.8780212E+04   5.4860136E+04   0.0000000E+00   0.0000000E+00   0.0000000E+00
   9.5652174E-01   2.8621781E+04   1.4488844E+04   4.3110625E+04   0.0000000E+00   0.0000000E+00   0.0000000E+00
   9.7101449E-01   1.9158298E+04   9.7148629E+03   2.8873161E+04   0.0000000E+00   0.0000000E+00   0.0000000E+00
   9.8550725E-01   6.2736140E+03   3.2760968E+03   9.5497109E+03   0.0000000E+00   0.0000000E+00   0.0000000E+00
   1.0000000E+00   0.0000000E+00   0.0000000E+00   0.0000000E+00   0.0000000E+00   0.0000000E+00   0.0000000E+00
