   0.0000000E+00   3.9402308E+05   1.7579491E+05   5.6981799E+05   0.0000000E+00   0.0000000E+00   0.0000000E+00
   1.4492754E-02   3.4098151E+05   1.8564549E+05   5.2662700E+05   0.0000000E+00   0.0000000E+00   0.0000000E+00
   2.8985507E-02   3.5803058E+05   1.7162736E+05   5.2965794E+05   0.0000000E+00   0.0000000E+00   0.0000000E+00
   4.3478261E-02   3.4502277E+05   1.7200623E+05   5.1702900E+05   0.0000000E+00   0.0000000E+00   0.0000000E+00
   5.7971014E-02   3.4685397E+05   1.6442886E+05   5.1128283E+05   0.0000000E+00   0.0000000E+00   0.0000000E+00
   7.2463768E-02   3.6068266E+05   1.7018766E+05   5.3071877E+05   0.0000000E+00   0.0000000E+00   0.0000000E+00
   8.6956522E-02   3.6396619E+05   1.7187994E+05   5.3584613E+05   0.0000000E+00   0.0000000E+00   0.0000000E+00
   1.0144928E-01   3.5537850E+05   1.7547017E+05   5.3084867E+05   0.0000000E+00   0.0000000E+00   0.0000000E+00
   1.1594203E-01   3.5376831E+05   1.7882586E+05   5.3259417E+05   0.0000000E+00   0.0000000E+00   0.0000000E+00
   1.3043478E-01   3.7659513E+05   1.9322285E+05   5.6981799E+05   0.0000000E+00   0.0000000E+00   0.0000000E+00
   1.4492754E-01   3.7985340E+05   1.8678209E+05   5.6663549E+05   0.0000000E+00   0.0000000E+00   0.0000000E+00
   1.5942029E-01   3.8231260E+05   1.8984748E+05   5.7216008E+05   0.0000000E+00   0.0000000E+00   0.0000000E+00
   1.7391304E-01   4.0444196E+05   2.0067393E+05   6.0511589E+05   0.0000000E+00   0.0000000E+00   0.0000000E+00
   1.8840580E-01   4.0020154E+05   2.0464719E+05   6.0479045E+05   0.0000000E+00   0.0000000E+00   0.0000000E+00
   2.0289855E-01   4.0528088E+05   2.0610438E+05   6.1138526E+05   0.0000000E+00   0.0000000E+00   0.0000000E+00
   2.1739130E-01   4.1736137E+05   2.0761985E+05   6.2493070E+05   0.0000000E+00   0.0000000E+00   0.0000000E+00
   2.3188406E-01   4.2494820E+05   2.1567080E+05   6.4061901E+05   0.0000000E+00   0.0000000E+00   0.0000000E+00
   2.4637681E-01   4.3458427E+05   2.2085796E+05   6.5544223E+05   0.0000000E+00   0.0000000E+00   0.0000000E+00
   2.6086957E-01   4.3624585E+05   2.1528141E+05   6.5148516E+05   0.0000000E+00   0.0000000E+00   0.0000000E+00
   2.7536232E-01   4.3677538E+05   2.1834781E+05   6.5512318E+05   0.0000000E+00   0.0000000E+00   0.0000000E+00
   2.8985507E-01   4.5206571E+05   2.2493413E+05   6.7699984E+05   0.0000000E+00   0.0000000E+00   0.0000000E+00
   3.0434783E-01   4.4731722E+05   2.2385707E+05   6.7099388E+05   0.0000000E+00   0.0000000E+00   0.0000000E+00
   3.1884058E-01   4.5147329E+05   2.2825095E+05   6.7965536E+05   0.0000000E+00   0.0000000E+00   0.0000000E+00
   3.3333333E-01   4.4897546E+05   2.2679388E+05   6.7563756E+05   0.0000000E+00   0.0000000E+00   0.0000000E+00
   3.4782609E-01   4.5552604E+05   2.2596339E+05   6.8142629E+05   0.0000000E+00   0.0000000E+00   0.0000000E+00
   3.6231884E-01   4.4748898E+05   2.2674513E+05   6.7411286E+05   0.0000000E+00   0.0000000E+00   0.0000000E+00
   3.7681159E-01   4.4327596E+05   2.2481465E+05   6.6806146E+05   0.0000000E+00   0.0000000E+00   0.0000000E+00
   3.9130435E-01   4.4223758E+05   2.2198878E+05   6.6419830E+05   0.0000000E+00   0.0000000E+00   0.0000000E+00
   4.0579710E-01   4.3553622E+05   2.1849879E+05   6.5387263E+05   0.0000000E+00   0.0000000E+00   0.0000000E+00
   4.2028986E-01   4.2313062E+05   2.1457013E+05   6.3757010E+05   0.0000000E+00   0.0000000E+00   0.0000000E+00
   4.3478261E-01   4.1827065E+05   2.1383329E+05   6.3210394E+05   0.0000000E+00   0.0000000E+00   0.0000000E+00
   4.4927536E-01   4.1242874E+05   2.0610438E+05   6.1843535E+05   0.0000000E+00   0.0000000E+00   0.0000000E+00
   4.6376812E-01   4.0685724E+05   2.0390221E+05   6.1071209E+05   0.0000000E+00   0.0000000E+00   0.0000000E+00
   4.7826087E-01   3.8662940E+05   1.9108741E+05   5.7764793E+05   0.0000000E+00   0.0000000E+00   0.0000000E+00
   4.9275362E-01   3.7512423E+05   1.8709410E+05   5.6219605E+05   0.0000000E+00   0.0000000E+00   0.0000000E+00
   5.0724638E-01   3.6871467E+05   1.8633828E+05   5.5503130E+05   0.0000000E+00   0.0000000E+00   0.0000000E+00
   5.2173913E-01   3.5142144E+05   1.8061496E+05   5.3199430E+05   0.0000000E+00   0.0000000E+00   0.0000000E+00
   5.3623188E-01   3.4118630E+05   1.7024500E+05   5.1136986E+05   0.0000000E+00   0.0000000E+00   0.0000000E+00
   5.5072464E-01   3.2431130E+05   1.6339196E+05   4.8768332E+05   0.0000000E+00   0.0000000E+00   0.0000000E+00
   5.6521739E-01   3.1189608E+05   1.5667663E+05   4.6853385E+05   0.0000000E+00   0.0000000E+00   0.0000000E+00
   5.7971014E-01   2.9477851E+05   1.4847850E+05   4.4320019E+05   0.0000000E+00   0.0000000E+00   0.0000000E+00
   5.9420290E-01   2.8697891E+05   1.4029217E+05   4.2721564E+05   0.0000000E+00   0.0000000E+00   0.0000000E+00
   6.0869565E-01   2.7067437E+05   1.3541837E+05   4.0609274E+05   0.0000000E+00   0.0000000E+00   0.0000000E+00
   6.2318841E-01   2.5338362E+05   1.2684160E+05   3.8020760E+05   0.0000000E+00   0.0000000E+00   0.0000000E+00
   6.3768116E-01   2.4342291E+05   1.2022181E+05   3.6362750E+05   0.0000000E+00   0.0000000E+00   0.0000000E+00
   6.5217391E-01   2.2494676E+05   1.1458663E+05   3.3949971E+05   0.0000000E+00   0.0000000E+00   0.0000000E+00
   6.6666667E-01   2.1384647E+05   1.0654437E+05   3.2035789E+05   0.0000000E+00   0.0000000E+00   0.0000000E+00
   6.8115942E-01   2.0139674E+05   1.0189140E+05   3.0328814E+05   0.0000000E+00   0.0000000E+00   0.0000000E+00
   6.9565217E-01   1.8712939E+05   9.4827589E+04   2.8194119E+05   0.0000000E+00   0.0000000E+00   0.0000000E+00
   7.1014493E-01   1.7811451E+05   8.7526319E+04   2.6564083E+05   0.0000000E+00   0.0000000E+00   0.0000000E+00
   7.2463768E-01   1.6524722E+05   8.2411442E+04   2.4765866E+05   0.0000000E+00   0.0000000E+00   0.0000000E+00
   7.3913043E-01   1.5722293E+05   7.9324631E+04   2.3653271E+05   0.0000000E+00   0.0000000E+00   0.0000000E+00
   7.5362319E-01   1.4053101E+05   7.1868410E+04   2.1235571E+05   0.0000000E+00   0.0000000E+00   0.0000000E+00
   7.6811594E-01   1.3434814E+05   6.6780907E+04   2.0111475E+05   0.0000000E+00   0.0000000E+00   0.0000000E+00
   7.8260870E-01   1.2477397E+05   6.3944557E+04   1.8870450E+05   0.0000000E+00   0.0000000E+00   0.0000000E+00
   7.9710145E-01   1.1580972E+05   5.7574211E+04   1.7338393E+05   0.0000000E+00   0.0000000E+00   0.0000000E+00
   8.1159420E-01   1.0736858E+05   5.1823777E+04   1.5916530E+05   0.0000000E+00   0.0000000E+00   0.0000000E+00
   8.2608696E-01   9.6551606E+04   4.9837804E+04   1.4638941E+05   0.0000000E+00   0.0000000E+00   0.0000000E+00
   8.4057971E-01   8.9961635E+04   4.4902431E+04   1.3486407E+05   0.0000000E+00   0.0000000E+00   0.0000000E+00
   8.5507246E-01   8.2374968E+04   4.0404061E+04   1.2277903E+05   0.0000000E+00   0.0000000E+00   0.0000000E+00
   8.6956522E-01   7.3033187E+04   3.6156669E+04   1.0918986E+05   0.0000000E+00   0.0000000E+00   0.0000000E+00
   8.8405797E-01   6.4979026E+04   3.2532990E+04   9.7512016E+04   0.0000000E+00   0.0000000E+00   0.0000000E+00
   8.9855072E-01   5.8431276E+04   2.8610671E+04   8.7041946E+04   0.0000000E+00   0.0000000E+00   0.0000000E+00
   9.1304348E-01   5.0299283E+04   2.5269917E+04   7.5569200E+04   0.0000000E+00   0.0000000E+00   0.0000000E+00
   9.2753623E-01   4.2587170E+04   2.0328654E+04   6.2915824E+04   0.0000000E+00   0.0000000E+00   0.0000000E+00
   9.4202899E-01   3.5438762E+04   1.8022476E+04   5.3461237E+04   0.0000000E+00   0.0000000E+00   0.0000000E+00
   9.5652174E-01   2.7703312E+04   1.3891839E+04   4.1595152E+04   0.0000000E+00   0.0000000E+00   0.0000000E+00
   9.7101449E-01   1.9949963E+04   9.6809344E+03   2.9630897E+04   0.0000000E+00   0.0000000E+00   0.0000000E+00
   9.8550725E-01   7.0536371E+03   3.0978059E+03   1.0151443E+04   0.0000000E+00   0.0000000E+00   0.0000000E+00
   1.0000000E+00   0.0000000E+00   0.0000000E+00   0.0000000E+00   0.0000000E+00   0.0000000E+00   0.0000000E+00
