   0.0000000E+00   3.5158982E+05   1.1517598E+05   4.6676580E+05   0.0000000E+00   0.0000000E+00   0.0000000E+00
   1.4492754E-02   3.4098151E+05   1.8716096E+05   5.2814247E+05   0.0000000E+00   0.0000000E+00   0.0000000E+00
   2.8985507E-02   3.3529848E+05   1.6632320E+05   5.0162168E+05   0.0000000E+00   0.0000000E+00   0.0000000E+00
   4.3478261E-02   3.6320845E+05   1.7225881E+05   5.3546726E+05   0.0000000E+00   0.0000000E+00   0.0000000E+00
   5.7971014E-02   3.4079207E+05   1.8772926E+05   5.2852134E+05   0.0000000E+00   0.0000000E+00   0.0000000E+00
   7.2463768E-02   3.5916719E+05   1.7624955E+05   5.3541674E+05   0.0000000E+00   0.0000000E+00   0.0000000E+00
   8.6956522E-02   3.6118782E+05   1.7630007E+05   5.3748789E+05   0.0000000E+00   0.0000000E+00   0.0000000E+00
   1.0144928E-01   3.7096623E+05   1.7806812E+05   5.4903435E+05   0.0000000E+00   0.0000000E+00   0.0000000E+00
   1.1594203E-01   3.6181927E+05   1.8166737E+05   5.4348664E+05   0.0000000E+00   0.0000000E+00   0.0000000E+00
   1.3043478E-01   3.7061743E+05   1.9078126E+05   5.6131450E+05   0.0000000E+00   0.0000000E+00   0.0000000E+00
   1.4492754E-01   3.8144465E+05   1.9428369E+05   5.7572833E+05   0.0000000E+00   0.0000000E+00   0.0000000E+00
   1.5942029E-01   3.8871892E+05   1.8798758E+05   5.7670650E+05   0.0000000E+00   0.0000000E+00   0.0000000E+00
   1.7391304E-01   3.9402308E+05   1.9726412E+05   5.9128719E+05   0.0000000E+00   0.0000000E+00   0.0000000E+00
   1.8840580E-01   3.9687916E+05   1.9450518E+05   5.9132605E+05   0.0000000E+00   0.0000000E+00   0.0000000E+00
   2.0289855E-01   4.1231700E+05   2.0020486E+05   6.1246774E+05   0.0000000E+00   0.0000000E+00   0.0000000E+00
   2.1739130E-01   4.2236243E+05   2.1317659E+05   6.3548850E+05   0.0000000E+00   0.0000000E+00   0.0000000E+00
   2.3188406E-01   4.2561122E+05   2.1245042E+05   6.3810901E+05   0.0000000E+00   0.0000000E+00   0.0000000E+00
   2.4637681E-01   4.3645633E+05   2.1069537E+05   6.4710713E+05   0.0000000E+00   0.0000000E+00   0.0000000E+00
   2.6086957E-01   4.3658262E+05   2.2033299E+05   6.5683142E+05   0.0000000E+00   0.0000000E+00   0.0000000E+00
   2.7536232E-01   4.4347536E+05   2.2181744E+05   6.6525293E+05   0.0000000E+00   0.0000000E+00   0.0000000E+00
   2.8985507E-01   4.5066389E+05   2.2307768E+05   6.7366580E+05   0.0000000E+00   0.0000000E+00   0.0000000E+00
   3.0434783E-01   4.5460593E+05   2.2133128E+05   6.7582896E+05   0.0000000E+00   0.0000000E+00   0.0000000E+00
   3.1884058E-01   4.5508976E+05   2.2577109E+05   6.8079197E+05   0.0000000E+00   0.0000000E+00   0.0000000E+00
   3.3333333E-01   4.5586098E+05   2.2290637E+05   6.7873440E+05   0.0000000E+00   0.0000000E+00   0.0000000E+00
   3.4782609E-01   4.5574704E+05   2.2485836E+05   6.8063698E+05   0.0000000E+00   0.0000000E+00   0.0000000E+00
   3.6231884E-01   4.5130797E+05   2.2474470E+05   6.7602236E+05   0.0000000E+00   0.0000000E+00   0.0000000E+00
   3.7681159E-01   4.4648177E+05   2.2356147E+05   6.6998495E+05   0.0000000E+00   0.0000000E+00   0.0000000E+00
   3.9130435E-01   4.4661561E+05   2.2173621E+05   6.6832376E+05   0.0000000E+00   0.0000000E+00   0.0000000E+00
   4.0579710E-01   4.3542797E+05   2.1950008E+05   6.5492805E+05   0.0000000E+00   0.0000000E+00   0.0000000E+00
   4.2028986E-01   4.2817348E+05   2.1744430E+05   6.4546101E+05   0.0000000E+00   0.0000000E+00   0.0000000E+00
   4.3478261E-01   4.1819488E+05   2.1416164E+05   6.3235652E+05   0.0000000E+00   0.0000000E+00   0.0000000E+00
   4.4927536E-01   4.0653795E+05   2.0214459E+05   6.0858477E+05   0.0000000E+00   0.0000000E+00   0.0000000E+00
   4.6376812E-01   3.9864053E+05   1.9859805E+05   5.9721490E+05   0.0000000E+00   0.0000000E+00   0.0000000E+00
   4.7826087E-01   3.8809895E+05   1.9806778E+05   5.8614377E+05   0.0000000E+00   0.0000000E+00   0.0000000E+00
   4.9275362E-01   3.8301361E+05   1.9005819E+05   5.7300494E+05   0.0000000E+00   0.0000000E+00   0.0000000E+00
   5.0724638E-01   3.6778374E+05   1.8280939E+05   5.5059312E+05   0.0000000E+00   0.0000000E+00   0.0000000E+00
   5.2173913E-01   3.5163192E+05   1.7745772E+05   5.2906859E+05   0.0000000E+00   0.0000000E+00   0.0000000E+00
   5.3623188E-01   3.3770481E+05   1.6838138E+05   5.0602475E+05   0.0000000E+00   0.0000000E+00   0.0000000E+00
   5.5072464E-01   3.2694344E+05   1.6093928E+05   4.8782290E+05   0.0000000E+00   0.0000000E+00   0.0000000E+00
   5.6521739E-01   3.1257610E+05   1.5179992E+05   4.6427887E+05   0.0000000E+00   0.0000000E+00   0.0000000E+00
   5.7971014E-01   2.9680546E+05   1.4760711E+05   4.4435573E+05   0.0000000E+00   0.0000000E+00   0.0000000E+00
   5.9420290E-01   2.8452088E+05   1.4068028E+05   4.2518269E+05   0.0000000E+00   0.0000000E+00   0.0000000E+00
   6.0869565E-01   2.6915889E+05   1.3033071E+05   3.9943548E+05   0.0000000E+00   0.0000000E+00   0.0000000E+00
   6.2318841E-01   2.5267875E+05   1.2758171E+05   3.8024284E+05   0.0000000E+00   0.0000000E+00   0.0000000E+00
   6.3768116E-01   2.3737824E+05   1.1784528E+05   3.5522351E+05   0.0000000E+00   0.0000000E+00   0.0000000E+00
   6.5217391E-01   2.2836500E+05   1.1253232E+05   3.4084680E+05   0.0000000E+00   0.0000000E+00   0.0000000E+00
   6.6666667E-01   2.1326993E+05   1.0631375E+05   3.1951779E+05   0.0000000E+00   0.0000000E+00   0.0000000E+00
   6.8115942E-01   2.0402463E+05   1.0089183E+05   3.0490034E+05   0.0000000E+00   0.0000000E+00   0.0000000E+00
   6.9565217E-01   1.8930788E+05   9.4922306E+04   2.8423019E+05   0.0000000E+00   0.0000000E+00   0.0000000E+00
   7.1014493E-01   1.7695471E+05   8.9335609E+04   2.6625939E+05   0.0000000E+00   0.0000000E+00   0.0000000E+00
   7.2463768E-01   1.6506536E+05   8.3926915E+04   2.4899227E+05   0.0000000E+00   0.0000000E+00   0.0000000E+00
   7.3913043E-01   1.5760923E+05   7.7571436E+04   2.3518067E+05   0.0000000E+00   0.0000000E+00   0.0000000E+00
   7.5362319E-01   1.4446541E+05   7.2582431E+04   2.1704784E+05   0.0000000E+00   0.0000000E+00   0.0000000E+00
   7.6811594E-01   1.3164603E+05   6.7267002E+04   1.9888443E+05   0.0000000E+00   0.0000000E+00   0.0000000E+00
   7.8260870E-01   1.2577026E+05   6.2527309E+04   1.8826950E+05   0.0000000E+00   0.0000000E+00   0.0000000E+00
   7.9710145E-01   1.1742163E+05   5.8387056E+04   1.7579491E+05   0.0000000E+00   0.0000000E+00   0.0000000E+00
   8.1159420E-01   1.0799101E+05   5.3082161E+04   1.6107317E+05   3.0961789E-05   0.0000000E+00   2.0758236E-05
   8.2608696E-01   9.8106960E+04   4.9970740E+04   1.4807770E+05   0.0000000E+00   0.0000000E+00   0.0000000E+00
   8.4057971E-01   8.9308413E+04   4.5020011E+04   1.3431536E+05   0.0000000E+00   0.0000000E+00   0.0000000E+00
   8.5507246E-01   8.2259381E+04   4.1444344E+04   1.2370372E+05   5.9280141E-10   0.0000000E+00   3.9419570E-10
   8.6956522E-01   7.2022872E+04   3.6927034E+04   1.0893728E+05   0.0000000E+00   0.0000000E+00   0.0000000E+00
   8.8405797E-01   6.5997623E+04   3.4917997E+04   1.0091562E+05   0.0000000E+00   0.0000000E+00   0.0000000E+00
   8.9855072E-01   5.6952467E+04   2.8451790E+04   8.5404257E+04   0.0000000E+00   0.0000000E+00   0.0000000E+00
   9.1304348E-01   4.9493436E+04   2.3694306E+04   7.3187742E+04   0.0000000E+00   0.0000000E+00   0.0000000E+00
   9.2753623E-01   4.2149103E+04   2.1465260E+04   6.3614363E+04   0.0000000E+00   0.0000000E+00   0.0000000E+00
   9.4202899E-01   3.5811801E+04   1.7917558E+04   5.3729360E+04   0.0000000E+00   0.0000000E+00   0.0000000E+00
   9.5652174E-01   2.8839917E+04   1.3088179E+04   4.1928097E+04   0.0000000E+00   0.0000000E+00   0.0000000E+00
   9.7101449E-01   1.7936871E+04   9.0023642E+03   2.6939236E+04   0.0000000E+00   0.0000000E+00   0.0000000E+00
   9.8550725E-01   6.3293299E+03   3.1089490E+03   9.4382790E+03   0.0000000E+00   0.0000000E+00   0.0000000E+00
   1.0000000E+00   0.0000000E+00   0.0000000E+00   0.0000000E+00   0.0000000E+00   0.0000000E+00   0.0000000E+00
