   0.0000000E+00   4.3645633E+05   1.8185680E+05   6.1831313E+05   0.0000000E+00   0.0000000E+00   0.0000000E+00
   1.4492754E-02   3.5537850E+05   1.6139791E+05   5.1677642E+05   0.0000000E+00   0.0000000E+00   0.0000000E+00
   2.8985507E-02   3.4893774E+05   1.7693152E+05   5.2586926E+05   0.0000000E+00   0.0000000E+00   0.0000000E+00
   4.3478261E-02   3.2380614E+05   1.9221254E+05   5.1601868E+05   0.0000000E+00   0.0000000E+00   0.0000000E+00
   5.7971014E-02   3.5803058E+05   1.7996246E+05   5.3799305E+05   0.0000000E+00   0.0000000E+00   0.0000000E+00
   7.2463768E-02   3.5643934E+05   1.7534027E+05   5.3177960E+05   0.0000000E+00   0.0000000E+00   0.0000000E+00
   8.6956522E-02   3.6964921E+05   1.8185680E+05   5.5150602E+05   0.0000000E+00   0.0000000E+00   0.0000000E+00
   1.0144928E-01   3.6403835E+05   1.8304753E+05   5.4708589E+05   0.0000000E+00   0.0000000E+00   0.0000000E+00
   1.1594203E-01   3.5424190E+05   1.8498247E+05   5.3922437E+05   0.0000000E+00   0.0000000E+00   0.0000000E+00
   1.3043478E-01   3.6228233E+05   1.8690838E+05   5.4910652E+05   0.0000000E+00   0.0000000E+00   0.0000000E+00
   1.4492754E-01   3.7038169E+05   1.8822179E+05   5.5860348E+05   0.0000000E+00   0.0000000E+00   0.0000000E+00
   1.5942029E-01   3.8858115E+05   2.0073134E+05   5.8931248E+05   0.0000000E+00   0.0000000E+00   0.0000000E+00
   1.7391304E-01   4.0336849E+05   1.9284399E+05   5.9614934E+05   0.0000000E+00   0.0000000E+00   0.0000000E+00
   1.8840580E-01   4.0503940E+05   2.0091680E+05   6.0583962E+05   0.0000000E+00   0.0000000E+00   0.0000000E+00
   2.0289855E-01   4.1096390E+05   2.0881058E+05   6.1977448E+05   0.0000000E+00   0.0000000E+00   0.0000000E+00
   2.1739130E-01   4.1842220E+05   2.1241885E+05   6.3084105E+05   0.0000000E+00   0.0000000E+00   0.0000000E+00
   2.3188406E-01   4.2011763E+05   2.1567080E+05   6.3578844E+05   0.0000000E+00   0.0000000E+00   0.0000000E+00
   2.4637681E-01   4.3320252E+05   2.1800530E+05   6.5120782E+05   0.0000000E+00   0.0000000E+00   0.0000000E+00
   2.6086957E-01   4.4302338E+05   2.2218523E+05   6.6516652E+05   0.0000000E+00   0.0000000E+00   0.0000000E+00
   2.7536232E-01   4.4215930E+05   2.2409065E+05   6.6624995E+05   0.0000000E+00   0.0000000E+00   0.0000000E+00
   2.8985507E-01   4.5142163E+05   2.2137277E+05   6.7275651E+05   0.0000000E+00   0.0000000E+00   0.0000000E+00
   3.0434783E-01   4.4078625E+05   2.2302716E+05   6.6374125E+05   0.0000000E+00   0.0000000E+00   0.0000000E+00
   3.1884058E-01   4.5822404E+05   2.2766543E+05   6.8585503E+05   0.0000000E+00   0.0000000E+00   0.0000000E+00
   3.3333333E-01   4.5322537E+05   2.2511369E+05   6.7833906E+05   0.0000000E+00   0.0000000E+00   0.0000000E+00
   3.4782609E-01   4.5631535E+05   2.2397433E+05   6.8025811E+05   0.0000000E+00   0.0000000E+00   0.0000000E+00
   3.6231884E-01   4.4570072E+05   2.2565398E+05   6.7132439E+05   0.0000000E+00   0.0000000E+00   0.0000000E+00
   3.7681159E-01   4.4286795E+05   2.2353232E+05   6.6634198E+05   0.0000000E+00   0.0000000E+00   0.0000000E+00
   3.9130435E-01   4.4192887E+05   2.2103460E+05   6.6293541E+05   0.0000000E+00   0.0000000E+00   0.0000000E+00
   4.0579710E-01   4.3602334E+05   2.1928358E+05   6.5525280E+05   0.0000000E+00   0.0000000E+00   0.0000000E+00
   4.2028986E-01   4.2587415E+05   2.1611173E+05   6.4188136E+05   0.0000000E+00   0.0000000E+00   0.0000000E+00
   4.3478261E-01   4.1877581E+05   2.0802398E+05   6.2672401E+05   0.0000000E+00   0.0000000E+00   0.0000000E+00
   4.4927536E-01   4.1577745E+05   2.0556663E+05   6.2124631E+05   0.0000000E+00   0.0000000E+00   0.0000000E+00
   4.6376812E-01   4.0782809E+05   2.0061079E+05   6.0841520E+05   0.0000000E+00   0.0000000E+00   0.0000000E+00
   4.7826087E-01   3.8564205E+05   1.9760854E+05   5.8318171E+05   0.0000000E+00   0.0000000E+00   0.0000000E+00
   4.9275362E-01   3.7536938E+05   1.8831985E+05   5.6360009E+05   0.0000000E+00   0.0000000E+00   0.0000000E+00
   5.0724638E-01   3.6561877E+05   1.7871761E+05   5.4422814E+05   0.0000000E+00   0.0000000E+00   0.0000000E+00
   5.2173913E-01   3.5287376E+05   1.7804707E+05   5.3087874E+05   0.0000000E+00   0.0000000E+00   0.0000000E+00
   5.3623188E-01   3.4085863E+05   1.6723453E+05   5.0801125E+05   0.0000000E+00   0.0000000E+00   0.0000000E+00
   5.5072464E-01   3.2453065E+05   1.6261428E+05   4.8710505E+05   0.0000000E+00   0.0000000E+00   0.0000000E+00
   5.6521739E-01   3.1516017E+05   1.5448114E+05   4.6960245E+05   0.0000000E+00   0.0000000E+00   0.0000000E+00
   5.7971014E-01   2.9398289E+05   1.4916047E+05   4.4310547E+05   0.0000000E+00   0.0000000E+00   0.0000000E+00
   5.9420290E-01   2.7964180E+05   1.4193702E+05   4.2156034E+05   0.0000000E+00   0.0000000E+00   0.0000000E+00
   6.0869565E-01   2.7076458E+05   1.3188227E+05   4.0259272E+05   0.0000000E+00   0.0000000E+00   0.0000000E+00
   6.2318841E-01   2.5625597E+05   1.2832183E+05   3.8454256E+05   0.0000000E+00   0.0000000E+00   0.0000000E+00
   6.3768116E-01   2.3987532E+05   1.2073845E+05   3.6057933E+05   0.0000000E+00   0.0000000E+00   0.0000000E+00
   6.5217391E-01   2.2721997E+05   1.1593371E+05   3.4308633E+05   0.0000000E+00   0.0000000E+00   0.0000000E+00
   6.6666667E-01   2.1425828E+05   1.0710443E+05   3.2136272E+05   0.0000000E+00   0.0000000E+00   0.0000000E+00
   6.8115942E-01   1.9893006E+05   1.0210099E+05   3.0099881E+05   0.0000000E+00   0.0000000E+00   0.0000000E+00
   6.9565217E-01   1.9161266E+05   9.4401362E+04   2.8599824E+05   0.0000000E+00   0.0000000E+00   0.0000000E+00
   7.1014493E-01   1.7746502E+05   8.8608800E+04   2.6604290E+05   0.0000000E+00   0.0000000E+00   0.0000000E+00
   7.2463768E-01   1.6574732E+05   8.3275262E+04   2.4902258E+05   0.0000000E+00   0.0000000E+00   0.0000000E+00
   7.3913043E-01   1.5230507E+05   7.5001074E+04   2.2727643E+05   0.0000000E+00   0.0000000E+00   0.0000000E+00
   7.5362319E-01   1.4286251E+05   7.2582431E+04   2.1543037E+05   0.0000000E+00   0.0000000E+00   0.0000000E+00
   7.6811594E-01   1.3489143E+05   6.6981063E+04   2.0184390E+05   0.0000000E+00   0.0000000E+00   0.0000000E+00
   7.8260870E-01   1.2355318E+05   6.2990370E+04   1.8652951E+05   0.0000000E+00   0.0000000E+00   0.0000000E+00
   7.9710145E-01   1.1649857E+05   5.8910583E+04   1.7539538E+05   0.0000000E+00   0.0000000E+00   0.0000000E+00
   8.1159420E-01   1.0583958E+05   5.2540920E+04   1.5838050E+05   0.0000000E+00   0.0000000E+00   0.0000000E+00
   8.2608696E-01   9.7641683E+04   4.9266178E+04   1.4690786E+05   0.0000000E+00   0.0000000E+00   0.0000000E+00
   8.4057971E-01   9.1450979E+04   4.4719529E+04   1.3615744E+05   0.0000000E+00   0.0000000E+00   0.0000000E+00
   8.5507246E-01   8.0448518E+04   4.0532491E+04   1.2098101E+05   0.0000000E+00   0.0000000E+00   0.0000000E+00
   8.6956522E-01   7.2123903E+04   3.6421877E+04   1.0854578E+05   0.0000000E+00   0.0000000E+00   0.0000000E+00
   8.8405797E-01   6.6631141E+04   3.3042288E+04   9.9673429E+04   0.0000000E+00   0.0000000E+00   0.0000000E+00
   8.9855072E-01   5.9030132E+04   2.9441737E+04   8.8459647E+04   0.0000000E+00   0.0000000E+00   0.0000000E+00
   9.1304348E-01   4.9673849E+04   2.4800842E+04   7.4474691E+04   0.0000000E+00   0.0000000E+00   0.0000000E+00
   9.2753623E-01   4.2871321E+04   2.1974364E+04   6.4845685E+04   0.0000000E+00   0.0000000E+00   0.0000000E+00
   9.4202899E-01   3.4855887E+04   1.7521204E+04   5.2377091E+04   0.0000000E+00   0.0000000E+00   0.0000000E+00
   9.5652174E-01   2.7577023E+04   1.4282188E+04   4.1859211E+04   0.0000000E+00   0.0000000E+00   0.0000000E+00
   9.7101449E-01   1.8457108E+04   9.3190303E+03   2.7776139E+04   0.0000000E+00   0.0000000E+00   0.0000000E+00
   9.8550725E-01   6.6079096E+03   3.2426673E+03   9.8505769E+03   0.0000000E+00   0.0000000E+00   0.0000000E+00
   1.0000000E+00   0.0000000E+00   0.0000000E+00   0.0000000E+00   0.0000000E+00   0.0000000E+00   0.0000000E+00
