   0.0000000E+00   3.2128035E+05   1.5154734E+05   4.7282769E+05   0.0000000E+00   0.0000000E+00   0.0000000E+00
   1.4492754E-02   3.2885772E+05   1.6973302E+05   4.9859074E+05   0.0000000E+00   0.0000000E+00   0.0000000E+00
   2.8985507E-02   3.6901777E+05   1.7276396E+05   5.4178173E+05   0.0000000E+00   0.0000000E+00   0.0000000E+00
   4.3478261E-02   3.5588366E+05   1.6543918E+05   5.2132284E+05   0.0000000E+00   0.0000000E+00   0.0000000E+00
   5.7971014E-02   3.5784115E+05   1.7768925E+05   5.3553040E+05   0.0000000E+00   0.0000000E+00   0.0000000E+00
   7.2463768E-02   3.5401458E+05   1.7912895E+05   5.3314353E+05   0.0000000E+00   0.0000000E+00   0.0000000E+00
   8.6956522E-02   3.5196869E+05   1.7225881E+05   5.2422750E+05   0.0000000E+00   0.0000000E+00   0.0000000E+00
   1.0144928E-01   3.6338886E+05   1.8434651E+05   5.4773537E+05   0.0000000E+00   0.0000000E+00   0.0000000E+00
   1.1594203E-01   3.6949135E+05   1.8810813E+05   5.5759948E+05   0.0000000E+00   0.0000000E+00   0.0000000E+00
   1.3043478E-01   3.7272226E+05   1.9305447E+05   5.6577672E+05   0.0000000E+00   0.0000000E+00   0.0000000E+00
   1.4492754E-01   3.8788541E+05   1.8359960E+05   5.7148501E+05   0.0000000E+00   0.0000000E+00   0.0000000E+00
   1.5942029E-01   3.8830561E+05   1.9163850E+05   5.7994410E+05   0.0000000E+00   0.0000000E+00   0.0000000E+00
   1.7391304E-01   3.9755918E+05   1.9486462E+05   5.9236065E+05   0.0000000E+00   0.0000000E+00   0.0000000E+00
   1.8840580E-01   3.9973524E+05   1.9876016E+05   5.9849541E+05   0.0000000E+00   0.0000000E+00   0.0000000E+00
   2.0289855E-01   4.1361598E+05   2.0193683E+05   6.1555281E+05   0.0000000E+00   0.0000000E+00   0.0000000E+00
   2.1739130E-01   4.1988715E+05   2.0969100E+05   6.2957815E+05   0.0000000E+00   0.0000000E+00   0.0000000E+00
   2.3188406E-01   4.3153104E+05   2.1235571E+05   6.4383939E+05   0.0000000E+00   0.0000000E+00   0.0000000E+00
   2.4637681E-01   4.3721407E+05   2.1399375E+05   6.5116325E+05   0.0000000E+00   0.0000000E+00   0.0000000E+00
   2.6086957E-01   4.3734036E+05   2.1608124E+05   6.5342160E+05   0.0000000E+00   0.0000000E+00   0.0000000E+00
   2.7536232E-01   4.4036466E+05   2.2086030E+05   6.6114520E+05   0.0000000E+00   0.0000000E+00   0.0000000E+00
   2.8985507E-01   4.5017136E+05   2.2447949E+05   6.7465086E+05   0.0000000E+00   0.0000000E+00   0.0000000E+00
   3.0434783E-01   4.5193581E+05   2.2457872E+05   6.7644236E+05   0.0000000E+00   0.0000000E+00   0.0000000E+00
   3.1884058E-01   4.4224268E+05   2.3021418E+05   6.7238798E+05   0.0000000E+00   0.0000000E+00   0.0000000E+00
   3.3333333E-01   4.5912254E+05   2.2722217E+05   6.8634471E+05   0.0000000E+00   0.0000000E+00   0.0000000E+00
   3.4782609E-01   4.5366327E+05   2.2741572E+05   6.8098427E+05   0.0000000E+00   0.0000000E+00   0.0000000E+00
   3.6231884E-01   4.4506422E+05   2.2892741E+05   6.7393101E+05   0.0000000E+00   0.0000000E+00   0.0000000E+00
   3.7681159E-01   4.4511201E+05   2.2469807E+05   6.6981008E+05   0.0000000E+00   0.0000000E+00   0.0000000E+00
   3.9130435E-01   4.3785955E+05   2.2204491E+05   6.5984833E+05   0.0000000E+00   0.0000000E+00   0.0000000E+00
   4.0579710E-01   4.3383131E+05   2.1278870E+05   6.4662001E+05   0.0000000E+00   0.0000000E+00   0.0000000E+00
   4.2028986E-01   4.2647511E+05   2.1652979E+05   6.4295264E+05   0.0000000E+00   0.0000000E+00   0.0000000E+00
   4.3478261E-01   4.2281707E+05   2.1292401E+05   6.3564005E+05   0.0000000E+00   0.0000000E+00   0.0000000E+00
   4.4927536E-01   4.1003332E+05   2.0451558E+05   6.1452445E+05   1.7840892E-05   0.0000000E+00   1.1904100E-05
   4.6376812E-01   4.0178988E+05   2.0241041E+05   6.0412925E+05   0.0000000E+00   0.0000000E+00   0.0000000E+00
   4.7826087E-01   3.8913223E+05   1.9276362E+05   5.8184993E+05   0.0000000E+00   0.0000000E+00   0.0000000E+00
   4.9275362E-01   3.7826661E+05   1.8747297E+05   5.6567272E+05   0.0000000E+00   0.0000000E+00   0.0000000E+00
   5.0724638E-01   3.6425485E+05   1.8218155E+05   5.4641475E+05   0.0000000E+00   0.0000000E+00   0.0000000E+00
   5.2173913E-01   3.5430504E+05   1.7585806E+05   5.3001576E+05   0.0000000E+00   0.0000000E+00   0.0000000E+00
   5.3623188E-01   3.3465338E+05   1.7128945E+05   5.0592235E+05   0.0000000E+00   0.0000000E+00   0.0000000E+00
   5.5072464E-01   3.2275595E+05   1.6247470E+05   4.8523064E+05   0.0000000E+00   0.0000000E+00   0.0000000E+00
   5.6521739E-01   3.0843769E+05   1.5485029E+05   4.6326855E+05   0.0000000E+00   0.0000000E+00   0.0000000E+00
   5.7971014E-01   2.9468380E+05   1.4953933E+05   4.4418524E+05   0.0000000E+00   0.0000000E+00   0.0000000E+00
   5.9420290E-01   2.8677561E+05   1.4238057E+05   4.2908226E+05   0.0000000E+00   0.0000000E+00   0.0000000E+00
   6.0869565E-01   2.6771559E+05   1.3152144E+05   3.9921898E+05   0.0000000E+00   0.0000000E+00   0.0000000E+00
   6.2318841E-01   2.5530440E+05   1.2567856E+05   3.8094771E+05   0.0000000E+00   0.0000000E+00   0.0000000E+00
   6.3768116E-01   2.3832541E+05   1.2089344E+05   3.5921885E+05   0.0000000E+00   0.0000000E+00   0.0000000E+00
   6.5217391E-01   2.2604127E+05   1.1392992E+05   3.3995435E+05   0.0000000E+00   0.0000000E+00   0.0000000E+00
   6.6666667E-01   2.1824464E+05   1.0639611E+05   3.2464075E+05   0.0000000E+00   0.0000000E+00   0.0000000E+00
   6.8115942E-01   2.0038105E+05   1.0027920E+05   3.0061188E+05   0.0000000E+00   0.0000000E+00   0.0000000E+00
   6.9565217E-01   1.8930788E+05   9.5743187E+04   2.8503528E+05   0.0000000E+00   0.0000000E+00   0.0000000E+00
   7.1014493E-01   1.7874854E+05   8.7789207E+04   2.6653774E+05   0.0000000E+00   0.0000000E+00   0.0000000E+00
   7.2463768E-01   1.6733857E+05   8.3305571E+04   2.5061383E+05   0.0000000E+00   0.0000000E+00   0.0000000E+00
   7.3913043E-01   1.5636119E+05   7.8819473E+04   2.3515095E+05   0.0000000E+00   0.0000000E+00   0.0000000E+00
   7.5362319E-01   1.4692806E+05   7.2771865E+04   2.1968535E+05   0.0000000E+00   0.0000000E+00   0.0000000E+00
   7.6811594E-01   1.3423377E+05   6.8610912E+04   2.0278749E+05   0.0000000E+00   0.0000000E+00   0.0000000E+00
   7.8260870E-01   1.2324447E+05   6.3341174E+04   1.8658564E+05   0.0000000E+00   0.0000000E+00   0.0000000E+00
   7.9710145E-01   1.1677411E+05   5.7615542E+04   1.7436210E+05   0.0000000E+00   0.0000000E+00   0.0000000E+00
   8.1159420E-01   1.0815338E+05   5.4272890E+04   1.6242627E+05   0.0000000E+00   0.0000000E+00   0.0000000E+00
   8.2608696E-01   9.6578193E+04   4.8069752E+04   1.4463465E+05   0.0000000E+00   0.0000000E+00   0.0000000E+00
   8.4057971E-01   9.0249052E+04   4.4366789E+04   1.3461584E+05   0.0000000E+00   0.0000000E+00   0.0000000E+00
   8.5507246E-01   8.0461361E+04   3.9967399E+04   1.2042876E+05   0.0000000E+00   0.0000000E+00   0.0000000E+00
   8.6956522E-01   7.0722091E+04   3.5967235E+04   1.0667670E+05   0.0000000E+00   0.0000000E+00   0.0000000E+00
   8.8405797E-01   6.6010045E+04   3.4359011E+04   1.0036906E+05   0.0000000E+00   0.0000000E+00   0.0000000E+00
   8.9855072E-01   5.7832419E+04   2.9209527E+04   8.7029725E+04   0.0000000E+00   0.0000000E+00   0.0000000E+00
   9.1304348E-01   5.0010621E+04   2.4933145E+04   7.4943766E+04   0.0000000E+00   0.0000000E+00   0.0000000E+00
   9.2753623E-01   4.4126322E+04   2.1169269E+04   6.5295591E+04   0.0000000E+00   0.0000000E+00   0.0000000E+00
   9.4202899E-01   3.5100695E+04   1.8232310E+04   5.3333005E+04   0.0000000E+00   0.0000000E+00   0.0000000E+00
   9.5652174E-01   2.7152231E+04   1.3639260E+04   4.0791491E+04   0.0000000E+00   0.0000000E+00   0.0000000E+00
   9.7101449E-01   1.8954727E+04   9.6583153E+03   2.8613042E+04   0.0000000E+00   0.0000000E+00   0.0000000E+00
   9.8550725E-01   6.3627595E+03   3.3652423E+03   9.7280018E+03   0.0000000E+00   0.0000000E+00   0.0000000E+00
   1.0000000E+00   0.0000000E+00   0.0000000E+00   0.0000000E+00   0.0000000E+00   0.0000000E+00   0.0000000E+00
