   0.0000000E+00   4.0614686E+05   1.3336166E+05   5.3950852E+05   0.0000000E+00   0.0000000E+00   0.0000000E+00
   1.4492754E-02   3.5310529E+05   1.8943417E+05   5.4253947E+05   0.0000000E+00   0.0000000E+00   0.0000000E+00
   2.8985507E-02   3.3795056E+05   1.7541604E+05   5.1336660E+05   0.0000000E+00   0.0000000E+00   0.0000000E+00
   4.3478261E-02   3.5260014E+05   1.7124849E+05   5.2384863E+05   0.0000000E+00   0.0000000E+00   0.0000000E+00
   5.7971014E-02   3.4931661E+05   1.6329226E+05   5.1260887E+05   0.0000000E+00   0.0000000E+00   0.0000000E+00
   7.2463768E-02   3.5992492E+05   1.8064443E+05   5.4056935E+05   0.0000000E+00   0.0000000E+00   0.0000000E+00
   8.6956522E-02   3.5992492E+05   1.7592120E+05   5.3584613E+05   0.0000000E+00   0.0000000E+00   0.0000000E+00
   1.0144928E-01   3.5267230E+05   1.7741863E+05   5.3009093E+05   0.0000000E+00   0.0000000E+00   0.0000000E+00
   1.1594203E-01   3.6058794E+05   1.8753983E+05   5.4812777E+05   0.0000000E+00   0.0000000E+00   0.0000000E+00
   1.3043478E-01   3.6842841E+05   1.8589807E+05   5.5432648E+05   0.0000000E+00   0.0000000E+00   0.0000000E+00
   1.4492754E-01   3.7015437E+05   1.8556971E+05   5.5572408E+05   0.0000000E+00   0.0000000E+00   0.0000000E+00
   1.5942029E-01   3.8741010E+05   1.9859590E+05   5.8600600E+05   0.0000000E+00   0.0000000E+00   0.0000000E+00
   1.7391304E-01   3.9673830E+05   1.9625380E+05   5.9299210E+05   0.0000000E+00   0.0000000E+00   0.0000000E+00
   1.8840580E-01   4.0072613E+05   2.0266542E+05   6.0327498E+05   0.0000000E+00   0.0000000E+00   0.0000000E+00
   2.0289855E-01   4.1215463E+05   2.1189565E+05   6.2399616E+05   0.0000000E+00   0.0000000E+00   0.0000000E+00
   2.1739130E-01   4.2231191E+05   2.0736727E+05   6.2967918E+05   0.0000000E+00   0.0000000E+00   0.0000000E+00
   2.3188406E-01   4.3020500E+05   2.1529194E+05   6.4549694E+05   0.0000000E+00   0.0000000E+00   0.0000000E+00
   2.4637681E-01   4.3667919E+05   2.1613325E+05   6.5281244E+05   0.0000000E+00   0.0000000E+00   0.0000000E+00
   2.6086957E-01   4.4146581E+05   2.1460787E+05   6.5607368E+05   0.0000000E+00   0.0000000E+00   0.0000000E+00
   2.7536232E-01   4.4722417E+05   2.2504780E+05   6.7223208E+05   0.0000000E+00   0.0000000E+00   0.0000000E+00
   2.8985507E-01   4.4225302E+05   2.2455527E+05   6.6677040E+05   0.0000000E+00   0.0000000E+00   0.0000000E+00
   3.0434783E-01   4.5143065E+05   2.2522821E+05   6.7662278E+05   0.0000000E+00   0.0000000E+00   0.0000000E+00
   3.1884058E-01   4.4868344E+05   2.2773432E+05   6.7634888E+05   0.0000000E+00   0.0000000E+00   0.0000000E+00
   3.3333333E-01   4.5052388E+05   2.2669505E+05   6.7712009E+05   0.0000000E+00   0.0000000E+00   0.0000000E+00
   3.4782609E-01   4.4659106E+05   2.2157484E+05   6.6807118E+05   0.0000000E+00   0.0000000E+00   0.0000000E+00
   3.6231884E-01   4.5546037E+05   2.2507810E+05   6.8050816E+05   0.0000000E+00   0.0000000E+00   0.0000000E+00
   3.7681159E-01   4.4892984E+05   2.2233743E+05   6.7123813E+05   0.0000000E+00   0.0000000E+00   0.0000000E+00
   3.9130435E-01   4.4535272E+05   2.1862107E+05   6.6397379E+05   0.0000000E+00   0.0000000E+00   0.0000000E+00
   4.0579710E-01   4.4048857E+05   2.1322169E+05   6.5365614E+05   0.0000000E+00   0.0000000E+00   0.0000000E+00
   4.2028986E-01   4.3441828E+05   2.1488367E+05   6.4917131E+05   0.0000000E+00   0.0000000E+00   0.0000000E+00
   4.3478261E-01   4.2354955E+05   2.0911007E+05   6.3263436E+05   0.0000000E+00   0.0000000E+00   0.0000000E+00
   4.4927536E-01   4.0741790E+05   2.0483334E+05   6.1220235E+05   0.0000000E+00   0.0000000E+00   0.0000000E+00
   4.6376812E-01   4.0411045E+05   2.0035032E+05   6.0431868E+05   0.0000000E+00   0.0000000E+00   0.0000000E+00
   4.7826087E-01   3.9085436E+05   1.9184515E+05   5.8263062E+05   0.0000000E+00   0.0000000E+00   0.0000000E+00
   4.9275362E-01   3.8049525E+05   1.9008048E+05   5.7057572E+05   0.0000000E+00   0.0000000E+00   0.0000000E+00
   5.0724638E-01   3.6791363E+05   1.8027638E+05   5.4812507E+05   0.0000000E+00   0.0000000E+00   0.0000000E+00
   5.2173913E-01   3.4902194E+05   1.7846804E+05   5.2744788E+05   0.0000000E+00   0.0000000E+00   0.0000000E+00
   5.3623188E-01   3.3897453E+05   1.6922103E+05   5.0813412E+05   0.0000000E+00   0.0000000E+00   0.0000000E+00
   5.5072464E-01   3.2419166E+05   1.5916458E+05   4.8331636E+05   0.0000000E+00   0.0000000E+00   0.0000000E+00
   5.6521739E-01   3.1203208E+05   1.5500572E+05   4.6701838E+05   0.0000000E+00   0.0000000E+00   0.0000000E+00
   5.7971014E-01   2.9525210E+05   1.5010764E+05   4.4534079E+05   0.0000000E+00   0.0000000E+00   0.0000000E+00
   5.9420290E-01   2.8093550E+05   1.4099447E+05   4.2191148E+05   0.0000000E+00   0.0000000E+00   0.0000000E+00
   6.0869565E-01   2.6789600E+05   1.3458847E+05   4.0244839E+05   0.0000000E+00   0.0000000E+00   0.0000000E+00
   6.2318841E-01   2.5410612E+05   1.2643630E+05   3.8050717E+05   0.0000000E+00   0.0000000E+00   0.0000000E+00
   6.3768116E-01   2.4009920E+05   1.2065235E+05   3.6073433E+05   0.0000000E+00   0.0000000E+00   0.0000000E+00
   6.5217391E-01   2.2681585E+05   1.1332373E+05   3.4013958E+05   0.0000000E+00   0.0000000E+00   0.0000000E+00
   6.6666667E-01   2.1707509E+05   1.0733505E+05   3.2441014E+05   0.0000000E+00   0.0000000E+00   0.0000000E+00
   6.8115942E-01   2.0268650E+05   1.0152059E+05   3.0420710E+05   0.0000000E+00   0.0000000E+00   0.0000000E+00
   6.9565217E-01   1.9088650E+05   9.5680043E+04   2.8651918E+05   0.0000000E+00   0.0000000E+00   0.0000000E+00
   7.1014493E-01   1.7907328E+05   8.8794368E+04   2.6785219E+05   0.0000000E+00   0.0000000E+00   0.0000000E+00
   7.2463768E-01   1.6753558E+05   8.3320726E+04   2.5082600E+05   0.0000000E+00   0.0000000E+00   0.0000000E+00
   7.3913043E-01   1.5413256E+05   7.5951959E+04   2.3008452E+05   0.0000000E+00   0.0000000E+00   0.0000000E+00
   7.5362319E-01   1.4315395E+05   7.3252737E+04   2.1639211E+05   0.0000000E+00   0.0000000E+00   0.0000000E+00
   7.6811594E-01   1.3576354E+05   6.7109736E+04   2.0287327E+05   0.0000000E+00   0.0000000E+00   0.0000000E+00
   7.8260870E-01   1.2446527E+05   6.3074563E+04   1.8753983E+05   0.0000000E+00   0.0000000E+00   0.0000000E+00
   7.9710145E-01   1.1494177E+05   5.6485826E+04   1.7140004E+05   0.0000000E+00   0.0000000E+00   0.0000000E+00
   8.1159420E-01   1.0624551E+05   5.4029332E+04   1.6027484E+05   0.0000000E+00   0.0000000E+00   0.0000000E+00
   8.2608696E-01   9.5142482E+04   4.8907250E+04   1.4404973E+05   0.0000000E+00   0.0000000E+00   0.0000000E+00
   8.4057971E-01   8.9778733E+04   4.5176784E+04   1.3495552E+05   0.0000000E+00   0.0000000E+00   0.0000000E+00
   8.5507246E-01   8.0782436E+04   4.0082986E+04   1.2086542E+05   0.0000000E+00   0.0000000E+00   0.0000000E+00
   8.6956522E-01   7.2452256E+04   3.6118782E+04   1.0857104E+05   0.0000000E+00   0.0000000E+00   0.0000000E+00
   8.8405797E-01   6.7513096E+04   3.1787675E+04   9.9300771E+04   0.0000000E+00   0.0000000E+00   0.0000000E+00
   8.9855072E-01   5.7954635E+04   2.9026204E+04   8.6980838E+04   0.0000000E+00   0.0000000E+00   0.0000000E+00
   9.1304348E-01   4.9709932E+04   2.4957200E+04   7.4667132E+04   0.0000000E+00   0.0000000E+00   0.0000000E+00
   9.2753623E-01   4.2397735E+04   2.1725731E+04   6.4123467E+04   0.0000000E+00   0.0000000E+00   0.0000000E+00
   9.4202899E-01   3.4366273E+04   1.8617007E+04   5.2983280E+04   0.0000000E+00   0.0000000E+00   0.0000000E+00
   9.5652174E-01   2.6738920E+04   1.4201822E+04   4.0940743E+04   0.0000000E+00   0.0000000E+00   0.0000000E+00
   9.7101449E-01   1.9746392E+04   9.8618864E+03   2.9608278E+04   0.0000000E+00   0.0000000E+00   0.0000000E+00
   9.8550725E-01   6.7973438E+03   3.1089490E+03   9.9062928E+03   0.0000000E+00   0.0000000E+00   0.0000000E+00
   1.0000000E+00   0.0000000E+00   0.0000000E+00   0.0000000E+00   0.0000000E+00   0.0000000E+00   0.0000000E+00
