   0.0000000E+00   4.0008497E+05   2.1822817E+05   6.1831313E+05   0.0000000E+00   0.0000000E+00   0.0000000E+00
   1.4492754E-02   3.5537850E+05   1.8185680E+05   5.3723531E+05   0.0000000E+00   0.0000000E+00   0.0000000E+00
   2.8985507E-02   3.3567735E+05   1.6973302E+05   5.0541037E+05   0.0000000E+00   0.0000000E+00   0.0000000E+00
   4.3478261E-02   3.4931661E+05   1.7175365E+05   5.2107026E+05   0.0000000E+00   0.0000000E+00   0.0000000E+00
   5.7971014E-02   3.3416188E+05   1.6670207E+05   5.0067451E+05   0.0000000E+00   0.0000000E+00   0.0000000E+00
   7.2463768E-02   3.4280008E+05   1.8261454E+05   5.2541462E+05   0.0000000E+00   0.0000000E+00   0.0000000E+00
   8.6956522E-02   3.5790429E+05   1.8046762E+05   5.3837191E+05   0.0000000E+00   0.0000000E+00   0.0000000E+00
   1.0144928E-01   3.5007435E+05   1.8900118E+05   5.3907553E+05   0.0000000E+00   0.0000000E+00   0.0000000E+00
   1.1594203E-01   3.6068266E+05   1.8413001E+05   5.4481268E+05   0.0000000E+00   0.0000000E+00   0.0000000E+00
   1.3043478E-01   3.6295587E+05   1.8505614E+05   5.4801201E+05   0.0000000E+00   0.0000000E+00   0.0000000E+00
   1.4492754E-01   3.7939876E+05   1.9549606E+05   5.7489482E+05   0.0000000E+00   0.0000000E+00   0.0000000E+00
   1.5942029E-01   3.8121044E+05   1.9212069E+05   5.7319336E+05   0.0000000E+00   0.0000000E+00   0.0000000E+00
   1.7391304E-01   3.9825377E+05   2.0136852E+05   5.9955915E+05   0.0000000E+00   0.0000000E+00   0.0000000E+00
   1.8840580E-01   4.0189188E+05   1.9747784E+05   5.9931143E+05   0.0000000E+00   0.0000000E+00   0.0000000E+00
   2.0289855E-01   4.1296649E+05   2.0761985E+05   6.2047810E+05   0.0000000E+00   0.0000000E+00   0.0000000E+00
   2.1739130E-01   4.0943039E+05   2.1211576E+05   6.2149563E+05   0.0000000E+00   0.0000000E+00   0.0000000E+00
   2.3188406E-01   4.1642367E+05   2.1155061E+05   6.2792692E+05   0.0000000E+00   0.0000000E+00   0.0000000E+00
   2.4637681E-01   4.3284594E+05   2.1738128E+05   6.5022722E+05   0.0000000E+00   0.0000000E+00   0.0000000E+00
   2.6086957E-01   4.3704568E+05   2.1612334E+05   6.5316902E+05   0.0000000E+00   0.0000000E+00   0.0000000E+00
   2.7536232E-01   4.4303667E+05   2.2301387E+05   6.6597078E+05   0.0000000E+00   0.0000000E+00   0.0000000E+00
   2.8985507E-01   4.5145952E+05   2.2792719E+05   6.7934882E+05   0.0000000E+00   0.0000000E+00   0.0000000E+00
   3.0434783E-01   4.5146673E+05   2.2984679E+05   6.8116920E+05   0.0000000E+00   0.0000000E+00   0.0000000E+00
   3.1884058E-01   4.5402204E+05   2.2663215E+05   6.8058531E+05   0.0000000E+00   0.0000000E+00   0.0000000E+00
   3.3333333E-01   4.5362071E+05   2.2541019E+05   6.7896501E+05   0.0000000E+00   0.0000000E+00   0.0000000E+00
   3.4782609E-01   4.5315811E+05   2.2716314E+05   6.8025811E+05   0.0000000E+00   0.0000000E+00   0.0000000E+00
   3.6231884E-01   4.5291437E+05   2.2538120E+05   6.7811371E+05   0.0000000E+00   0.0000000E+00   0.0000000E+00
   3.7681159E-01   4.4517030E+05   2.2469807E+05   6.6983923E+05   0.0000000E+00   0.0000000E+00   0.0000000E+00
   3.9130435E-01   4.4156404E+05   2.2636682E+05   6.6784666E+05   0.0000000E+00   0.0000000E+00   0.0000000E+00
   4.0579710E-01   4.3542797E+05   2.1695625E+05   6.5233010E+05   0.0000000E+00   0.0000000E+00   0.0000000E+00
   4.2028986E-01   4.2796445E+05   2.1574592E+05   6.4360586E+05   0.0000000E+00   0.0000000E+00   0.0000000E+00
   4.3478261E-01   4.1251185E+05   2.0936265E+05   6.2179872E+05   0.0000000E+00   0.0000000E+00   0.0000000E+00
   4.4927536E-01   4.1257540E+05   2.0869535E+05   6.2119742E+05   0.0000000E+00   0.0000000E+00   0.0000000E+00
   4.6376812E-01   4.0373158E+05   1.9919003E+05   6.0289793E+05   0.0000000E+00   0.0000000E+00   0.0000000E+00
   4.7826087E-01   3.8511393E+05   1.9473833E+05   5.7982930E+05   0.0000000E+00   0.0000000E+00   0.0000000E+00
   4.9275362E-01   3.8082954E+05   1.9041477E+05   5.7113288E+05   0.0000000E+00   0.0000000E+00   0.0000000E+00
   5.0724638E-01   3.6388681E+05   1.8239804E+05   5.4621990E+05   0.0000000E+00   0.0000000E+00   0.0000000E+00
   5.2173913E-01   3.5613624E+05   1.7423734E+05   5.3031044E+05   0.0000000E+00   0.0000000E+00   0.0000000E+00
   5.3623188E-01   3.3580023E+05   1.6924151E+05   5.0491886E+05   0.0000000E+00   0.0000000E+00   0.0000000E+00
   5.5072464E-01   3.2586666E+05   1.6147768E+05   4.8726457E+05   0.0000000E+00   0.0000000E+00   0.0000000E+00
   5.6521739E-01   3.1376127E+05   1.5574403E+05   4.6948588E+05   0.0000000E+00   0.0000000E+00   0.0000000E+00
   5.7971014E-01   3.0038576E+05   1.4927413E+05   4.4965989E+05   0.0000000E+00   0.0000000E+00   0.0000000E+00
   5.9420290E-01   2.8193349E+05   1.4014432E+05   4.2207781E+05   0.0000000E+00   0.0000000E+00   0.0000000E+00
   6.0869565E-01   2.6822074E+05   1.3390290E+05   4.0206952E+05   0.0000000E+00   0.0000000E+00   0.0000000E+00
   6.2318841E-01   2.5382417E+05   1.2583715E+05   3.7964370E+05   0.0000000E+00   0.0000000E+00   0.0000000E+00
   6.3768116E-01   2.3947923E+05   1.1863745E+05   3.5809947E+05   0.0000000E+00   0.0000000E+00   0.0000000E+00
   6.5217391E-01   2.2560347E+05   1.1212819E+05   3.3768114E+05   0.0000000E+00   0.0000000E+00   0.0000000E+00
   6.6666667E-01   2.1537842E+05   1.0805984E+05   3.2343826E+05   0.0000000E+00   0.0000000E+00   0.0000000E+00
   6.8115942E-01   2.0331526E+05   1.0202038E+05   3.0530340E+05   0.0000000E+00   0.0000000E+00   0.0000000E+00
   6.9565217E-01   1.8973411E+05   9.5332747E+04   2.8505107E+05   0.0000000E+00   0.0000000E+00   0.0000000E+00
   7.1014493E-01   1.7860936E+05   9.0124273E+04   2.6870271E+05   0.0000000E+00   0.0000000E+00   0.0000000E+00
   7.2463768E-01   1.6726280E+05   8.2941857E+04   2.5020465E+05   0.0000000E+00   0.0000000E+00   0.0000000E+00
   7.3913043E-01   1.5601947E+05   7.8730327E+04   2.3473494E+05   0.0000000E+00   0.0000000E+00   0.0000000E+00
   7.5362319E-01   1.4520858E+05   7.1285536E+04   2.1647954E+05   0.0000000E+00   0.0000000E+00   0.0000000E+00
   7.6811594E-01   1.3632112E+05   6.8124817E+04   2.0441734E+05   0.0000000E+00   0.0000000E+00   0.0000000E+00
   7.8260870E-01   1.2571413E+05   6.2583437E+04   1.8828353E+05   0.0000000E+00   0.0000000E+00   0.0000000E+00
   7.9710145E-01   1.1415648E+05   5.9075907E+04   1.7321861E+05   0.0000000E+00   0.0000000E+00   0.0000000E+00
   8.1159420E-01   1.0627257E+05   5.3461029E+04   1.5972007E+05   0.0000000E+00   0.0000000E+00   0.0000000E+00
   8.2608696E-01   9.7163113E+04   4.6780270E+04   1.4394338E+05   0.0000000E+00   0.0000000E+00   0.0000000E+00
   8.4057971E-01   8.8811965E+04   4.5516459E+04   1.3432842E+05   0.0000000E+00   0.0000000E+00   0.0000000E+00
   8.5507246E-01   8.0564105E+04   4.1187484E+04   1.2172590E+05   0.0000000E+00   0.0000000E+00   0.0000000E+00
   8.6956522E-01   7.1164104E+04   3.5803058E+04   1.0696716E+05   0.0000000E+00   0.0000000E+00   0.0000000E+00
   8.8405797E-01   6.2680972E+04   3.2992601E+04   9.5673573E+04   0.0000000E+00   0.0000000E+00   0.0000000E+00
   8.9855072E-01   5.8333503E+04   2.9258413E+04   8.7591916E+04   0.0000000E+00   0.0000000E+00   0.0000000E+00
   9.1304348E-01   5.0227117E+04   2.6087792E+04   7.6314909E+04   0.0000000E+00   0.0000000E+00   0.0000000E+00
   9.2753623E-01   4.3084434E+04   2.1181108E+04   6.4265543E+04   0.0000000E+00   0.0000000E+00   0.0000000E+00
   9.4202899E-01   3.5252242E+04   1.7964188E+04   5.3216430E+04   0.0000000E+00   0.0000000E+00   0.0000000E+00
   9.5652174E-01   2.7496657E+04   1.4511806E+04   4.2008463E+04   0.0000000E+00   0.0000000E+00   0.0000000E+00
   9.7101449E-01   1.9158298E+04   9.7714104E+03   2.8929708E+04   0.0000000E+00   0.0000000E+00   0.0000000E+00
   9.8550725E-01   6.2290413E+03   3.1200922E+03   9.3491335E+03   0.0000000E+00   0.0000000E+00   0.0000000E+00
   1.0000000E+00   0.0000000E+00   0.0000000E+00   0.0000000E+00   0.0000000E+00   0.0000000E+00   0.0000000E+00
