   0.0000000E+00   3.3340414E+05   1.4548544E+05   4.7888958E+05   0.0000000E+00   0.0000000E+00   0.0000000E+00
   1.4492754E-02   3.5234756E+05   1.7200623E+05   5.2435379E+05   0.0000000E+00   0.0000000E+00   0.0000000E+00
   2.8985507E-02   3.4287585E+05   1.7465831E+05   5.1753416E+05   0.0000000E+00   0.0000000E+00   0.0000000E+00
   4.3478261E-02   3.4552793E+05   1.8387744E+05   5.2940536E+05   0.0000000E+00   0.0000000E+00   0.0000000E+00
   5.7971014E-02   3.5916719E+05   1.8545605E+05   5.4462324E+05   0.0000000E+00   0.0000000E+00   0.0000000E+00
   7.2463768E-02   3.6068266E+05   1.7640110E+05   5.3708376E+05   0.0000000E+00   0.0000000E+00   0.0000000E+00
   8.6956522E-02   3.5727285E+05   1.8337228E+05   5.4064512E+05   0.0000000E+00   0.0000000E+00   0.0000000E+00
   1.0144928E-01   3.5505376E+05   1.7969184E+05   5.3474560E+05   0.0000000E+00   0.0000000E+00   0.0000000E+00
   1.1594203E-01   3.6219813E+05   1.8242511E+05   5.4462324E+05   0.0000000E+00   0.0000000E+00   0.0000000E+00
   1.3043478E-01   3.7011227E+05   1.8396163E+05   5.5398971E+05   0.0000000E+00   0.0000000E+00   0.0000000E+00
   1.4492754E-01   3.7060901E+05   1.9329863E+05   5.6390764E+05   0.0000000E+00   0.0000000E+00   0.0000000E+00
   1.5942029E-01   3.8176152E+05   1.9019191E+05   5.7195343E+05   0.0000000E+00   0.0000000E+00   0.0000000E+00
   1.7391304E-01   3.8669829E+05   1.9328600E+05   5.7998429E+05   0.0000000E+00   0.0000000E+00   0.0000000E+00
   1.8840580E-01   3.9926895E+05   1.9969276E+05   5.9896171E+05   0.0000000E+00   0.0000000E+00   0.0000000E+00
   2.0289855E-01   4.0744584E+05   2.1286988E+05   6.2020748E+05   0.0000000E+00   0.0000000E+00   0.0000000E+00
   2.1739130E-01   4.1594692E+05   2.0928687E+05   6.2518328E+05   0.0000000E+00   0.0000000E+00   0.0000000E+00
   2.3188406E-01   4.2916311E+05   2.2045402E+05   6.4961713E+05   0.0000000E+00   0.0000000E+00   0.0000000E+00
   2.4637681E-01   4.3360367E+05   2.1279029E+05   6.4639396E+05   0.0000000E+00   0.0000000E+00   0.0000000E+00
   2.6086957E-01   4.3519344E+05   2.1578657E+05   6.5098000E+05   0.0000000E+00   0.0000000E+00   0.0000000E+00
   2.7536232E-01   4.4152120E+05   2.1954423E+05   6.6106544E+05   0.0000000E+00   0.0000000E+00   0.0000000E+00
   2.8985507E-01   4.4407158E+05   2.2679059E+05   6.7086217E+05   0.0000000E+00   0.0000000E+00   0.0000000E+00
   3.0434783E-01   4.4681206E+05   2.2241376E+05   6.6911757E+05   0.0000000E+00   0.0000000E+00   0.0000000E+00
   3.1884058E-01   4.5233436E+05   2.2666660E+05   6.7889763E+05   0.0000000E+00   0.0000000E+00   0.0000000E+00
   3.3333333E-01   4.5131456E+05   2.2547608E+05   6.7675769E+05   0.0000000E+00   0.0000000E+00   0.0000000E+00
   3.4782609E-01   4.5666264E+05   2.2912063E+05   6.8565698E+05   0.0000000E+00   0.0000000E+00   0.0000000E+00
   3.6231884E-01   4.5446015E+05   2.2522965E+05   6.7965950E+05   0.0000000E+00   0.0000000E+00   0.0000000E+00
   3.7681159E-01   4.4986244E+05   2.2455235E+05   6.7426907E+05   0.0000000E+00   0.0000000E+00   0.0000000E+00
   3.9130435E-01   4.4234984E+05   2.2285878E+05   6.6515249E+05   0.0000000E+00   0.0000000E+00   0.0000000E+00
   4.0579710E-01   4.3323595E+05   2.1701037E+05   6.5021926E+05   0.0000000E+00   0.0000000E+00   0.0000000E+00
   4.2028986E-01   4.2921864E+05   2.1161757E+05   6.4073169E+05   0.0000000E+00   0.0000000E+00   0.0000000E+00
   4.3478261E-01   4.2375161E+05   2.0905955E+05   6.3268487E+05   0.0000000E+00   0.0000000E+00   0.0000000E+00
   4.4927536E-01   4.1548413E+05   2.0737542E+05   6.2276178E+05   0.0000000E+00   0.0000000E+00   0.0000000E+00
   4.6376812E-01   4.0510497E+05   1.9959258E+05   6.0469755E+05   0.0000000E+00   0.0000000E+00   0.0000000E+00
   4.7826087E-01   3.9248464E+05   1.9627676E+05   5.8864659E+05   0.0000000E+00   0.0000000E+00   0.0000000E+00
   4.9275362E-01   3.7944779E+05   1.8952332E+05   5.6890425E+05   0.0000000E+00   0.0000000E+00   0.0000000E+00
   5.0724638E-01   3.6784869E+05   1.8384857E+05   5.5167561E+05   0.0000000E+00   0.0000000E+00   0.0000000E+00
   5.2173913E-01   3.5030588E+05   1.7733143E+05   5.2761626E+05   0.0000000E+00   0.0000000E+00   0.0000000E+00
   5.3623188E-01   3.3477626E+05   1.6655871E+05   5.0127354E+05   0.0000000E+00   0.0000000E+00   0.0000000E+00
   5.5072464E-01   3.2961546E+05   1.6321249E+05   4.9276813E+05   0.0000000E+00   0.0000000E+00   0.0000000E+00
   5.6521739E-01   3.0665021E+05   1.5533602E+05   4.6194737E+05   0.0000000E+00   0.0000000E+00   0.0000000E+00
   5.7971014E-01   2.9534682E+05   1.4734190E+05   4.4268871E+05   0.0000000E+00   0.0000000E+00   0.0000000E+00
   5.9420290E-01   2.8411429E+05   1.4066180E+05   4.2477610E+05   0.0000000E+00   0.0000000E+00   0.0000000E+00
   6.0869565E-01   2.7022333E+05   1.3271217E+05   4.0289942E+05   0.0000000E+00   0.0000000E+00   0.0000000E+00
   6.2318841E-01   2.5400039E+05   1.2645392E+05   3.8041906E+05   0.0000000E+00   0.0000000E+00   0.0000000E+00
   6.3768116E-01   2.3904870E+05   1.2097955E+05   3.5997659E+05   0.0000000E+00   0.0000000E+00   0.0000000E+00
   6.5217391E-01   2.2780932E+05   1.1143781E+05   3.3924713E+05   0.0000000E+00   0.0000000E+00   0.0000000E+00
   6.6666667E-01   2.1387942E+05   1.0893288E+05   3.2277935E+05   0.0000000E+00   0.0000000E+00   0.0000000E+00
   6.8115942E-01   2.0147735E+05   9.9505336E+04   3.0091820E+05   0.0000000E+00   0.0000000E+00   0.0000000E+00
   6.9565217E-01   1.8850279E+05   9.5222243E+04   2.8370924E+05   0.0000000E+00   0.0000000E+00   0.0000000E+00
   7.1014493E-01   1.7806812E+05   9.0603658E+04   2.6865631E+05   0.0000000E+00   0.0000000E+00   0.0000000E+00
   7.2463768E-01   1.6526237E+05   8.2532680E+04   2.4777990E+05   0.0000000E+00   0.0000000E+00   0.0000000E+00
   7.3913043E-01   1.5462286E+05   7.7244569E+04   2.3185257E+05   0.0000000E+00   0.0000000E+00   0.0000000E+00
   7.5362319E-01   1.4531058E+05   7.5059647E+04   2.2037023E+05   0.0000000E+00   0.0000000E+00   0.0000000E+00
   7.6811594E-01   1.3506299E+05   6.7724503E+04   2.0275890E+05   0.0000000E+00   0.0000000E+00   0.0000000E+00
   7.8260870E-01   1.2452140E+05   6.2920209E+04   1.8744160E+05   0.0000000E+00   0.0000000E+00   0.0000000E+00
   7.9710145E-01   1.1483155E+05   5.8276840E+04   1.7310839E+05   0.0000000E+00   0.0000000E+00   0.0000000E+00
   8.1159420E-01   1.0781511E+05   5.2676231E+04   1.6049134E+05   0.0000000E+00   0.0000000E+00   0.0000000E+00
   8.2608696E-01   9.7442279E+04   4.8933837E+04   1.4637612E+05   0.0000000E+00   0.0000000E+00   0.0000000E+00
   8.4057971E-01   8.9465186E+04   4.4654207E+04   1.3410633E+05   0.0000000E+00   0.0000000E+00   0.0000000E+00
   8.5507246E-01   8.1321842E+04   4.1226013E+04   1.2254785E+05   0.0000000E+00   0.0000000E+00   0.0000000E+00
   8.6956522E-01   7.3828811E+04   3.6497650E+04   1.1032646E+05   0.0000000E+00   0.0000000E+00   0.0000000E+00
   8.8405797E-01   6.4047383E+04   3.2669631E+04   9.6717013E+04   0.0000000E+00   0.0000000E+00   0.0000000E+00
   8.9855072E-01   5.8162401E+04   2.7840712E+04   8.6003114E+04   0.0000000E+00   0.0000000E+00   0.0000000E+00
   9.1304348E-01   4.9132609E+04   2.5438303E+04   7.4570912E+04   0.0000000E+00   0.0000000E+00   0.0000000E+00
   9.2753623E-01   4.3925048E+04   2.1287665E+04   6.5212713E+04   0.0000000E+00   0.0000000E+00   0.0000000E+00
   9.4202899E-01   3.5275557E+04   1.7614464E+04   5.2890021E+04   0.0000000E+00   0.0000000E+00   0.0000000E+00
   9.5652174E-01   2.7037423E+04   1.4121456E+04   4.1158879E+04   0.0000000E+00   0.0000000E+00   0.0000000E+00
   9.7101449E-01   1.9486273E+04   9.7487914E+03   2.9235065E+04   0.0000000E+00   0.0000000E+00   0.0000000E+00
   9.8550725E-01   6.2736140E+03   2.9418012E+03   9.2154153E+03   0.0000000E+00   0.0000000E+00   0.0000000E+00
   1.0000000E+00   0.0000000E+00   0.0000000E+00   0.0000000E+00   0.0000000E+00   0.0000000E+00   0.0000000E+00
