   0.0000000E+00   3.5158982E+05   1.6367112E+05   5.1526095E+05   0.0000000E+00   0.0000000E+00   0.0000000E+00
   1.4492754E-02   3.4325472E+05   1.9701154E+05   5.4026626E+05   0.0000000E+00   0.0000000E+00   0.0000000E+00
   2.8985507E-02   3.3037319E+05   1.7541604E+05   5.0578924E+05   0.0000000E+00   0.0000000E+00   0.0000000E+00
   4.3478261E-02   3.5133724E+05   1.7150107E+05   5.2283831E+05   0.0000000E+00   0.0000000E+00   0.0000000E+00
   5.7971014E-02   3.5765171E+05   1.7068019E+05   5.2833190E+05   0.0000000E+00   0.0000000E+00   0.0000000E+00
   7.2463768E-02   3.5492386E+05   1.8155371E+05   5.3647757E+05   0.0000000E+00   0.0000000E+00   0.0000000E+00
   8.6956522E-02   3.6775487E+05   1.7996246E+05   5.4771733E+05   0.0000000E+00   0.0000000E+00   0.0000000E+00
   1.0144928E-01   3.5927544E+05   1.7298046E+05   5.3225590E+05   0.0000000E+00   0.0000000E+00   0.0000000E+00
   1.1594203E-01   3.6721814E+05   1.8498247E+05   5.5220061E+05   0.0000000E+00   0.0000000E+00   0.0000000E+00
   1.3043478E-01   3.7297483E+05   1.8354066E+05   5.5651550E+05   0.0000000E+00   0.0000000E+00   0.0000000E+00
   1.4492754E-01   3.8045959E+05   1.8723673E+05   5.6769632E+05   0.0000000E+00   0.0000000E+00   0.0000000E+00
   1.5942029E-01   3.9071659E+05   1.9294731E+05   5.8359502E+05   0.0000000E+00   0.0000000E+00   0.0000000E+00
   1.7391304E-01   4.0040069E+05   1.9846387E+05   5.9886456E+05   0.0000000E+00   0.0000000E+00   0.0000000E+00
   1.8840580E-01   4.0830350E+05   2.0476377E+05   6.1306726E+05   0.0000000E+00   0.0000000E+00   0.0000000E+00
   2.0289855E-01   4.0842007E+05   2.0902708E+05   6.1744715E+05   0.0000000E+00   0.0000000E+00   0.0000000E+00
   2.1739130E-01   4.2099850E+05   2.1161060E+05   6.3255858E+05   0.0000000E+00   0.0000000E+00   0.0000000E+00
   2.3188406E-01   4.1912310E+05   2.0970363E+05   6.2882673E+05   0.0000000E+00   0.0000000E+00   0.0000000E+00
   2.4637681E-01   4.3012700E+05   2.1747043E+05   6.4759743E+05   0.0000000E+00   0.0000000E+00   0.0000000E+00
   2.6086957E-01   4.3797180E+05   2.1885961E+05   6.5678932E+05   0.0000000E+00   0.0000000E+00   0.0000000E+00
   2.7536232E-01   4.4100275E+05   2.2177756E+05   6.6278031E+05   0.0000000E+00   0.0000000E+00   0.0000000E+00
   2.8985507E-01   4.4482932E+05   2.2038771E+05   6.6514126E+05   0.0000000E+00   0.0000000E+00   0.0000000E+00
   3.0434783E-01   4.5222447E+05   2.2447047E+05   6.7665886E+05   0.0000000E+00   0.0000000E+00   0.0000000E+00
   3.1884058E-01   4.5419426E+05   2.2673548E+05   6.8082641E+05   0.0000000E+00   0.0000000E+00   0.0000000E+00
   3.3333333E-01   4.4940374E+05   2.2672799E+05   6.7606585E+05   0.0000000E+00   0.0000000E+00   0.0000000E+00
   3.4782609E-01   4.4772766E+05   2.3265673E+05   6.8035283E+05   0.0000000E+00   0.0000000E+00   0.0000000E+00
   3.6231884E-01   4.4497329E+05   2.2571460E+05   6.7068789E+05   0.0000000E+00   0.0000000E+00   0.0000000E+00
   3.7681159E-01   4.5201908E+05   2.2122997E+05   6.7316161E+05   0.0000000E+00   0.0000000E+00   0.0000000E+00
   3.9130435E-01   4.4263048E+05   2.2445844E+05   6.6703280E+05   0.0000000E+00   0.0000000E+00   0.0000000E+00
   4.0579710E-01   4.3721407E+05   2.1779517E+05   6.5495512E+05   0.0000000E+00   0.0000000E+00   0.0000000E+00
   4.2028986E-01   4.3326861E+05   2.1697398E+05   6.5013807E+05   0.0000000E+00   0.0000000E+00   0.0000000E+00
   4.3478261E-01   4.2064489E+05   2.0835233E+05   6.2892145E+05   0.0000000E+00   0.0000000E+00   0.0000000E+00
   4.4927536E-01   4.1022886E+05   2.0735098E+05   6.1755540E+05   0.0000000E+00   0.0000000E+00   0.0000000E+00
   4.6376812E-01   4.0247658E+05   2.0302607E+05   6.0536057E+05   0.0000000E+00   0.0000000E+00   0.0000000E+00
   4.7826087E-01   3.9177283E+05   1.9315397E+05   5.8485791E+05   0.0000000E+00   0.0000000E+00   0.0000000E+00
   4.9275362E-01   3.7432192E+05   1.8923359E+05   5.6353323E+05   0.0000000E+00   0.0000000E+00   0.0000000E+00
   5.0724638E-01   3.6709095E+05   1.8252794E+05   5.4953229E+05   0.0000000E+00   0.0000000E+00   0.0000000E+00
   5.2173913E-01   3.5062160E+05   1.7688942E+05   5.2736368E+05   0.0000000E+00   0.0000000E+00   0.0000000E+00
   5.3623188E-01   3.3432571E+05   1.6985589E+05   5.0412017E+05   0.0000000E+00   0.0000000E+00   0.0000000E+00
   5.5072464E-01   3.2413184E+05   1.6371100E+05   4.8784284E+05   0.0000000E+00   0.0000000E+00   0.0000000E+00
   5.6521739E-01   3.1267324E+05   1.5809496E+05   4.7067106E+05   0.0000000E+00   0.0000000E+00   0.0000000E+00
   5.7971014E-01   2.9316832E+05   1.4969088E+05   4.4282132E+05   0.0000000E+00   0.0000000E+00   0.0000000E+00
   5.9420290E-01   2.8023320E+05   1.3903544E+05   4.1919472E+05   0.0000000E+00   0.0000000E+00   0.0000000E+00
   6.0869565E-01   2.6369237E+05   1.3516579E+05   3.9880403E+05   0.0000000E+00   0.0000000E+00   0.0000000E+00
   6.2318841E-01   2.5444093E+05   1.2689446E+05   3.8131777E+05   0.0000000E+00   0.0000000E+00   0.0000000E+00
   6.3768116E-01   2.4438730E+05   1.2506100E+05   3.6941385E+05   0.0000000E+00   0.0000000E+00   0.0000000E+00
   6.5217391E-01   2.2725365E+05   1.1310483E+05   3.4029113E+05   0.0000000E+00   0.0000000E+00   0.0000000E+00
   6.6666667E-01   2.1460421E+05   1.0713738E+05   3.2174159E+05   0.0000000E+00   0.0000000E+00   0.0000000E+00
   6.8115942E-01   2.0358934E+05   1.0119815E+05   3.0473912E+05   0.0000000E+00   0.0000000E+00   0.0000000E+00
   6.9565217E-01   1.8929210E+05   9.4527651E+04   2.8380396E+05   0.0000000E+00   0.0000000E+00   0.0000000E+00
   7.1014493E-01   1.7655265E+05   8.8670656E+04   2.6520784E+05   0.0000000E+00   0.0000000E+00   0.0000000E+00
   7.2463768E-01   1.6650506E+05   8.1411229E+04   2.4791629E+05   0.0000000E+00   0.0000000E+00   0.0000000E+00
   7.3913043E-01   1.5352340E+05   7.6828557E+04   2.3035195E+05   0.0000000E+00   0.0000000E+00   0.0000000E+00
   7.5362319E-01   1.4389711E+05   7.1999557E+04   2.1589667E+05   0.0000000E+00   0.0000000E+00   0.0000000E+00
   7.6811594E-01   1.3564916E+05   6.7753097E+04   2.0337367E+05   0.0000000E+00   0.0000000E+00   0.0000000E+00
   7.8260870E-01   1.2461962E+05   6.2429083E+04   1.8704870E+05   0.0000000E+00   0.0000000E+00   0.0000000E+00
   7.9710145E-01   1.1667767E+05   5.8235508E+04   1.7491318E+05   0.0000000E+00   0.0000000E+00   0.0000000E+00
   8.1159420E-01   1.0578545E+05   5.3826367E+04   1.5961182E+05   0.0000000E+00   0.0000000E+00   0.0000000E+00
   8.2608696E-01   9.6910534E+04   4.6687215E+04   1.4358445E+05   0.0000000E+00   0.0000000E+00   0.0000000E+00
   8.4057971E-01   9.0575663E+04   4.4928560E+04   1.3550422E+05   0.0000000E+00   0.0000000E+00   0.0000000E+00
   8.5507246E-01   8.0820965E+04   3.9941713E+04   1.2076268E+05   0.0000000E+00   0.0000000E+00   0.0000000E+00
   8.6956522E-01   7.4245566E+04   3.6459763E+04   1.1070533E+05   0.0000000E+00   0.0000000E+00   0.0000000E+00
   8.8405797E-01   6.6817469E+04   3.3514321E+04   1.0033179E+05   0.0000000E+00   0.0000000E+00   0.0000000E+00
   8.9855072E-01   5.7282449E+04   2.7694054E+04   8.4976503E+04   0.0000000E+00   0.0000000E+00   0.0000000E+00
   9.1304348E-01   5.0034676E+04   2.4391905E+04   7.4426581E+04   0.0000000E+00   0.0000000E+00   0.0000000E+00
   9.2753623E-01   4.1545282E+04   2.1642854E+04   6.3188136E+04   0.0000000E+00   0.0000000E+00   0.0000000E+00
   9.4202899E-01   3.4902517E+04   1.7218109E+04   5.2120626E+04   0.0000000E+00   0.0000000E+00   0.0000000E+00
   9.5652174E-01   2.8105142E+04   1.4293669E+04   4.2398812E+04   0.0000000E+00   0.0000000E+00   0.0000000E+00
   9.7101449E-01   1.9045203E+04   9.6583153E+03   2.8703518E+04   0.0000000E+00   0.0000000E+00   0.0000000E+00
   9.8550725E-01   6.8307733E+03   3.2649537E+03   1.0095727E+04   0.0000000E+00   0.0000000E+00   0.0000000E+00
   1.0000000E+00   0.0000000E+00   0.0000000E+00   0.0000000E+00   0.0000000E+00   0.0000000E+00   0.0000000E+00
