   0.0000000E+00   3.0309467E+05   2.1216627E+05   5.1526095E+05   0.0000000E+00   0.0000000E+00   0.0000000E+00
   1.4492754E-02   3.5765171E+05   1.7124849E+05   5.2890021E+05   0.0000000E+00   0.0000000E+00   0.0000000E+00
   2.8985507E-02   3.5158982E+05   1.8185680E+05   5.3344663E+05   0.0000000E+00   0.0000000E+00   0.0000000E+00
   4.3478261E-02   3.5108466E+05   1.6973302E+05   5.2081768E+05   0.0000000E+00   0.0000000E+00   0.0000000E+00
   5.7971014E-02   3.5840945E+05   1.7257453E+05   5.3098398E+05   0.0000000E+00   0.0000000E+00   0.0000000E+00
   7.2463768E-02   3.4507329E+05   1.6988456E+05   5.1495785E+05   0.0000000E+00   0.0000000E+00   0.0000000E+00
   8.6956522E-02   3.5954606E+05   1.8147794E+05   5.4102399E+05   0.0000000E+00   0.0000000E+00   0.0000000E+00
   1.0144928E-01   3.5862595E+05   1.7882586E+05   5.3745181E+05   0.0000000E+00   0.0000000E+00   0.0000000E+00
   1.1594203E-01   3.7185928E+05   1.7892057E+05   5.5077985E+05   0.0000000E+00   0.0000000E+00   0.0000000E+00
   1.3043478E-01   3.7945769E+05   1.8522452E+05   5.6468222E+05   0.0000000E+00   0.0000000E+00   0.0000000E+00
   1.4492754E-01   3.8061114E+05   1.8617590E+05   5.6678704E+05   0.0000000E+00   0.0000000E+00   0.0000000E+00
   1.5942029E-01   3.8279480E+05   1.9184515E+05   5.7463995E+05   0.0000000E+00   0.0000000E+00   0.0000000E+00
   1.7391304E-01   4.0172673E+05   1.9341229E+05   5.9513902E+05   0.0000000E+00   0.0000000E+00   0.0000000E+00
   1.8840580E-01   4.0981897E+05   2.0109166E+05   6.1091063E+05   0.0000000E+00   0.0000000E+00   0.0000000E+00
   2.0289855E-01   4.0365716E+05   2.0989306E+05   6.1349609E+05   0.0000000E+00   0.0000000E+00   0.0000000E+00
   2.1739130E-01   4.1907890E+05   2.0994358E+05   6.2902248E+05   0.0000000E+00   0.0000000E+00   0.0000000E+00
   2.3188406E-01   4.2755292E+05   2.0842495E+05   6.3597787E+05   0.0000000E+00   0.0000000E+00   0.0000000E+00
   2.4637681E-01   4.2763093E+05   2.1711385E+05   6.4474477E+05   0.0000000E+00   0.0000000E+00   0.0000000E+00
   2.6086957E-01   4.3649843E+05   2.1949106E+05   6.5598949E+05   0.0000000E+00   0.0000000E+00   0.0000000E+00
   2.7536232E-01   4.4435274E+05   2.2237578E+05   6.6672852E+05   0.0000000E+00   0.0000000E+00   0.0000000E+00
   2.8985507E-01   4.4448834E+05   2.2391119E+05   6.6836164E+05   0.0000000E+00   0.0000000E+00   0.0000000E+00
   3.0434783E-01   4.4912136E+05   2.3006329E+05   6.7918465E+05   0.0000000E+00   0.0000000E+00   0.0000000E+00
   3.1884058E-01   4.5546863E+05   2.2570220E+05   6.8113639E+05   0.0000000E+00   0.0000000E+00   0.0000000E+00
   3.3333333E-01   4.5497146E+05   2.3114263E+05   6.8604820E+05   0.0000000E+00   0.0000000E+00   0.0000000E+00
   3.4782609E-01   4.5694679E+05   2.2931006E+05   6.8625686E+05   0.0000000E+00   0.0000000E+00   0.0000000E+00
   3.6231884E-01   4.4803455E+05   2.2456284E+05   6.7256708E+05   0.0000000E+00   0.0000000E+00   0.0000000E+00
   3.7681159E-01   4.4234336E+05   2.1988936E+05   6.6214529E+05   0.0000000E+00   0.0000000E+00   0.0000000E+00
   3.9130435E-01   4.3892599E+05   2.2294297E+05   6.6175670E+05   0.0000000E+00   0.0000000E+00   0.0000000E+00
   4.0579710E-01   4.3829655E+05   2.2074493E+05   6.5904148E+05   0.0000000E+00   0.0000000E+00   0.0000000E+00
   4.2028986E-01   4.3162249E+05   2.1705237E+05   6.4862260E+05   0.0000000E+00   0.0000000E+00   0.0000000E+00
   4.3478261E-01   4.2003870E+05   2.1267143E+05   6.3263436E+05   0.0000000E+00   0.0000000E+00   0.0000000E+00
   4.4927536E-01   4.1069328E+05   2.0632437E+05   6.1687099E+05   0.0000000E+00   0.0000000E+00   0.0000000E+00
   4.6376812E-01   4.0209771E+05   2.0548872E+05   6.0756274E+05   0.0000000E+00   0.0000000E+00   0.0000000E+00
   4.7826087E-01   3.9266833E+05   1.9453167E+05   5.8717704E+05   0.0000000E+00   0.0000000E+00   0.0000000E+00
   4.9275362E-01   3.7786546E+05   1.8852043E+05   5.6631903E+05   0.0000000E+00   0.0000000E+00   0.0000000E+00
   5.0724638E-01   3.6436310E+05   1.8075267E+05   5.4511577E+05   0.0000000E+00   0.0000000E+00   0.0000000E+00
   5.2173913E-01   3.5346311E+05   1.7499508E+05   5.2843714E+05   0.0000000E+00   0.0000000E+00   0.0000000E+00
   5.3623188E-01   3.3358846E+05   1.6985589E+05   5.0338291E+05   0.0000000E+00   0.0000000E+00   0.0000000E+00
   5.5072464E-01   3.2429136E+05   1.6089940E+05   4.8519076E+05   0.0000000E+00   0.0000000E+00   0.0000000E+00
   5.6521739E-01   3.1123549E+05   1.5762866E+05   4.6886415E+05   0.0000000E+00   0.0000000E+00   0.0000000E+00
   5.7971014E-01   2.9515738E+05   1.4665994E+05   4.4181732E+05   0.0000000E+00   0.0000000E+00   0.0000000E+00
   5.9420290E-01   2.8361530E+05   1.3929418E+05   4.2285403E+05   0.0000000E+00   0.0000000E+00   0.0000000E+00
   6.0869565E-01   2.6933931E+05   1.3217093E+05   4.0149219E+05   0.0000000E+00   0.0000000E+00   0.0000000E+00
   6.2318841E-01   2.5720755E+05   1.2620721E+05   3.8339714E+05   0.0000000E+00   0.0000000E+00   0.0000000E+00
   6.3768116E-01   2.3965145E+05   1.2177173E+05   3.6138873E+05   0.0000000E+00   0.0000000E+00   0.0000000E+00
   6.5217391E-01   2.2814610E+05   1.1312167E+05   3.4126776E+05   0.0000000E+00   0.0000000E+00   0.0000000E+00
   6.6666667E-01   2.1350055E+05   1.0667615E+05   3.2014375E+05   0.0000000E+00   0.0000000E+00   0.0000000E+00
   6.8115942E-01   2.0229957E+05   1.0213323E+05   3.0443280E+05   0.0000000E+00   0.0000000E+00   0.0000000E+00
   6.9565217E-01   1.8787134E+05   9.7842749E+04   2.8569830E+05   0.0000000E+00   0.0000000E+00   0.0000000E+00
   7.1014493E-01   1.7938256E+05   8.9691281E+04   2.6905838E+05   0.0000000E+00   0.0000000E+00   0.0000000E+00
   7.2463768E-01   1.6198895E+05   8.1971954E+04   2.4396090E+05   0.0000000E+00   0.0000000E+00   0.0000000E+00
   7.3913043E-01   1.5601947E+05   7.8195454E+04   2.3421492E+05   0.0000000E+00   0.0000000E+00   0.0000000E+00
   7.5362319E-01   1.4439255E+05   7.2043272E+04   2.1643583E+05   0.0000000E+00   0.0000000E+00   0.0000000E+00
   7.6811594E-01   1.3717893E+05   6.5794419E+04   2.0297335E+05   0.0000000E+00   0.0000000E+00   0.0000000E+00
   7.8260870E-01   1.2649993E+05   6.2765855E+04   1.8926579E+05   0.0000000E+00   0.0000000E+00   0.0000000E+00
   7.9710145E-01   1.1507954E+05   5.7436441E+04   1.7251598E+05   0.0000000E+00   0.0000000E+00   0.0000000E+00
   8.1159420E-01   1.0592076E+05   5.4096987E+04   1.6001775E+05   0.0000000E+00   0.0000000E+00   0.0000000E+00
   8.2608696E-01   9.5488116E+04   4.7032849E+04   1.4250767E+05   0.0000000E+00   0.0000000E+00   0.0000000E+00
   8.4057971E-01   8.9804861E+04   4.4654207E+04   1.3444600E+05   0.0000000E+00   0.0000000E+00   0.0000000E+00
   8.5507246E-01   8.0923709E+04   4.0416904E+04   1.2134061E+05   0.0000000E+00   0.0000000E+00   0.0000000E+00
   8.6956522E-01   7.2919527E+04   3.5222127E+04   1.0814165E+05   0.0000000E+00   0.0000000E+00   0.0000000E+00
   8.8405797E-01   6.6134264E+04   3.2259708E+04   9.8393972E+04   0.0000000E+00   0.0000000E+00   0.0000000E+00
   8.9855072E-01   5.7245784E+04   2.8329575E+04   8.5575359E+04   0.0000000E+00   0.0000000E+00   0.0000000E+00
   9.1304348E-01   5.0912689E+04   2.5642772E+04   7.6555460E+04   0.0000000E+00   0.0000000E+00   0.0000000E+00
   9.2753623E-01   4.1391366E+04   2.1879647E+04   6.3271013E+04   0.0000000E+00   0.0000000E+00   0.0000000E+00
   9.4202899E-01   3.5636939E+04   1.7835956E+04   5.3472895E+04   0.0000000E+00   0.0000000E+00   0.0000000E+00
   9.5652174E-01   2.7393329E+04   1.3754069E+04   4.1147398E+04   0.0000000E+00   0.0000000E+00   0.0000000E+00
   9.7101449E-01   1.9180917E+04   9.5565298E+03   2.8737446E+04   0.0000000E+00   0.0000000E+00   0.0000000E+00
   9.8550725E-01   6.0618935E+03   3.4432446E+03   9.5051381E+03   0.0000000E+00   0.0000000E+00   0.0000000E+00
   1.0000000E+00   0.0000000E+00   0.0000000E+00   0.0000000E+00   0.0000000E+00   0.0000000E+00   0.0000000E+00
