   0.0000000E+00   2.8490899E+05   2.0004248E+05   4.8495148E+05   0.0000000E+00   0.0000000E+00   0.0000000E+00
   1.4492754E-02   3.2809998E+05   1.9019191E+05   5.1829189E+05   0.0000000E+00   0.0000000E+00   0.0000000E+00
   2.8985507E-02   3.3075206E+05   1.8450888E+05   5.1526095E+05   0.0000000E+00   0.0000000E+00   0.0000000E+00
   4.3478261E-02   3.5487335E+05   1.8286712E+05   5.3774047E+05   0.0000000E+00   0.0000000E+00   0.0000000E+00
   5.7971014E-02   3.3529848E+05   1.8791870E+05   5.2321718E+05   0.0000000E+00   0.0000000E+00   0.0000000E+00
   7.2463768E-02   3.4734650E+05   1.7518872E+05   5.2253522E+05   0.0000000E+00   0.0000000E+00   0.0000000E+00
   8.6956522E-02   3.6775487E+05   1.8337228E+05   5.5112715E+05   0.0000000E+00   0.0000000E+00   0.0000000E+00
   1.0144928E-01   3.6089916E+05   1.7969184E+05   5.4059100E+05   0.0000000E+00   0.0000000E+00   0.0000000E+00
   1.1594203E-01   3.5907247E+05   1.8517190E+05   5.4424437E+05   0.0000000E+00   0.0000000E+00   0.0000000E+00
   1.3043478E-01   3.6295587E+05   1.8286712E+05   5.4573880E+05   0.0000000E+00   0.0000000E+00   0.0000000E+00
   1.4492754E-01   3.7598894E+05   1.8269031E+05   5.5867926E+05   0.0000000E+00   0.0000000E+00   0.0000000E+00
   1.5942029E-01   3.7239314E+05   1.9866478E+05   5.7105792E+05   0.0000000E+00   0.0000000E+00   0.0000000E+00
   1.7391304E-01   3.9143414E+05   1.9644324E+05   5.8787738E+05   0.0000000E+00   0.0000000E+00   0.0000000E+00
   1.8840580E-01   4.0160044E+05   2.0837759E+05   6.0997803E+05   0.0000000E+00   0.0000000E+00   0.0000000E+00
   2.0289855E-01   4.0988142E+05   2.0437241E+05   6.1425383E+05   0.0000000E+00   0.0000000E+00   0.0000000E+00
   2.1739130E-01   4.2205933E+05   2.0494252E+05   6.2695133E+05   0.0000000E+00   0.0000000E+00   0.0000000E+00
   2.3188406E-01   4.2471141E+05   2.0941948E+05   6.3413089E+05   0.0000000E+00   0.0000000E+00   0.0000000E+00
   2.4637681E-01   4.3369282E+05   2.1167597E+05   6.4532422E+05   0.0000000E+00   0.0000000E+00   0.0000000E+00
   2.6086957E-01   4.3683520E+05   2.2151169E+05   6.5830479E+05   0.0000000E+00   0.0000000E+00   0.0000000E+00
   2.7536232E-01   4.4363489E+05   2.1842757E+05   6.6206246E+05   0.0000000E+00   0.0000000E+00   0.0000000E+00
   2.8985507E-01   4.4948940E+05   2.2353232E+05   6.7298384E+05   0.0000000E+00   0.0000000E+00   0.0000000E+00
   3.0434783E-01   4.4948218E+05   2.2677976E+05   6.7626195E+05   0.0000000E+00   0.0000000E+00   0.0000000E+00
   3.1884058E-01   4.5013003E+05   2.2683881E+05   6.7689996E+05   0.0000000E+00   0.0000000E+00   0.0000000E+00
   3.3333333E-01   4.5671755E+05   2.2633265E+05   6.8301726E+05   0.0000000E+00   0.0000000E+00   0.0000000E+00
   3.4782609E-01   4.4987458E+05   2.2520566E+05   6.7498552E+05   0.0000000E+00   0.0000000E+00   0.0000000E+00
   3.6231884E-01   4.5373273E+05   2.2656327E+05   6.8029599E+05   0.0000000E+00   0.0000000E+00   0.0000000E+00
   3.7681159E-01   4.4726865E+05   2.2478550E+05   6.7202501E+05   0.0000000E+00   0.0000000E+00   0.0000000E+00
   3.9130435E-01   4.4501595E+05   2.2089428E+05   6.6591022E+05   0.0000000E+00   0.0000000E+00   0.0000000E+00
   4.0579710E-01   4.3872954E+05   2.1595495E+05   6.5460331E+05   0.0000000E+00   0.0000000E+00   0.0000000E+00
   4.2028986E-01   4.2561286E+05   2.1033725E+05   6.3587172E+05   0.0000000E+00   0.0000000E+00   0.0000000E+00
   4.3478261E-01   4.2314542E+05   2.1006987E+05   6.3308900E+05   0.0000000E+00   0.0000000E+00   0.0000000E+00
   4.4927536E-01   4.1406643E+05   2.0820649E+05   6.2222403E+05   0.0000000E+00   0.0000000E+00   0.0000000E+00
   4.6376812E-01   4.0150573E+05   1.9788767E+05   5.9936972E+05   0.0000000E+00   0.0000000E+00   0.0000000E+00
   4.7826087E-01   3.8750195E+05   1.9499091E+05   5.8246989E+05   0.0000000E+00   0.0000000E+00   0.0000000E+00
   4.9275362E-01   3.7559225E+05   1.9086050E+05   5.6640817E+05   0.0000000E+00   0.0000000E+00   0.0000000E+00
   5.0724638E-01   3.6791363E+05   1.8395682E+05   5.5180550E+05   0.0000000E+00   0.0000000E+00   0.0000000E+00
   5.2173913E-01   3.5188450E+05   1.7806812E+05   5.2991052E+05   0.0000000E+00   0.0000000E+00   0.0000000E+00
   5.3623188E-01   3.4227171E+05   1.6999925E+05   5.1223000E+05   0.0000000E+00   0.0000000E+00   0.0000000E+00
   5.5072464E-01   3.2770118E+05   1.6580475E+05   4.9344610E+05   0.0000000E+00   0.0000000E+00   0.0000000E+00
   5.6521739E-01   3.1197379E+05   1.5716236E+05   4.6911672E+05   0.0000000E+00   0.0000000E+00   0.0000000E+00
   5.7971014E-01   2.9606667E+05   1.4783443E+05   4.4386321E+05   0.0000000E+00   0.0000000E+00   0.0000000E+00
   5.9420290E-01   2.8285756E+05   1.4178917E+05   4.2462825E+05   0.0000000E+00   0.0000000E+00   0.0000000E+00
   6.0869565E-01   2.7018725E+05   1.3345186E+05   4.0360303E+05   0.0000000E+00   0.0000000E+00   0.0000000E+00
   6.2318841E-01   2.5089895E+05   1.2844518E+05   3.7932651E+05   0.0000000E+00   0.0000000E+00   0.0000000E+00
   6.3768116E-01   2.3978922E+05   1.2097955E+05   3.6076877E+05   0.0000000E+00   0.0000000E+00   0.0000000E+00
   6.5217391E-01   2.2636121E+05   1.1206084E+05   3.3840520E+05   0.0000000E+00   0.0000000E+00   0.0000000E+00
   6.6666667E-01   2.1671269E+05   1.0575369E+05   3.2241696E+05   0.0000000E+00   0.0000000E+00   0.0000000E+00
   6.8115942E-01   2.0123552E+05   1.0255241E+05   3.0378792E+05   0.0000000E+00   0.0000000E+00   0.0000000E+00
   6.9565217E-01   1.9047606E+05   9.4653941E+04   2.8509843E+05   0.0000000E+00   0.0000000E+00   0.0000000E+00
   7.1014493E-01   1.7528460E+05   8.8423232E+04   2.6370783E+05   0.0000000E+00   0.0000000E+00   0.0000000E+00
   7.2463768E-01   1.6476226E+05   8.5624245E+04   2.5037136E+05   0.0000000E+00   0.0000000E+00   0.0000000E+00
   7.3913043E-01   1.5648005E+05   7.7214854E+04   2.3369491E+05   0.0000000E+00   0.0000000E+00   0.0000000E+00
   7.5362319E-01   1.4429055E+05   7.3821039E+04   2.1809702E+05   0.0000000E+00   0.0000000E+00   0.0000000E+00
   7.6811594E-01   1.3401931E+05   6.8710991E+04   2.0271601E+05   0.0000000E+00   0.0000000E+00   0.0000000E+00
   7.8260870E-01   1.2353914E+05   6.1713443E+04   1.8525259E+05   0.0000000E+00   0.0000000E+00   0.0000000E+00
   7.9710145E-01   1.1564440E+05   5.8387056E+04   1.7403145E+05   0.0000000E+00   0.0000000E+00   0.0000000E+00
   8.1159420E-01   1.0602901E+05   5.2013211E+04   1.5804222E+05   0.0000000E+00   0.0000000E+00   0.0000000E+00
   8.2608696E-01   9.7774619E+04   4.7910228E+04   1.4568485E+05   0.0000000E+00   0.0000000E+00   0.0000000E+00
   8.4057971E-01   8.9373735E+04   4.5385814E+04   1.3475955E+05   0.0000000E+00   0.0000000E+00   0.0000000E+00
   8.5507246E-01   8.0564105E+04   4.0339846E+04   1.2090395E+05   0.0000000E+00   0.0000000E+00   0.0000000E+00
   8.6956522E-01   7.0848380E+04   3.6636569E+04   1.0748495E+05   0.0000000E+00   0.0000000E+00   0.0000000E+00
   8.8405797E-01   6.4320665E+04   3.3501899E+04   9.7822564E+04   0.0000000E+00   0.0000000E+00   0.0000000E+00
   8.9855072E-01   5.7942413E+04   2.8427347E+04   8.6369760E+04   0.0000000E+00   0.0000000E+00   0.0000000E+00
   9.1304348E-01   4.9649794E+04   2.4909090E+04   7.4558884E+04   0.0000000E+00   0.0000000E+00   0.0000000E+00
   9.2753623E-01   4.2966038E+04   2.1406061E+04   6.4372099E+04   0.0000000E+00   0.0000000E+00   0.0000000E+00
   9.4202899E-01   3.5648597E+04   1.7649436E+04   5.3298033E+04   0.0000000E+00   0.0000000E+00   0.0000000E+00
   9.5652174E-01   2.8001815E+04   1.4351074E+04   4.2352888E+04   0.0000000E+00   0.0000000E+00   0.0000000E+00
   9.7101449E-01   1.9904725E+04   9.7261724E+03   2.9630897E+04   0.0000000E+00   0.0000000E+00   0.0000000E+00
   9.8550725E-01   6.4964777E+03   3.2426673E+03   9.7391450E+03   0.0000000E+00   0.0000000E+00   0.0000000E+00
   1.0000000E+00   0.0000000E+00   0.0000000E+00   0.0000000E+00   0.0000000E+00   0.0000000E+00   0.0000000E+00
