   0.0000000E+00   4.3039444E+05   1.6367112E+05   5.9406556E+05   0.0000000E+00   0.0000000E+00   0.0000000E+00
   1.4492754E-02   3.3870830E+05   1.6594433E+05   5.0465263E+05   0.0000000E+00   0.0000000E+00   0.0000000E+00
   2.8985507E-02   3.3908717E+05   1.7314283E+05   5.1223000E+05   0.0000000E+00   0.0000000E+00   0.0000000E+00
   4.3478261E-02   3.5386303E+05   1.7402686E+05   5.2788989E+05   0.0000000E+00   0.0000000E+00   0.0000000E+00
   5.7971014E-02   3.5651511E+05   1.7390057E+05   5.3041568E+05   0.0000000E+00   0.0000000E+00   0.0000000E+00
   7.2463768E-02   3.5689398E+05   1.8897953E+05   5.4587351E+05   0.0000000E+00   0.0000000E+00   0.0000000E+00
   8.6956522E-02   3.5222127E+05   1.8236196E+05   5.3458323E+05   0.0000000E+00   0.0000000E+00   0.0000000E+00
   1.0144928E-01   3.6436310E+05   1.8542899E+05   5.4979209E+05   0.0000000E+00   0.0000000E+00   0.0000000E+00
   1.1594203E-01   3.6844946E+05   1.8488775E+05   5.5333721E+05   0.0000000E+00   0.0000000E+00   0.0000000E+00
   1.3043478E-01   3.7238548E+05   1.8690838E+05   5.5929387E+05   0.0000000E+00   0.0000000E+00   0.0000000E+00
   1.4492754E-01   3.8402095E+05   1.8875221E+05   5.7277316E+05   0.0000000E+00   0.0000000E+00   0.0000000E+00
   1.5942029E-01   3.8038382E+05   1.9184515E+05   5.7222897E+05   0.0000000E+00   0.0000000E+00   0.0000000E+00
   1.7391304E-01   3.9907465E+05   1.9568550E+05   5.9469701E+05   0.0000000E+00   0.0000000E+00   0.0000000E+00
   1.8840580E-01   3.9693745E+05   2.0056707E+05   5.9750452E+05   0.0000000E+00   0.0000000E+00   0.0000000E+00
   2.0289855E-01   4.0284530E+05   2.0264044E+05   6.0548573E+05   0.0000000E+00   0.0000000E+00   0.0000000E+00
   2.1739130E-01   4.1473455E+05   2.0898378E+05   6.2366781E+05   0.0000000E+00   0.0000000E+00   0.0000000E+00
   2.3188406E-01   4.2125424E+05   2.1159797E+05   6.3280485E+05   0.0000000E+00   0.0000000E+00   0.0000000E+00
   2.4637681E-01   4.2589259E+05   2.2112539E+05   6.4701798E+05   0.0000000E+00   0.0000000E+00   0.0000000E+00
   2.6086957E-01   4.3068911E+05   2.1477625E+05   6.4546537E+05   0.0000000E+00   0.0000000E+00   0.0000000E+00
   2.7536232E-01   4.4730393E+05   2.2708172E+05   6.7438565E+05   0.0000000E+00   0.0000000E+00   0.0000000E+00
   2.8985507E-01   4.4964095E+05   2.2584342E+05   6.7544648E+05   0.0000000E+00   0.0000000E+00   0.0000000E+00
   3.0434783E-01   4.4688423E+05   2.2598595E+05   6.7279801E+05   0.0000000E+00   0.0000000E+00   0.0000000E+00
   3.1884058E-01   4.5198993E+05   2.2305013E+05   6.7497117E+05   0.0000000E+00   0.0000000E+00   0.0000000E+00
   3.3333333E-01   4.5388427E+05   2.2850703E+05   6.8235836E+05   0.0000000E+00   0.0000000E+00   0.0000000E+00
   3.4782609E-01   4.5413685E+05   2.2946793E+05   6.8354163E+05   0.0000000E+00   0.0000000E+00   0.0000000E+00
   3.6231884E-01   4.4470051E+05   2.1947085E+05   6.6414105E+05   0.0000000E+00   0.0000000E+00   0.0000000E+00
   3.7681159E-01   4.4962929E+05   2.2571810E+05   6.7525996E+05   0.0000000E+00   0.0000000E+00   0.0000000E+00
   3.9130435E-01   4.4894495E+05   2.2016460E+05   6.6902536E+05   0.0000000E+00   0.0000000E+00   0.0000000E+00
   4.0579710E-01   4.3177460E+05   2.1871528E+05   6.5043576E+05   0.0000000E+00   0.0000000E+00   0.0000000E+00
   4.2028986E-01   4.3248474E+05   2.1122563E+05   6.4363199E+05   0.0000000E+00   0.0000000E+00   0.0000000E+00
   4.3478261E-01   4.1819488E+05   2.1471732E+05   6.3288694E+05   0.0000000E+00   0.0000000E+00   0.0000000E+00
   4.4927536E-01   4.0873783E+05   2.0774207E+05   6.1643101E+05   0.0000000E+00   0.0000000E+00   0.0000000E+00
   4.6376812E-01   4.0349478E+05   2.0096598E+05   6.0448444E+05   0.0000000E+00   0.0000000E+00   0.0000000E+00
   4.7826087E-01   3.9574520E+05   1.9347543E+05   5.8919768E+05   0.0000000E+00   0.0000000E+00   0.0000000E+00
   4.9275362E-01   3.7675114E+05   1.8972389E+05   5.6634131E+05   0.0000000E+00   0.0000000E+00   0.0000000E+00
   5.0724638E-01   3.6516413E+05   1.8211660E+05   5.4728073E+05   0.0000000E+00   0.0000000E+00   0.0000000E+00
   5.2173913E-01   3.6055637E+05   1.7253243E+05   5.3302566E+05   0.0000000E+00   0.0000000E+00   0.0000000E+00
   5.3623188E-01   3.3944556E+05   1.7016308E+05   5.0952672E+05   0.0000000E+00   0.0000000E+00   0.0000000E+00
   5.5072464E-01   3.2712290E+05   1.6115863E+05   4.8826159E+05   0.0000000E+00   0.0000000E+00   0.0000000E+00
   5.6521739E-01   3.1269267E+05   1.5698750E+05   4.6968017E+05   0.0000000E+00   0.0000000E+00   0.0000000E+00
   5.7971014E-01   2.9930599E+05   1.4878160E+05   4.4806864E+05   0.0000000E+00   0.0000000E+00   0.0000000E+00
   5.9420290E-01   2.8014080E+05   1.4158587E+05   4.2167122E+05   0.0000000E+00   0.0000000E+00   0.0000000E+00
   6.0869565E-01   2.6686764E+05   1.3581528E+05   4.0264684E+05   0.0000000E+00   0.0000000E+00   0.0000000E+00
   6.2318841E-01   2.5812388E+05   1.2849804E+05   3.8658668E+05   0.0000000E+00   0.0000000E+00   0.0000000E+00
   6.3768116E-01   2.3978922E+05   1.2018737E+05   3.5997659E+05   2.4091310E-05   0.0000000E+00   1.6047811E-05
   6.5217391E-01   2.2767462E+05   1.1369418E+05   3.4136880E+05   0.0000000E+00   0.0000000E+00   0.0000000E+00
   6.6666667E-01   2.1185329E+05   1.0794453E+05   3.1979783E+05   0.0000000E+00   0.0000000E+00   0.0000000E+00
   6.8115942E-01   2.0255753E+05   9.9908388E+04   3.0244979E+05   0.0000000E+00   0.0000000E+00   0.0000000E+00
   6.9565217E-01   1.8952889E+05   9.6816648E+04   2.8632975E+05   0.0000000E+00   0.0000000E+00   0.0000000E+00
   7.1014493E-01   1.7709389E+05   9.1175826E+04   2.6825425E+05   0.0000000E+00   0.0000000E+00   0.0000000E+00
   7.2463768E-01   1.6770228E+05   8.2396287E+04   2.5006826E+05   0.0000000E+00   0.0000000E+00   0.0000000E+00
   7.3913043E-01   1.5506858E+05   7.6620551E+04   2.3167428E+05   0.0000000E+00   0.0000000E+00   0.0000000E+00
   7.5362319E-01   1.4230878E+05   7.1270964E+04   2.1356517E+05   0.0000000E+00   0.0000000E+00   0.0000000E+00
   7.6811594E-01   1.3650698E+05   6.7224111E+04   2.0373109E+05   0.0000000E+00   0.0000000E+00   0.0000000E+00
   7.8260870E-01   1.2490026E+05   6.2036183E+04   1.8693645E+05   0.0000000E+00   0.0000000E+00   0.0000000E+00
   7.9710145E-01   1.1316453E+05   5.8648819E+04   1.7179957E+05   0.0000000E+00   0.0000000E+00   0.0000000E+00
   8.1159420E-01   1.0615079E+05   5.2892727E+04   1.5902999E+05   0.0000000E+00   0.0000000E+00   0.0000000E+00
   8.2608696E-01   9.7495453E+04   4.7684237E+04   1.4517969E+05   0.0000000E+00   0.0000000E+00   0.0000000E+00
   8.4057971E-01   8.8890352E+04   4.4928560E+04   1.3381891E+05   4.4330298E-05   0.0000000E+00   2.9446778E-05
   8.5507246E-01   8.0448518E+04   4.0314160E+04   1.2076268E+05   0.0000000E+00   0.0000000E+00   0.0000000E+00
   8.6956522E-01   7.2237564E+04   3.5929348E+04   1.0815428E+05   0.0000000E+00   0.0000000E+00   0.0000000E+00
   8.8405797E-01   6.4904495E+04   3.1936738E+04   9.6841233E+04   0.0000000E+00   0.0000000E+00   0.0000000E+00
   8.9855072E-01   5.7001353E+04   2.8366239E+04   8.5367593E+04   0.0000000E+00   0.0000000E+00   0.0000000E+00
   9.1304348E-01   5.0900661E+04   2.5390193E+04   7.6278826E+04   0.0000000E+00   0.0000000E+00   0.0000000E+00
   9.2753623E-01   4.2717406E+04   2.0932476E+04   6.3649881E+04   0.0000000E+00   0.0000000E+00   0.0000000E+00
   9.4202899E-01   3.5403789E+04   1.7637779E+04   5.3041568E+04   0.0000000E+00   0.0000000E+00   0.0000000E+00
   9.5652174E-01   2.7932930E+04   1.3650741E+04   4.1583671E+04   0.0000000E+00   0.0000000E+00   0.0000000E+00
   9.7101449E-01   1.8739846E+04   8.9797452E+03   2.7719591E+04   0.0000000E+00   0.0000000E+00   0.0000000E+00
   9.8550725E-01   6.7081983E+03   3.1758082E+03   9.8840065E+03   0.0000000E+00   0.0000000E+00   0.0000000E+00
   1.0000000E+00   0.0000000E+00   0.0000000E+00   0.0000000E+00   0.0000000E+00   0.0000000E+00   0.0000000E+00
