   0.0000000E+00   3.5765171E+05   1.4548544E+05   5.0313716E+05   0.0000000E+00   0.0000000E+00   0.0000000E+00
   1.4492754E-02   3.4628566E+05   1.6821754E+05   5.1450321E+05   0.0000000E+00   0.0000000E+00   0.0000000E+00
   2.8985507E-02   3.5196869E+05   1.6783868E+05   5.1980737E+05   0.0000000E+00   0.0000000E+00   0.0000000E+00
   4.3478261E-02   3.5007435E+05   1.8185680E+05   5.3193115E+05   0.0000000E+00   0.0000000E+00   0.0000000E+00
   5.7971014E-02   3.5405247E+05   1.7238510E+05   5.2643756E+05   0.0000000E+00   0.0000000E+00   0.0000000E+00
   7.2463768E-02   3.5174137E+05   1.7185468E+05   5.2344450E+05   0.0000000E+00   0.0000000E+00   0.0000000E+00
   8.6956522E-02   3.6876519E+05   1.7364799E+05   5.4241318E+05   0.0000000E+00   0.0000000E+00   0.0000000E+00
   1.0144928E-01   3.5711047E+05   1.8716096E+05   5.4427144E+05   0.0000000E+00   0.0000000E+00   0.0000000E+00
   1.1594203E-01   3.6863890E+05   1.8233039E+05   5.5096929E+05   0.0000000E+00   0.0000000E+00   0.0000000E+00
   1.3043478E-01   3.7129098E+05   1.8202519E+05   5.5331617E+05   0.0000000E+00   0.0000000E+00   0.0000000E+00
   1.4492754E-01   3.8242970E+05   1.9148006E+05   5.7390976E+05   0.0000000E+00   0.0000000E+00   0.0000000E+00
   1.5942029E-01   3.8623905E+05   1.9604715E+05   5.8221731E+05   0.0000000E+00   0.0000000E+00   0.0000000E+00
   1.7391304E-01   3.9838006E+05   1.9795871E+05   5.9633877E+05   0.0000000E+00   0.0000000E+00   0.0000000E+00
   1.8840580E-01   4.0160044E+05   1.9660353E+05   5.9814568E+05   0.0000000E+00   0.0000000E+00   0.0000000E+00
   2.0289855E-01   4.1004379E+05   2.0772810E+05   6.1771777E+05   0.0000000E+00   0.0000000E+00   0.0000000E+00
   2.1739130E-01   4.2099850E+05   2.1105492E+05   6.3205343E+05   0.0000000E+00   0.0000000E+00   0.0000000E+00
   2.3188406E-01   4.3096274E+05   2.1273457E+05   6.4369731E+05   0.0000000E+00   0.0000000E+00   0.0000000E+00
   2.4637681E-01   4.3645633E+05   2.1885218E+05   6.5521937E+05   0.0000000E+00   0.0000000E+00   0.0000000E+00
   2.6086957E-01   4.4037130E+05   2.1805978E+05   6.5838899E+05   0.0000000E+00   0.0000000E+00   0.0000000E+00
   2.7536232E-01   4.4271763E+05   2.1878650E+05   6.6142436E+05   0.0000000E+00   0.0000000E+00   0.0000000E+00
   2.8985507E-01   4.3884320E+05   2.2728312E+05   6.6612632E+05   0.0000000E+00   0.0000000E+00   0.0000000E+00
   3.0434783E-01   4.5428118E+05   2.2811482E+05   6.8232384E+05   0.0000000E+00   0.0000000E+00   0.0000000E+00
   3.1884058E-01   4.4909676E+05   2.2935312E+05   6.7834655E+05   0.0000000E+00   0.0000000E+00   0.0000000E+00
   3.3333333E-01   4.4709759E+05   2.2784813E+05   6.7494572E+05   0.0000000E+00   0.0000000E+00   0.0000000E+00
   3.4782609E-01   4.4327596E+05   2.2252201E+05   6.6573482E+05   0.0000000E+00   0.0000000E+00   0.0000000E+00
   3.6231884E-01   4.4009347E+05   2.2571460E+05   6.6580807E+05   0.0000000E+00   0.0000000E+00   0.0000000E+00
   3.7681159E-01   4.4744351E+05   2.2306602E+05   6.7042210E+05   0.0000000E+00   0.0000000E+00   0.0000000E+00
   3.9130435E-01   4.4484756E+05   2.2271846E+05   6.6742570E+05   0.0000000E+00   0.0000000E+00   0.0000000E+00
   4.0579710E-01   4.3583390E+05   2.1939183E+05   6.5525280E+05   0.0000000E+00   0.0000000E+00   0.0000000E+00
   4.2028986E-01   4.3371280E+05   2.1376013E+05   6.4742067E+05   0.0000000E+00   0.0000000E+00   0.0000000E+00
   4.3478261E-01   4.2195830E+05   2.0956471E+05   6.3144724E+05   0.0000000E+00   0.0000000E+00   0.0000000E+00
   4.4927536E-01   4.1504416E+05   2.1018638E+05   6.2510832E+05   0.0000000E+00   0.0000000E+00   0.0000000E+00
   4.6376812E-01   4.0437092E+05   1.9819550E+05   6.0247170E+05   0.0000000E+00   0.0000000E+00   0.0000000E+00
   4.7826087E-01   3.8566501E+05   1.9620788E+05   5.8180400E+05   0.0000000E+00   0.0000000E+00   0.0000000E+00
   4.9275362E-01   3.7909121E+05   1.8537805E+05   5.6446926E+05   0.0000000E+00   0.0000000E+00   0.0000000E+00
   5.0724638E-01   3.6585692E+05   1.7934545E+05   5.4520237E+05   0.0000000E+00   0.0000000E+00   0.0000000E+00
   5.2173913E-01   3.5289481E+05   1.7387952E+05   5.2675328E+05   2.1125776E-11   0.0000000E+00   1.4153072E-11
   5.3623188E-01   3.3981418E+05   1.7262061E+05   5.1239383E+05   0.0000000E+00   0.0000000E+00   0.0000000E+00
   5.5072464E-01   3.2126041E+05   1.6428928E+05   4.8548987E+05   0.0000000E+00   0.0000000E+00   0.0000000E+00
   5.6521739E-01   3.0740794E+05   1.5570517E+05   4.6307426E+05   0.0000000E+00   0.0000000E+00   0.0000000E+00
   5.7971014E-01   2.9350930E+05   1.4931201E+05   4.4276449E+05   0.0000000E+00   0.0000000E+00   0.0000000E+00
   5.9420290E-01   2.8392948E+05   1.3927570E+05   4.2314973E+05   0.0000000E+00   0.0000000E+00   0.0000000E+00
   6.0869565E-01   2.6766146E+05   1.3698797E+05   4.0464943E+05   0.0000000E+00   0.0000000E+00   0.0000000E+00
   6.2318841E-01   2.5632646E+05   1.2719403E+05   3.8350287E+05   0.0000000E+00   0.0000000E+00   0.0000000E+00
   6.3768116E-01   2.4066750E+05   1.2101399E+05   3.6162983E+05   0.0000000E+00   0.0000000E+00   0.0000000E+00
   6.5217391E-01   2.2567082E+05   1.1438456E+05   3.4003855E+05   0.0000000E+00   0.0000000E+00   0.0000000E+00
   6.6666667E-01   2.1770104E+05   1.0702207E+05   3.2472311E+05   0.0000000E+00   0.0000000E+00   0.0000000E+00
   6.8115942E-01   1.9893006E+05   1.0124652E+05   3.0016046E+05   0.0000000E+00   0.0000000E+00   0.0000000E+00
   6.9565217E-01   1.8790291E+05   9.5506395E+04   2.8340931E+05   0.0000000E+00   0.0000000E+00   0.0000000E+00
   7.1014493E-01   1.7516089E+05   8.8871688E+04   2.6400165E+05   0.0000000E+00   0.0000000E+00   0.0000000E+00
   7.2463768E-01   1.6498959E+05   8.3638975E+04   2.4859825E+05   0.0000000E+00   0.0000000E+00   0.0000000E+00
   7.3913043E-01   1.5338968E+05   7.7408002E+04   2.3078282E+05   0.0000000E+00   0.0000000E+00   0.0000000E+00
   7.5362319E-01   1.4474228E+05   7.1256392E+04   2.1596953E+05   0.0000000E+00   0.0000000E+00   0.0000000E+00
   7.6811594E-01   1.3673573E+05   6.7610128E+04   2.0431726E+05   0.0000000E+00   0.0000000E+00   0.0000000E+00
   7.8260870E-01   1.2578429E+05   6.1966022E+04   1.8772225E+05   0.0000000E+00   0.0000000E+00   0.0000000E+00
   7.9710145E-01   1.1761451E+05   5.7519103E+04   1.7511984E+05   0.0000000E+00   0.0000000E+00   0.0000000E+00
   8.1159420E-01   1.0520362E+05   5.3258064E+04   1.5846168E+05   0.0000000E+00   0.0000000E+00   0.0000000E+00
   8.2608696E-01   9.8439301E+04   4.9930859E+04   1.4837016E+05   0.0000000E+00   0.0000000E+00   0.0000000E+00
   8.4057971E-01   8.9530509E+04   4.3752761E+04   1.3328327E+05   0.0000000E+00   0.0000000E+00   0.0000000E+00
   8.5507246E-01   8.1630074E+04   4.2163551E+04   1.2378078E+05   0.0000000E+00   0.0000000E+00   0.0000000E+00
   8.6956522E-01   7.4169792E+04   3.5878832E+04   1.1004862E+05   0.0000000E+00   0.0000000E+00   0.0000000E+00
   8.8405797E-01   6.3326912E+04   3.4532918E+04   9.7859829E+04   0.0000000E+00   0.0000000E+00   0.0000000E+00
   8.9855072E-01   5.7514659E+04   2.9233970E+04   8.6748629E+04   0.0000000E+00   0.0000000E+00   0.0000000E+00
   9.1304348E-01   5.1069047E+04   2.4836925E+04   7.5905972E+04   0.0000000E+00   0.0000000E+00   0.0000000E+00
   9.2753623E-01   4.3167312E+04   2.0790400E+04   6.3957712E+04   0.0000000E+00   0.0000000E+00   0.0000000E+00
   9.4202899E-01   3.5228927E+04   1.7894243E+04   5.3123170E+04   0.0000000E+00   0.0000000E+00   0.0000000E+00
   9.5652174E-01   2.8001815E+04   1.3880358E+04   4.1882173E+04   0.0000000E+00   0.0000000E+00   0.0000000E+00
   9.7101449E-01   1.9180917E+04   9.8845054E+03   2.9065422E+04   0.0000000E+00   0.0000000E+00   0.0000000E+00
   9.8550725E-01   6.6524824E+03   3.1200922E+03   9.7725746E+03   7.6059677E-09   0.0000000E+00   5.1776086E-09
   1.0000000E+00   0.0000000E+00   0.0000000E+00   0.0000000E+00   0.0000000E+00   0.0000000E+00   0.0000000E+00
