   0.0000000E+00   3.2128035E+05   1.5760923E+05   4.7888958E+05   0.0000000E+00   0.0000000E+00   0.0000000E+00
   1.4492754E-02   3.3870830E+05   1.6897528E+05   5.0768358E+05   0.0000000E+00   0.0000000E+00   0.0000000E+00
   2.8985507E-02   3.7280645E+05   1.6177678E+05   5.3458323E+05   0.0000000E+00   0.0000000E+00   0.0000000E+00
   4.3478261E-02   3.5916719E+05   1.7604749E+05   5.3521468E+05   0.0000000E+00   0.0000000E+00   0.0000000E+00
   5.7971014E-02   3.6428191E+05   1.7617378E+05   5.4045569E+05   0.0000000E+00   0.0000000E+00   0.0000000E+00
   7.2463768E-02   3.5856100E+05   1.8503930E+05   5.4360030E+05   0.0000000E+00   0.0000000E+00   0.0000000E+00
   8.6956522E-02   3.5689398E+05   1.7832070E+05   5.3521468E+05   0.0000000E+00   0.0000000E+00   0.0000000E+00
   1.0144928E-01   3.5397128E+05   1.8532074E+05   5.3929202E+05   0.0000000E+00   0.0000000E+00   0.0000000E+00
   1.1594203E-01   3.6219813E+05   1.9265455E+05   5.5485269E+05   0.0000000E+00   0.0000000E+00   0.0000000E+00
   1.3043478E-01   3.7289064E+05   1.8808708E+05   5.6097773E+05   0.0000000E+00   0.0000000E+00   0.0000000E+00
   1.4492754E-01   3.7530698E+05   1.9314708E+05   5.6845406E+05   0.0000000E+00   0.0000000E+00   0.0000000E+00
   1.5942029E-01   3.9292091E+05   1.9108741E+05   5.8400833E+05   0.0000000E+00   0.0000000E+00   0.0000000E+00
   1.7391304E-01   3.9648572E+05   1.9429631E+05   5.9071889E+05   0.0000000E+00   0.0000000E+00   0.0000000E+00
   1.8840580E-01   3.9507225E+05   1.9876016E+05   5.9377412E+05   0.0000000E+00   0.0000000E+00   0.0000000E+00
   2.0289855E-01   4.1128865E+05   2.0897295E+05   6.2015335E+05   0.0000000E+00   0.0000000E+00   0.0000000E+00
   2.1739130E-01   4.2099850E+05   2.1171163E+05   6.3271013E+05   0.0000000E+00   0.0000000E+00   0.0000000E+00
   2.3188406E-01   4.1869688E+05   2.0908797E+05   6.2773748E+05   0.0000000E+00   0.0000000E+00   0.0000000E+00
   2.4637681E-01   4.2402053E+05   2.1524179E+05   6.3921775E+05   0.0000000E+00   0.0000000E+00   0.0000000E+00
   2.6086957E-01   4.3363587E+05   2.2222733E+05   6.5586320E+05   0.0000000E+00   0.0000000E+00   0.0000000E+00
   2.7536232E-01   4.4251822E+05   2.2225613E+05   6.6473448E+05   0.0000000E+00   0.0000000E+00   0.0000000E+00
   2.8985507E-01   4.5191416E+05   2.2133489E+05   6.7321116E+05   0.0000000E+00   0.0000000E+00   0.0000000E+00
   3.0434783E-01   4.5796162E+05   2.2696018E+05   6.8477747E+05   0.0000000E+00   0.0000000E+00   0.0000000E+00
   3.1884058E-01   4.5453868E+05   2.3117857E+05   6.8571726E+05   0.0000000E+00   0.0000000E+00   0.0000000E+00
   3.3333333E-01   4.5302770E+05   2.2702450E+05   6.7998631E+05   0.0000000E+00   0.0000000E+00   0.0000000E+00
   3.4782609E-01   4.5691522E+05   2.2981522E+05   6.8676201E+05   0.0000000E+00   0.0000000E+00   0.0000000E+00
   3.6231884E-01   4.4645845E+05   2.2656327E+05   6.7302172E+05   0.0000000E+00   0.0000000E+00   0.0000000E+00
   3.7681159E-01   4.4298452E+05   2.2461064E+05   6.6747859E+05   0.0000000E+00   0.0000000E+00   0.0000000E+00
   3.9130435E-01   4.4004856E+05   2.2097847E+05   6.6097090E+05   0.0000000E+00   0.0000000E+00   0.0000000E+00
   4.0579710E-01   4.3577978E+05   2.1928358E+05   6.5492805E+05   0.0000000E+00   0.0000000E+00   0.0000000E+00
   4.2028986E-01   4.3209281E+05   2.1767946E+05   6.4969388E+05   0.0000000E+00   0.0000000E+00   0.0000000E+00
   4.3478261E-01   4.2021551E+05   2.1663692E+05   6.3677665E+05   0.0000000E+00   0.0000000E+00   0.0000000E+00
   4.4927536E-01   4.1394422E+05   2.0287789E+05   6.1674877E+05   0.0000000E+00   0.0000000E+00   0.0000000E+00
   4.6376812E-01   3.9911412E+05   2.0120277E+05   6.0024585E+05   0.0000000E+00   0.0000000E+00   0.0000000E+00
   4.7826087E-01   3.8800711E+05   1.9698858E+05   5.8494976E+05   0.0000000E+00   0.0000000E+00   0.0000000E+00
   4.9275362E-01   3.7893520E+05   1.8999133E+05   5.6879281E+05   0.0000000E+00   0.0000000E+00   0.0000000E+00
   5.0724638E-01   3.6364866E+05   1.8066608E+05   5.4422814E+05   0.0000000E+00   0.0000000E+00   0.0000000E+00
   5.2173913E-01   3.5222127E+05   1.7507927E+05   5.2727949E+05   0.0000000E+00   0.0000000E+00   0.0000000E+00
   5.3623188E-01   3.3731570E+05   1.6778748E+05   5.0510318E+05   0.0000000E+00   0.0000000E+00   0.0000000E+00
   5.5072464E-01   3.2104107E+05   1.6199613E+05   4.8303720E+05   0.0000000E+00   0.0000000E+00   0.0000000E+00
   5.6521739E-01   3.1043889E+05   1.5825039E+05   4.6865042E+05   0.0000000E+00   0.0000000E+00   0.0000000E+00
   5.7971014E-01   3.0307573E+05   1.5061911E+05   4.5369484E+05   0.0000000E+00   0.0000000E+00   0.0000000E+00
   5.9420290E-01   2.8684954E+05   1.4104991E+05   4.2788097E+05   0.0000000E+00   0.0000000E+00   0.0000000E+00
   6.0869565E-01   2.6771559E+05   1.3298279E+05   4.0064425E+05   0.0000000E+00   0.0000000E+00   0.0000000E+00
   6.2318841E-01   2.5579781E+05   1.2789890E+05   3.8367909E+05   0.0000000E+00   0.0000000E+00   0.0000000E+00
   6.3768116E-01   2.3908315E+05   1.1880967E+05   3.5785837E+05   0.0000000E+00   0.0000000E+00   0.0000000E+00
   6.5217391E-01   2.2696739E+05   1.1430037E+05   3.4125093E+05   0.0000000E+00   0.0000000E+00   0.0000000E+00
   6.6666667E-01   2.1366527E+05   1.0692324E+05   3.2057203E+05   0.0000000E+00   0.0000000E+00   0.0000000E+00
   6.8115942E-01   1.9939760E+05   1.0277811E+05   3.0214347E+05   0.0000000E+00   0.0000000E+00   0.0000000E+00
   6.9565217E-01   1.8922895E+05   9.5269602E+04   2.8445119E+05   0.0000000E+00   0.0000000E+00   0.0000000E+00
   7.1014493E-01   1.7616605E+05   8.8361376E+04   2.6451196E+05   0.0000000E+00   0.0000000E+00   0.0000000E+00
   7.2463768E-01   1.6370143E+05   8.2123502E+04   2.4582494E+05   0.0000000E+00   0.0000000E+00   0.0000000E+00
   7.3913043E-01   1.5423656E+05   7.9918934E+04   2.3414064E+05   0.0000000E+00   0.0000000E+00   0.0000000E+00
   7.5362319E-01   1.4539801E+05   7.3150734E+04   2.1850503E+05   0.0000000E+00   0.0000000E+00   0.0000000E+00
   7.6811594E-01   1.3324728E+05   6.6409187E+04   1.9961358E+05   0.0000000E+00   0.0000000E+00   0.0000000E+00
   7.8260870E-01   1.2414253E+05   6.2260698E+04   1.8637516E+05   0.0000000E+00   0.0000000E+00   0.0000000E+00
   7.9710145E-01   1.1512087E+05   5.7023130E+04   1.7213022E+05   0.0000000E+00   0.0000000E+00   0.0000000E+00
   8.1159420E-01   1.0452707E+05   5.2865665E+04   1.5739273E+05   0.0000000E+00   0.0000000E+00   0.0000000E+00
   8.2608696E-01   9.8346245E+04   4.9691574E+04   1.4802453E+05   0.0000000E+00   0.0000000E+00   0.0000000E+00
   8.4057971E-01   8.7361814E+04   4.4510498E+04   1.3187231E+05   0.0000000E+00   0.0000000E+00   0.0000000E+00
   8.5507246E-01   7.9485294E+04   4.0673764E+04   1.2015906E+05   0.0000000E+00   0.0000000E+00   0.0000000E+00
   8.6956522E-01   7.2439627E+04   3.6068266E+04   1.0850789E+05   0.0000000E+00   0.0000000E+00   0.0000000E+00
   8.8405797E-01   6.5947935E+04   3.2905647E+04   9.8853582E+04   0.0000000E+00   0.0000000E+00   0.0000000E+00
   8.9855072E-01   5.7074682E+04   2.8867323E+04   8.5942006E+04   0.0000000E+00   0.0000000E+00   0.0000000E+00
   9.1304348E-01   5.0768358E+04   2.5522496E+04   7.6290854E+04   0.0000000E+00   0.0000000E+00   0.0000000E+00
   9.2753623E-01   4.3972407E+04   2.1311344E+04   6.5283751E+04   0.0000000E+00   0.0000000E+00   0.0000000E+00
   9.4202899E-01   3.5112352E+04   1.8022476E+04   5.3134828E+04   0.0000000E+00   0.0000000E+00   0.0000000E+00
   9.5652174E-01   2.7152231E+04   1.3708145E+04   4.0860377E+04   0.0000000E+00   0.0000000E+00   0.0000000E+00
   9.7101449E-01   1.8852941E+04   9.2059352E+03   2.8058876E+04   0.0000000E+00   0.0000000E+00   0.0000000E+00
   9.8550725E-01   6.5410505E+03   3.2315241E+03   9.7725746E+03   0.0000000E+00   0.0000000E+00   0.0000000E+00
   1.0000000E+00   0.0000000E+00   0.0000000E+00   0.0000000E+00   0.0000000E+00   0.0000000E+00   0.0000000E+00
