   0.0000000E+00   2.9097089E+05   2.1216627E+05   5.0313716E+05   0.0000000E+00   0.0000000E+00   0.0000000E+00
   1.4492754E-02   3.7204871E+05   1.8564549E+05   5.5769420E+05   0.0000000E+00   0.0000000E+00   0.0000000E+00
   2.8985507E-02   3.4325472E+05   1.6556547E+05   5.0882018E+05   0.0000000E+00   0.0000000E+00   0.0000000E+00
   4.3478261E-02   3.3769798E+05   1.8463517E+05   5.2233315E+05   0.0000000E+00   0.0000000E+00   0.0000000E+00
   5.7971014E-02   3.4799057E+05   1.7749982E+05   5.2549039E+05   0.0000000E+00   0.0000000E+00   0.0000000E+00
   7.2463768E-02   3.4961971E+05   1.7579491E+05   5.2541462E+05   0.0000000E+00   0.0000000E+00   0.0000000E+00
   8.6956522E-02   3.7255387E+05   1.8059391E+05   5.5314778E+05   0.0000000E+00   0.0000000E+00   0.0000000E+00
   1.0144928E-01   3.6804353E+05   1.7828462E+05   5.4632815E+05   0.0000000E+00   0.0000000E+00   0.0000000E+00
   1.1594203E-01   3.6286115E+05   1.8223567E+05   5.4509683E+05   0.0000000E+00   0.0000000E+00   0.0000000E+00
   1.3043478E-01   3.6994389E+05   1.8093068E+05   5.5087457E+05   0.0000000E+00   0.0000000E+00   0.0000000E+00
   1.4492754E-01   3.7682245E+05   1.9420791E+05   5.7103037E+05   0.0000000E+00   0.0000000E+00   0.0000000E+00
   1.5942029E-01   3.8389696E+05   1.9212069E+05   5.7601765E+05   0.0000000E+00   0.0000000E+00   0.0000000E+00
   1.7391304E-01   3.8991867E+05   2.0313658E+05   5.9305524E+05   0.0000000E+00   0.0000000E+00   0.0000000E+00
   1.8840580E-01   3.9274075E+05   2.0633753E+05   5.9901999E+05   0.0000000E+00   0.0000000E+00   0.0000000E+00
   2.0289855E-01   4.0939431E+05   2.0366880E+05   6.1306310E+05   0.0000000E+00   0.0000000E+00   0.0000000E+00
   2.1739130E-01   4.1872529E+05   2.0615489E+05   6.2477915E+05   0.0000000E+00   0.0000000E+00   0.0000000E+00
   2.3188406E-01   4.2755292E+05   2.1453420E+05   6.4199241E+05   0.0000000E+00   0.0000000E+00   0.0000000E+00
   2.4637681E-01   4.3516372E+05   2.1653440E+05   6.5165355E+05   0.0000000E+00   0.0000000E+00   0.0000000E+00
   2.6086957E-01   4.3658262E+05   2.2260620E+05   6.5914672E+05   0.0000000E+00   0.0000000E+00   0.0000000E+00
   2.7536232E-01   4.4180037E+05   2.2305375E+05   6.6481424E+05   0.0000000E+00   0.0000000E+00   0.0000000E+00
   2.8985507E-01   4.4971672E+05   2.2823029E+05   6.7783335E+05   0.0000000E+00   0.0000000E+00   0.0000000E+00
   3.0434783E-01   4.5168323E+05   2.2327974E+05   6.7492689E+05   0.0000000E+00   0.0000000E+00   0.0000000E+00
   3.1884058E-01   4.5880956E+05   2.2608107E+05   6.8485619E+05   0.0000000E+00   0.0000000E+00   0.0000000E+00
   3.3333333E-01   4.5408194E+05   2.2620087E+05   6.8031576E+05   0.0000000E+00   0.0000000E+00   0.0000000E+00
   3.4782609E-01   4.5479987E+05   2.2861547E+05   6.8338377E+05   0.0000000E+00   0.0000000E+00   0.0000000E+00
   3.6231884E-01   4.5288406E+05   2.2798781E+05   6.8087187E+05   0.0000000E+00   0.0000000E+00   0.0000000E+00
   3.7681159E-01   4.4592804E+05   2.2146312E+05   6.6733287E+05   0.0000000E+00   0.0000000E+00   0.0000000E+00
   3.9130435E-01   4.4431434E+05   2.2667553E+05   6.7093374E+05   0.0000000E+00   0.0000000E+00   0.0000000E+00
   4.0579710E-01   4.3586097E+05   2.1679388E+05   6.5260072E+05   0.0000000E+00   0.0000000E+00   0.0000000E+00
   4.2028986E-01   4.3295506E+05   2.1281949E+05   6.4556553E+05   0.0000000E+00   0.0000000E+00   0.0000000E+00
   4.3478261E-01   4.2127634E+05   2.0971626E+05   6.3094208E+05   0.0000000E+00   0.0000000E+00   0.0000000E+00
   4.4927536E-01   4.1421309E+05   2.0248680E+05   6.1667545E+05   0.0000000E+00   0.0000000E+00   0.0000000E+00
   4.6376812E-01   4.0242922E+05   1.9686946E+05   5.9927500E+05   0.0000000E+00   0.0000000E+00   0.0000000E+00
   4.7826087E-01   3.9119878E+05   1.9531237E+05   5.8646523E+05   0.0000000E+00   0.0000000E+00   0.0000000E+00
   4.9275362E-01   3.7474536E+05   1.8457574E+05   5.5932110E+05   0.0000000E+00   0.0000000E+00   0.0000000E+00
   5.0724638E-01   3.6717755E+05   1.8358877E+05   5.5067972E+05   0.0000000E+00   0.0000000E+00   0.0000000E+00
   5.2173913E-01   3.5148458E+05   1.7722619E+05   5.2864763E+05   0.0000000E+00   0.0000000E+00   0.0000000E+00
   5.3623188E-01   3.3866734E+05   1.6868857E+05   5.0727399E+05   0.0000000E+00   0.0000000E+00   0.0000000E+00
   5.5072464E-01   3.2319464E+05   1.6319255E+05   4.8632737E+05   0.0000000E+00   0.0000000E+00   0.0000000E+00
   5.6521739E-01   3.1418872E+05   1.5521945E+05   4.6934987E+05   0.0000000E+00   0.0000000E+00   0.0000000E+00
   5.7971014E-01   2.9424810E+05   1.4698197E+05   4.4123007E+05   0.0000000E+00   0.0000000E+00   0.0000000E+00
   5.9420290E-01   2.7969724E+05   1.4421023E+05   4.2390747E+05   0.0000000E+00   0.0000000E+00   0.0000000E+00
   6.0869565E-01   2.6966405E+05   1.3487713E+05   4.0452314E+05   0.0000000E+00   0.0000000E+00   0.0000000E+00
   6.2318841E-01   2.5216772E+05   1.2749360E+05   3.7955559E+05   0.0000000E+00   0.0000000E+00   0.0000000E+00
   6.3768116E-01   2.3832541E+05   1.2085900E+05   3.5914997E+05   0.0000000E+00   0.0000000E+00   0.0000000E+00
   6.5217391E-01   2.2644540E+05   1.1616945E+05   3.4259801E+05   0.0000000E+00   0.0000000E+00   0.0000000E+00
   6.6666667E-01   2.1144148E+05   1.0728563E+05   3.1872711E+05   0.0000000E+00   0.0000000E+00   0.0000000E+00
   6.8115942E-01   2.0433095E+05   9.9070041E+04   3.0340099E+05   0.0000000E+00   0.0000000E+00   0.0000000E+00
   6.9565217E-01   1.9106015E+05   9.6279917E+04   2.8732428E+05   0.0000000E+00   0.0000000E+00   0.0000000E+00
   7.1014493E-01   1.7686193E+05   8.8005703E+04   2.6486763E+05   0.0000000E+00   0.0000000E+00   0.0000000E+00
   7.2463768E-01   1.6686877E+05   8.2881239E+04   2.4971970E+05   0.0000000E+00   0.0000000E+00   0.0000000E+00
   7.3913043E-01   1.5468229E+05   7.8314315E+04   2.3298174E+05   0.0000000E+00   0.0000000E+00   0.0000000E+00
   7.5362319E-01   1.4356196E+05   7.2640719E+04   2.1618810E+05   0.0000000E+00   0.0000000E+00   0.0000000E+00
   7.6811594E-01   1.3364759E+05   6.6709422E+04   2.0032842E+05   0.0000000E+00   0.0000000E+00   0.0000000E+00
   7.8260870E-01   1.2328656E+05   6.1573122E+04   1.8484565E+05   0.0000000E+00   0.0000000E+00   0.0000000E+00
   7.9710145E-01   1.1625058E+05   5.7753312E+04   1.7399012E+05   0.0000000E+00   0.0000000E+00   0.0000000E+00
   8.1159420E-01   1.0555543E+05   5.4435262E+04   1.5999069E+05   0.0000000E+00   0.0000000E+00   0.0000000E+00
   8.2608696E-01   9.6525019E+04   4.7697530E+04   1.4420926E+05   0.0000000E+00   0.0000000E+00   0.0000000E+00
   8.4057971E-01   8.9608895E+04   4.4405983E+04   1.3401488E+05   0.0000000E+00   0.0000000E+00   0.0000000E+00
   8.5507246E-01   8.0743907E+04   4.0416904E+04   1.2116081E+05   0.0000000E+00   0.0000000E+00   0.0000000E+00
   8.6956522E-01   7.4094019E+04   3.6080895E+04   1.1016228E+05   0.0000000E+00   0.0000000E+00   0.0000000E+00
   8.8405797E-01   6.5128089E+04   3.1787675E+04   9.6915764E+04   0.0000000E+00   0.0000000E+00   0.0000000E+00
   8.9855072E-01   5.6708036E+04   3.0028371E+04   8.6736407E+04   0.0000000E+00   0.0000000E+00   0.0000000E+00
   9.1304348E-01   5.0395503E+04   2.4788814E+04   7.5184318E+04   0.0000000E+00   0.0000000E+00   0.0000000E+00
   9.2753623E-01   4.3167312E+04   2.1654694E+04   6.4822005E+04   0.0000000E+00   0.0000000E+00   0.0000000E+00
   9.4202899E-01   3.6383018E+04   1.7264739E+04   5.3647757E+04   0.0000000E+00   0.0000000E+00   0.0000000E+00
   9.5652174E-01   2.7473695E+04   1.3490009E+04   4.0963704E+04   0.0000000E+00   0.0000000E+00   0.0000000E+00
   9.7101449E-01   1.9497583E+04   9.7374819E+03   2.9235065E+04   0.0000000E+00   0.0000000E+00   0.0000000E+00
   9.8550725E-01   6.0507503E+03   3.3429560E+03   9.3937062E+03   0.0000000E+00   0.0000000E+00   0.0000000E+00
   1.0000000E+00   0.0000000E+00   0.0000000E+00   0.0000000E+00   0.0000000E+00   0.0000000E+00   0.0000000E+00
