   0.0000000E+00   4.0008497E+05   1.5154734E+05   5.5163231E+05   0.0000000E+00   0.0000000E+00   0.0000000E+00
   1.4492754E-02   3.0915657E+05   1.7503717E+05   4.8419374E+05   0.0000000E+00   0.0000000E+00   0.0000000E+00
   2.8985507E-02   3.5613624E+05   1.8678209E+05   5.4291833E+05   0.0000000E+00   0.0000000E+00   0.0000000E+00
   4.3478261E-02   3.5083208E+05   1.6240823E+05   5.1324031E+05   0.0000000E+00   0.0000000E+00   0.0000000E+00
   5.7971014E-02   3.4420189E+05   1.7939416E+05   5.2359605E+05   0.0000000E+00   0.0000000E+00   0.0000000E+00
   7.2463768E-02   3.4977125E+05   1.7427944E+05   5.2405069E+05   0.0000000E+00   0.0000000E+00   0.0000000E+00
   8.6956522E-02   3.4514906E+05   1.8097278E+05   5.2612184E+05   0.0000000E+00   0.0000000E+00   0.0000000E+00
   1.0144928E-01   3.6739404E+05   1.8304753E+05   5.5033333E+05   0.0000000E+00   0.0000000E+00   0.0000000E+00
   1.1594203E-01   3.7081739E+05   1.8526662E+05   5.5608401E+05   0.0000000E+00   0.0000000E+00   0.0000000E+00
   1.3043478E-01   3.7735287E+05   1.8665580E+05   5.6400867E+05   0.0000000E+00   0.0000000E+00   0.0000000E+00
   1.4492754E-01   3.8629416E+05   1.9496565E+05   5.8118404E+05   0.0000000E+00   0.0000000E+00   0.0000000E+00
   1.5942029E-01   3.9023439E+05   1.9528941E+05   5.8545492E+05   0.0000000E+00   0.0000000E+00   0.0000000E+00
   1.7391304E-01   3.9421251E+05   1.9960047E+05   5.9381298E+05   0.0000000E+00   0.0000000E+00   0.0000000E+00
   1.8840580E-01   4.0760405E+05   2.0091680E+05   6.0846256E+05   0.0000000E+00   0.0000000E+00   0.0000000E+00
   2.0289855E-01   4.1772941E+05   2.0442653E+05   6.2215594E+05   0.0000000E+00   0.0000000E+00   0.0000000E+00
   2.1739130E-01   4.2241294E+05   2.0479097E+05   6.2710288E+05   0.0000000E+00   0.0000000E+00   0.0000000E+00
   2.3188406E-01   4.3356746E+05   2.1230835E+05   6.4587581E+05   0.0000000E+00   0.0000000E+00   0.0000000E+00
   2.4637681E-01   4.3351453E+05   2.2023394E+05   6.5370389E+05   0.0000000E+00   0.0000000E+00   0.0000000E+00
   2.6086957E-01   4.3687729E+05   2.1822817E+05   6.5510546E+05   0.0000000E+00   0.0000000E+00   0.0000000E+00
   2.7536232E-01   4.3924799E+05   2.2413053E+05   6.6337853E+05   0.0000000E+00   0.0000000E+00   0.0000000E+00
   2.8985507E-01   4.4604170E+05   2.2300191E+05   6.6896783E+05   0.0000000E+00   0.0000000E+00   0.0000000E+00
   3.0434783E-01   4.5309045E+05   2.2414573E+05   6.7712793E+05   0.0000000E+00   0.0000000E+00   0.0000000E+00
   3.1884058E-01   4.5767296E+05   2.2535778E+05   6.8296185E+05   0.0000000E+00   0.0000000E+00   0.0000000E+00
   3.3333333E-01   4.5184168E+05   2.2870470E+05   6.8054638E+05   0.0000000E+00   0.0000000E+00   0.0000000E+00
   3.4782609E-01   4.5255823E+05   2.2226943E+05   6.7482766E+05   0.0000000E+00   0.0000000E+00   0.0000000E+00
   3.6231884E-01   4.5161106E+05   2.2929112E+05   6.8084157E+05   0.0000000E+00   0.0000000E+00   0.0000000E+00
   3.7681159E-01   4.5178593E+05   2.2143397E+05   6.7313247E+05   0.0000000E+00   0.0000000E+00   0.0000000E+00
   3.9130435E-01   4.3937502E+05   2.2235362E+05   6.6172864E+05   0.0000000E+00   0.0000000E+00   0.0000000E+00
   4.0579710E-01   4.3196403E+05   2.1790342E+05   6.4981333E+05   0.0000000E+00   0.0000000E+00   0.0000000E+00
   4.2028986E-01   4.2744188E+05   2.1457013E+05   6.4195974E+05   0.0000000E+00   0.0000000E+00   0.0000000E+00
   4.3478261E-01   4.1943251E+05   2.0666005E+05   6.2606731E+05   0.0000000E+00   0.0000000E+00   0.0000000E+00
   4.4927536E-01   4.1022886E+05   2.0451558E+05   6.1472000E+05   0.0000000E+00   0.0000000E+00   0.0000000E+00
   4.6376812E-01   4.0197931E+05   1.9876380E+05   6.0067208E+05   0.0000000E+00   0.0000000E+00   0.0000000E+00
   4.7826087E-01   3.8927000E+05   1.9758558E+05   5.8680966E+05   0.0000000E+00   0.0000000E+00   0.0000000E+00
   4.9275362E-01   3.7454479E+05   1.8519976E+05   5.5967769E+05   0.0000000E+00   0.0000000E+00   0.0000000E+00
   5.0724638E-01   3.6141875E+05   1.8077432E+05   5.4214977E+05   0.0000000E+00   0.0000000E+00   0.0000000E+00
   5.2173913E-01   3.5163192E+05   1.7535290E+05   5.2694272E+05   0.0000000E+00   0.0000000E+00   0.0000000E+00
   5.3623188E-01   3.4124774E+05   1.6797179E+05   5.0911713E+05   0.0000000E+00   0.0000000E+00   0.0000000E+00
   5.5072464E-01   3.1816965E+05   1.6205595E+05   4.8018571E+05   0.0000000E+00   0.0000000E+00   0.0000000E+00
   5.6521739E-01   3.0802968E+05   1.5679321E+05   4.6478402E+05   0.0000000E+00   0.0000000E+00   0.0000000E+00
   5.7971014E-01   2.9974169E+05   1.4970983E+05   4.4943257E+05   0.0000000E+00   0.0000000E+00   0.0000000E+00
   5.9420290E-01   2.8136057E+05   1.4419175E+05   4.2545991E+05   0.0000000E+00   0.0000000E+00   0.0000000E+00
   6.0869565E-01   2.6870786E+05   1.3644673E+05   4.0511851E+05   0.0000000E+00   0.0000000E+00   0.0000000E+00
   6.2318841E-01   2.5454666E+05   1.2874475E+05   3.8325617E+05   0.0000000E+00   0.0000000E+00   0.0000000E+00
   6.3768116E-01   2.4373289E+05   1.2187506E+05   3.6559073E+05   0.0000000E+00   0.0000000E+00   0.0000000E+00
   6.5217391E-01   2.2696739E+05   1.1537804E+05   3.4231176E+05   0.0000000E+00   0.0000000E+00   0.0000000E+00
   6.6666667E-01   2.1351702E+05   1.0679145E+05   3.2027553E+05   0.0000000E+00   0.0000000E+00   0.0000000E+00
   6.8115942E-01   2.0020371E+05   1.0040817E+05   3.0059575E+05   0.0000000E+00   0.0000000E+00   0.0000000E+00
   6.9565217E-01   1.8990776E+05   9.4038280E+04   2.8394604E+05   0.0000000E+00   0.0000000E+00   0.0000000E+00
   7.1014493E-01   1.7683100E+05   8.7356215E+04   2.6415629E+05   0.0000000E+00   0.0000000E+00   0.0000000E+00
   7.2463768E-01   1.6427731E+05   8.1289991E+04   2.4556730E+05   0.0000000E+00   0.0000000E+00   0.0000000E+00
   7.3913043E-01   1.5466743E+05   7.9250343E+04   2.3390291E+05   0.0000000E+00   0.0000000E+00   0.0000000E+00
   7.5362319E-01   1.4429055E+05   7.3209021E+04   2.1749957E+05   0.0000000E+00   0.0000000E+00   0.0000000E+00
   7.6811594E-01   1.3257533E+05   6.8067629E+04   2.0062866E+05   0.0000000E+00   0.0000000E+00   0.0000000E+00
   7.8260870E-01   1.2280947E+05   6.3453431E+04   1.8626290E+05   0.0000000E+00   0.0000000E+00   0.0000000E+00
   7.9710145E-01   1.1569950E+05   5.8221731E+04   1.7392123E+05   0.0000000E+00   0.0000000E+00   0.0000000E+00
   8.1159420E-01   1.0774745E+05   5.3894022E+04   1.6162794E+05   0.0000000E+00   0.0000000E+00   0.0000000E+00
   8.2608696E-01   9.8598824E+04   4.9598519E+04   1.4819734E+05   0.0000000E+00   0.0000000E+00   0.0000000E+00
   8.4057971E-01   8.9282284E+04   4.5124526E+04   1.3440681E+05   0.0000000E+00   0.0000000E+00   0.0000000E+00
   8.5507246E-01   7.9767840E+04   4.0648078E+04   1.2041592E+05   0.0000000E+00   0.0000000E+00   0.0000000E+00
   8.6956522E-01   7.3449943E+04   3.6927034E+04   1.1037698E+05   0.0000000E+00   0.0000000E+00   0.0000000E+00
   8.8405797E-01   6.5314418E+04   3.2682053E+04   9.7984049E+04   0.0000000E+00   0.0000000E+00   0.0000000E+00
   8.9855072E-01   5.8064629E+04   2.9001761E+04   8.7066389E+04   0.0000000E+00   0.0000000E+00   0.0000000E+00
   9.1304348E-01   5.0840523E+04   2.5005311E+04   7.5845834E+04   0.0000000E+00   0.0000000E+00   0.0000000E+00
   9.2753623E-01   4.1604480E+04   2.1844128E+04   6.3448608E+04   0.0000000E+00   0.0000000E+00   0.0000000E+00
   9.4202899E-01   3.5870089E+04   1.7416286E+04   5.3286375E+04   0.0000000E+00   0.0000000E+00   0.0000000E+00
   9.5652174E-01   2.7955891E+04   1.3983686E+04   4.1928097E+04   0.0000000E+00   0.0000000E+00   0.0000000E+00
   9.7101449E-01   1.9429726E+04   9.5791488E+03   2.9008875E+04   0.0000000E+00   0.0000000E+00   0.0000000E+00
   9.8550725E-01   6.1287526E+03   3.6215356E+03   9.7502882E+03   0.0000000E+00   0.0000000E+00   0.0000000E+00
   1.0000000E+00   0.0000000E+00   0.0000000E+00   0.0000000E+00   0.0000000E+00   0.0000000E+00   0.0000000E+00
