   0.0000000E+00   3.7583740E+05   1.6973302E+05   5.4557041E+05   0.0000000E+00   0.0000000E+00   0.0000000E+00
   1.4492754E-02   3.4022377E+05   1.5685149E+05   4.9707526E+05   0.0000000E+00   0.0000000E+00   0.0000000E+00
   2.8985507E-02   3.5613624E+05   1.8072020E+05   5.3685644E+05   0.0000000E+00   0.0000000E+00   0.0000000E+00
   4.3478261E-02   3.4274956E+05   1.8059391E+05   5.2334347E+05   0.0000000E+00   0.0000000E+00   0.0000000E+00
   5.7971014E-02   3.5121095E+05   1.7712095E+05   5.2833190E+05   0.0000000E+00   0.0000000E+00   0.0000000E+00
   7.2463768E-02   3.5174137E+05   1.8246299E+05   5.3420436E+05   0.0000000E+00   0.0000000E+00   0.0000000E+00
   8.6956522E-02   3.5979864E+05   1.7819441E+05   5.3799305E+05   0.0000000E+00   0.0000000E+00   0.0000000E+00
   1.0144928E-01   3.6273938E+05   1.7709389E+05   5.3983326E+05   0.0000000E+00   0.0000000E+00   0.0000000E+00
   1.1594203E-01   3.6683927E+05   1.9180210E+05   5.5864137E+05   0.0000000E+00   0.0000000E+00   0.0000000E+00
   1.3043478E-01   3.7137517E+05   1.8244615E+05   5.5382132E+05   0.0000000E+00   0.0000000E+00   0.0000000E+00
   1.4492754E-01   3.7220026E+05   1.8822179E+05   5.6042205E+05   0.0000000E+00   0.0000000E+00   0.0000000E+00
   1.5942029E-01   3.7914388E+05   1.9776927E+05   5.7691316E+05   0.0000000E+00   0.0000000E+00   0.0000000E+00
   1.7391304E-01   3.9875893E+05   1.9922160E+05   5.9798053E+05   0.0000000E+00   0.0000000E+00   0.0000000E+00
   1.8840580E-01   4.0212503E+05   2.0179111E+05   6.0391614E+05   0.0000000E+00   0.0000000E+00   0.0000000E+00
   2.0289855E-01   4.0869069E+05   2.0372292E+05   6.1241361E+05   0.0000000E+00   0.0000000E+00   0.0000000E+00
   2.1739130E-01   4.1342113E+05   2.0797346E+05   6.2139460E+05   0.0000000E+00   0.0000000E+00   0.0000000E+00
   2.3188406E-01   4.2239084E+05   2.1211891E+05   6.3450976E+05   0.0000000E+00   0.0000000E+00   0.0000000E+00
   2.4637681E-01   4.2990414E+05   2.2032308E+05   6.5013807E+05   0.0000000E+00   0.0000000E+00   0.0000000E+00
   2.6086957E-01   4.3755084E+05   2.2125911E+05   6.5880995E+05   0.0000000E+00   0.0000000E+00   0.0000000E+00
   2.7536232E-01   4.5097297E+05   2.2046149E+05   6.7135470E+05   0.0000000E+00   0.0000000E+00   0.0000000E+00
   2.8985507E-01   4.5577862E+05   2.2565398E+05   6.8139471E+05   0.0000000E+00   0.0000000E+00   0.0000000E+00
   3.0434783E-01   4.4937394E+05   2.2764575E+05   6.7691144E+05   0.0000000E+00   0.0000000E+00   0.0000000E+00
   3.1884058E-01   4.5040557E+05   2.2735545E+05   6.7765769E+05   0.0000000E+00   0.0000000E+00   0.0000000E+00
   3.3333333E-01   4.5701406E+05   2.2544314E+05   6.8242425E+05   0.0000000E+00   0.0000000E+00   0.0000000E+00
   3.4782609E-01   4.5865170E+05   2.2943635E+05   6.8802491E+05   0.0000000E+00   0.0000000E+00   0.0000000E+00
   3.6231884E-01   4.5051992E+05   2.2738162E+05   6.7784093E+05   0.0000000E+00   0.0000000E+00   0.0000000E+00
   3.7681159E-01   4.4490801E+05   2.2475636E+05   6.6951865E+05   0.0000000E+00   0.0000000E+00   0.0000000E+00
   3.9130435E-01   4.4296725E+05   2.1752656E+05   6.6043768E+05   0.0000000E+00   0.0000000E+00   0.0000000E+00
   4.0579710E-01   4.2969082E+05   2.2209803E+05   6.5170767E+05   0.0000000E+00   0.0000000E+00   0.0000000E+00
   4.2028986E-01   4.2733736E+05   2.1483141E+05   6.4209039E+05   0.0000000E+00   0.0000000E+00   0.0000000E+00
   4.3478261E-01   4.1746240E+05   2.1191369E+05   6.2924980E+05   0.0000000E+00   0.0000000E+00   0.0000000E+00
   4.4927536E-01   4.1663296E+05   2.0256013E+05   6.1919309E+05   0.0000000E+00   0.0000000E+00   0.0000000E+00
   4.6376812E-01   4.0546016E+05   2.0281296E+05   6.0827312E+05   0.0000000E+00   0.0000000E+00   0.0000000E+00
   4.7826087E-01   3.9018847E+05   1.9081187E+05   5.8097738E+05   0.0000000E+00   0.0000000E+00   0.0000000E+00
   4.9275362E-01   3.7913578E+05   1.8854272E+05   5.6763392E+05   0.0000000E+00   0.0000000E+00   0.0000000E+00
   5.0724638E-01   3.5975173E+05   1.7954029E+05   5.3924872E+05   0.0000000E+00   0.0000000E+00   0.0000000E+00
   5.2173913E-01   3.5287376E+05   1.7398476E+05   5.2681643E+05   0.0000000E+00   0.0000000E+00   0.0000000E+00
   5.3623188E-01   3.3663988E+05   1.7073651E+05   5.0731495E+05   0.0000000E+00   0.0000000E+00   0.0000000E+00
   5.5072464E-01   3.2465029E+05   1.6496725E+05   4.8951784E+05   0.0000000E+00   0.0000000E+00   0.0000000E+00
   5.6521739E-01   3.0993373E+05   1.5832811E+05   4.6822298E+05   0.0000000E+00   0.0000000E+00   0.0000000E+00
   5.7971014E-01   2.9790418E+05   1.4686831E+05   4.4471566E+05   0.0000000E+00   0.0000000E+00   0.0000000E+00
   5.9420290E-01   2.8246945E+05   1.4101295E+05   4.2348240E+05   0.0000000E+00   0.0000000E+00   0.0000000E+00
   6.0869565E-01   2.6852745E+05   1.3527404E+05   4.0378345E+05   0.0000000E+00   0.0000000E+00   0.0000000E+00
   6.2318841E-01   2.5296070E+05   1.2860377E+05   3.8156447E+05   0.0000000E+00   0.0000000E+00   0.0000000E+00
   6.3768116E-01   2.4337125E+05   1.1899910E+05   3.6230146E+05   0.0000000E+00   0.0000000E+00   0.0000000E+00
   6.5217391E-01   2.2690004E+05   1.1436772E+05   3.4120041E+05   0.0000000E+00   0.0000000E+00   0.0000000E+00
   6.6666667E-01   2.1523016E+05   1.0644553E+05   3.2165922E+05   0.0000000E+00   0.0000000E+00   0.0000000E+00
   6.8115942E-01   2.0320241E+05   1.0032756E+05   3.0352997E+05   0.0000000E+00   0.0000000E+00   0.0000000E+00
   6.9565217E-01   1.8703467E+05   9.5537967E+04   2.8255685E+05   0.0000000E+00   0.0000000E+00   0.0000000E+00
   7.1014493E-01   1.7734131E+05   8.9768601E+04   2.6709445E+05   0.0000000E+00   0.0000000E+00   0.0000000E+00
   7.2463768E-01   1.6374690E+05   8.2760001E+04   2.4649174E+05   0.0000000E+00   0.0000000E+00   0.0000000E+00
   7.3913043E-01   1.5441485E+05   7.9146340E+04   2.3354633E+05   0.0000000E+00   0.0000000E+00   0.0000000E+00
   7.5362319E-01   1.4415940E+05   7.3646177E+04   2.1779101E+05   0.0000000E+00   0.0000000E+00   0.0000000E+00
   7.6811594E-01   1.3456260E+05   6.6981063E+04   2.0151507E+05   0.0000000E+00   0.0000000E+00   0.0000000E+00
   7.8260870E-01   1.2400221E+05   6.0927642E+04   1.8492985E+05   0.0000000E+00   0.0000000E+00   0.0000000E+00
   7.9710145E-01   1.1408759E+05   5.6926691E+04   1.7100050E+05   0.0000000E+00   0.0000000E+00   0.0000000E+00
   8.1159420E-01   1.0646200E+05   5.3934615E+04   1.6038309E+05   0.0000000E+00   0.0000000E+00   0.0000000E+00
   8.2608696E-01   9.8293071E+04   4.9824510E+04   1.4809099E+05   0.0000000E+00   0.0000000E+00   0.0000000E+00
   8.4057971E-01   8.9399864E+04   4.3204055E+04   1.3260392E+05   0.0000000E+00   0.0000000E+00   0.0000000E+00
   8.5507246E-01   7.9986171E+04   4.0969153E+04   1.2095532E+05   0.0000000E+00   0.0000000E+00   0.0000000E+00
   8.6956522E-01   7.1770293E+04   3.6131411E+04   1.0790170E+05   0.0000000E+00   0.0000000E+00   0.0000000E+00
   8.8405797E-01   6.6370280E+04   3.2359083E+04   9.8729363E+04   0.0000000E+00   0.0000000E+00   0.0000000E+00
   8.9855072E-01   5.8467940E+04   2.9221749E+04   8.7689689E+04   0.0000000E+00   0.0000000E+00   0.0000000E+00
   9.1304348E-01   5.0924716E+04   2.5702909E+04   7.6627626E+04   0.0000000E+00   0.0000000E+00   0.0000000E+00
   9.2753623E-01   4.3108114E+04   2.2069081E+04   6.5177194E+04   0.0000000E+00   0.0000000E+00   0.0000000E+00
   9.4202899E-01   3.4436218E+04   1.7241424E+04   5.1677642E+04   0.0000000E+00   0.0000000E+00   0.0000000E+00
   9.5652174E-01   2.7599985E+04   1.4075533E+04   4.1675518E+04   0.0000000E+00   0.0000000E+00   0.0000000E+00
   9.7101449E-01   1.8909489E+04   9.0023642E+03   2.7911853E+04   0.0000000E+00   0.0000000E+00   0.0000000E+00
   9.8550725E-01   6.4073323E+03   3.4766742E+03   9.8840065E+03   0.0000000E+00   0.0000000E+00   0.0000000E+00
   1.0000000E+00   0.0000000E+00   0.0000000E+00   0.0000000E+00   0.0000000E+00   0.0000000E+00   0.0000000E+00
