   0.0000000E+00   3.8796118E+05   1.7579491E+05   5.6375609E+05   0.0000000E+00   0.0000000E+00   0.0000000E+00
   1.4492754E-02   3.3340414E+05   1.6518660E+05   4.9859074E+05   0.0000000E+00   0.0000000E+00   0.0000000E+00
   2.8985507E-02   3.3946603E+05   1.6935415E+05   5.0882018E+05   0.0000000E+00   0.0000000E+00   0.0000000E+00
   4.3478261E-02   3.4148667E+05   1.8463517E+05   5.2612184E+05   0.0000000E+00   0.0000000E+00   0.0000000E+00
   5.7971014E-02   3.5443133E+05   1.7522661E+05   5.2946851E+05   0.0000000E+00   0.0000000E+00   0.0000000E+00
   7.2463768E-02   3.5962183E+05   1.7230932E+05   5.3193115E+05   0.0000000E+00   0.0000000E+00   0.0000000E+00
   8.6956522E-02   3.5474706E+05   1.7554233E+05   5.3028939E+05   0.0000000E+00   0.0000000E+00   0.0000000E+00
   1.0144928E-01   3.6447135E+05   1.8001659E+05   5.4448793E+05   0.0000000E+00   0.0000000E+00   0.0000000E+00
   1.1594203E-01   3.7526909E+05   1.7740510E+05   5.5267419E+05   0.0000000E+00   0.0000000E+00   0.0000000E+00
   1.3043478E-01   3.5975654E+05   1.8421421E+05   5.4397075E+05   0.0000000E+00   0.0000000E+00   0.0000000E+00
   1.4492754E-01   3.6591104E+05   1.9481410E+05   5.6064937E+05   0.0000000E+00   0.0000000E+00   0.0000000E+00
   1.5942029E-01   3.8534355E+05   1.9115630E+05   5.7643096E+05   0.0000000E+00   0.0000000E+00   0.0000000E+00
   1.7391304E-01   3.9509654E+05   2.0199997E+05   5.9703336E+05   0.0000000E+00   0.0000000E+00   0.0000000E+00
   1.8840580E-01   4.0107586E+05   2.0149967E+05   6.0251724E+05   0.0000000E+00   0.0000000E+00   0.0000000E+00
   2.0289855E-01   4.0998967E+05   2.0253219E+05   6.1241361E+05   0.0000000E+00   0.0000000E+00   0.0000000E+00
   2.1739130E-01   4.1534073E+05   2.0393220E+05   6.1922242E+05   0.0000000E+00   0.0000000E+00   0.0000000E+00
   2.3188406E-01   4.1907574E+05   2.1126646E+05   6.3029485E+05   0.0000000E+00   0.0000000E+00   0.0000000E+00
   2.4637681E-01   4.3480714E+05   2.1501893E+05   6.4982607E+05   0.0000000E+00   0.0000000E+00   0.0000000E+00
   2.6086957E-01   4.3456199E+05   2.1961735E+05   6.5417934E+05   0.0000000E+00   0.0000000E+00   0.0000000E+00
   2.7536232E-01   4.4471167E+05   2.2325316E+05   6.6784518E+05   0.0000000E+00   0.0000000E+00   0.0000000E+00
   2.8985507E-01   4.4479143E+05   2.2334289E+05   6.6813432E+05   0.0000000E+00   0.0000000E+00   0.0000000E+00
   3.0434783E-01   4.6182247E+05   2.3027979E+05   6.9206617E+05   0.0000000E+00   0.0000000E+00   0.0000000E+00
   3.1884058E-01   4.5154218E+05   2.2704546E+05   6.7848432E+05   0.0000000E+00   0.0000000E+00   0.0000000E+00
   3.3333333E-01   4.5352188E+05   2.2761751E+05   6.8104055E+05   2.9642153E-05   0.0000000E+00   1.9739448E-05
   3.4782609E-01   4.5195836E+05   2.2848918E+05   6.8032125E+05   0.0000000E+00   0.0000000E+00   0.0000000E+00
   3.6231884E-01   4.4491267E+05   2.2616925E+05   6.7108192E+05   0.0000000E+00   0.0000000E+00   0.0000000E+00
   3.7681159E-01   4.4741437E+05   2.2379462E+05   6.7117984E+05   0.0000000E+00   0.0000000E+00   0.0000000E+00
   3.9130435E-01   4.4835560E+05   2.2125911E+05   6.6958665E+05   0.0000000E+00   0.0000000E+00   0.0000000E+00
   4.0579710E-01   4.3610452E+05   2.2150267E+05   6.5758013E+05   0.0000000E+00   0.0000000E+00   0.0000000E+00
   4.2028986E-01   4.2422803E+05   2.1595495E+05   6.3997395E+05   0.0000000E+00   0.0000000E+00   0.0000000E+00
   4.3478261E-01   4.1885158E+05   2.1249462E+05   6.3124517E+05   0.0000000E+00   0.0000000E+00   0.0000000E+00
   4.4927536E-01   4.1049774E+05   2.0732653E+05   6.1779983E+05   0.0000000E+00   0.0000000E+00   0.0000000E+00
   4.6376812E-01   4.0735451E+05   2.0110805E+05   6.0846256E+05   0.0000000E+00   0.0000000E+00   0.0000000E+00
   4.7826087E-01   3.9429862E+05   1.9675896E+05   5.9103461E+05   0.0000000E+00   0.0000000E+00   0.0000000E+00
   4.9275362E-01   3.7900206E+05   1.8889930E+05   5.6787907E+05   0.0000000E+00   0.0000000E+00   0.0000000E+00
   5.0724638E-01   3.6161360E+05   1.8661972E+05   5.4819002E+05   0.0000000E+00   0.0000000E+00   0.0000000E+00
   5.2173913E-01   3.5215812E+05   1.7682627E+05   5.2894230E+05   0.0000000E+00   0.0000000E+00   0.0000000E+00
   5.3623188E-01   3.4137062E+05   1.7118705E+05   5.1253719E+05   1.2406072E-05   0.0000000E+00   8.2629487E-06
   5.5072464E-01   3.2421160E+05   1.6187648E+05   4.8604820E+05   0.0000000E+00   0.0000000E+00   0.0000000E+00
   5.6521739E-01   3.1160464E+05   1.5566632E+05   4.6727096E+05   0.0000000E+00   0.0000000E+00   0.0000000E+00
   5.7971014E-01   2.9854825E+05   1.4819435E+05   4.4661000E+05   0.0000000E+00   0.0000000E+00   0.0000000E+00
   5.9420290E-01   2.8217375E+05   1.4182613E+05   4.2394443E+05   0.0000000E+00   0.0000000E+00   0.0000000E+00
   6.0869565E-01   2.7015117E+05   1.3749313E+05   4.0762625E+05   0.0000000E+00   0.0000000E+00   0.0000000E+00
   6.2318841E-01   2.5646743E+05   1.2698257E+05   3.8337952E+05   0.0000000E+00   0.0000000E+00   0.0000000E+00
   6.3768116E-01   2.3953090E+05   1.2170284E+05   3.6118208E+05   0.0000000E+00   0.0000000E+00   0.0000000E+00
   6.5217391E-01   2.2706843E+05   1.1478869E+05   3.4184028E+05   0.0000000E+00   0.0000000E+00   0.0000000E+00
   6.6666667E-01   2.1386294E+05   1.0804337E+05   3.2190631E+05   0.0000000E+00   0.0000000E+00   0.0000000E+00
   6.8115942E-01   1.9814008E+05   1.0219772E+05   3.0032168E+05   0.0000000E+00   0.0000000E+00   0.0000000E+00
   6.9565217E-01   1.9145480E+05   9.3264757E+04   2.8465641E+05   0.0000000E+00   0.0000000E+00   0.0000000E+00
   7.1014493E-01   1.7410933E+05   8.7820135E+04   2.6191400E+05   0.0000000E+00   0.0000000E+00   0.0000000E+00
   7.2463768E-01   1.6277699E+05   8.4881663E+04   2.4765866E+05   0.0000000E+00   0.0000000E+00   0.0000000E+00
   7.3913043E-01   1.5312224E+05   7.8745185E+04   2.3186743E+05   0.0000000E+00   0.0000000E+00   0.0000000E+00
   7.5362319E-01   1.4522315E+05   7.1081530E+04   2.1629011E+05   0.0000000E+00   0.0000000E+00   0.0000000E+00
   7.6811594E-01   1.3346173E+05   6.7381377E+04   2.0082882E+05   0.0000000E+00   0.0000000E+00   0.0000000E+00
   7.8260870E-01   1.2429688E+05   6.0478613E+04   1.8477549E+05   0.0000000E+00   0.0000000E+00   0.0000000E+00
   7.9710145E-01   1.1349518E+05   5.5920967E+04   1.6941615E+05   0.0000000E+00   0.0000000E+00   0.0000000E+00
   8.1159420E-01   1.0784217E+05   5.3812836E+04   1.6165500E+05   0.0000000E+00   0.0000000E+00   0.0000000E+00
   8.2608696E-01   9.5913512E+04   5.0582247E+04   1.4649576E+05   0.0000000E+00   0.0000000E+00   0.0000000E+00
   8.4057971E-01   8.7792940E+04   4.4379854E+04   1.3217279E+05   0.0000000E+00   0.0000000E+00   0.0000000E+00
   8.5507246E-01   8.1244784E+04   4.0481119E+04   1.2172590E+05   0.0000000E+00   0.0000000E+00   0.0000000E+00
   8.6956522E-01   7.2565916E+04   3.5272643E+04   1.0783856E+05   0.0000000E+00   0.0000000E+00   0.0000000E+00
   8.8405797E-01   6.5550434E+04   3.2023691E+04   9.7574125E+04   0.0000000E+00   0.0000000E+00   0.0000000E+00
   8.9855072E-01   5.7245784E+04   2.8818437E+04   8.6064221E+04   0.0000000E+00   0.0000000E+00   0.0000000E+00
   9.1304348E-01   4.8843947E+04   2.6256177E+04   7.5100125E+04   0.0000000E+00   0.0000000E+00   0.0000000E+00
   9.2753623E-01   4.2717406E+04   2.1394222E+04   6.4111627E+04   0.0000000E+00   0.0000000E+00   0.0000000E+00
   9.4202899E-01   3.5252242E+04   1.8010818E+04   5.3263060E+04   0.0000000E+00   0.0000000E+00   0.0000000E+00
   9.5652174E-01   2.7898487E+04   1.4442920E+04   4.2341407E+04   0.0000000E+00   0.0000000E+00   0.0000000E+00
   9.7101449E-01   1.8604132E+04   9.3755778E+03   2.7979710E+04   0.0000000E+00   0.0000000E+00   0.0000000E+00
   9.8550725E-01   6.7639142E+03   3.5658197E+03   1.0329734E+04   0.0000000E+00   0.0000000E+00   0.0000000E+00
   1.0000000E+00   0.0000000E+00   0.0000000E+00   0.0000000E+00   0.0000000E+00   0.0000000E+00   0.0000000E+00
