   0.0000000E+00   3.2734225E+05   1.4548544E+05   4.7282769E+05   0.0000000E+00   0.0000000E+00   0.0000000E+00
   1.4492754E-02   3.4704340E+05   1.5382055E+05   5.0086395E+05   0.0000000E+00   0.0000000E+00   0.0000000E+00
   2.8985507E-02   3.6295587E+05   1.8564549E+05   5.4860136E+05   0.0000000E+00   0.0000000E+00   0.0000000E+00
   4.3478261E-02   3.4982177E+05   1.6973302E+05   5.1955479E+05   0.0000000E+00   0.0000000E+00   0.0000000E+00
   5.7971014E-02   3.6882833E+05   1.7674208E+05   5.4557041E+05   0.0000000E+00   0.0000000E+00   0.0000000E+00
   7.2463768E-02   3.5598469E+05   1.7821967E+05   5.3420436E+05   0.0000000E+00   0.0000000E+00   0.0000000E+00
   8.6956522E-02   3.5739914E+05   1.8286712E+05   5.4026626E+05   0.0000000E+00   0.0000000E+00   0.0000000E+00
   1.0144928E-01   3.4888362E+05   1.7828462E+05   5.2716824E+05   0.0000000E+00   0.0000000E+00   0.0000000E+00
   1.1594203E-01   3.5954606E+05   1.8270926E+05   5.4225531E+05   0.0000000E+00   0.0000000E+00   0.0000000E+00
   1.3043478E-01   3.7465869E+05   1.8808708E+05   5.6266158E+05   0.0000000E+00   0.0000000E+00   0.0000000E+00
   1.4492754E-01   3.8523333E+05   1.8511507E+05   5.7027263E+05   0.0000000E+00   0.0000000E+00   0.0000000E+00
   1.5942029E-01   3.8603240E+05   1.9418725E+05   5.8021964E+05   0.0000000E+00   0.0000000E+00   0.0000000E+00
   1.7391304E-01   3.9452823E+05   1.9568550E+05   5.9021373E+05   0.0000000E+00   0.0000000E+00   0.0000000E+00
   1.8840580E-01   3.8656228E+05   2.0342316E+05   5.8998544E+05   0.0000000E+00   0.0000000E+00   0.0000000E+00
   2.0289855E-01   4.0560562E+05   2.0632087E+05   6.1187237E+05   0.0000000E+00   0.0000000E+00   0.0000000E+00
   2.1739130E-01   4.1321907E+05   2.0655902E+05   6.1972758E+05   0.0000000E+00   0.0000000E+00   0.0000000E+00
   2.3188406E-01   4.3370953E+05   2.1813345E+05   6.5184298E+05   0.0000000E+00   0.0000000E+00   0.0000000E+00
   2.4637681E-01   4.2874524E+05   2.1631154E+05   6.4505678E+05   0.0000000E+00   0.0000000E+00   0.0000000E+00
   2.6086957E-01   4.3228878E+05   2.2327974E+05   6.5548433E+05   0.0000000E+00   0.0000000E+00   0.0000000E+00
   2.7536232E-01   4.4538965E+05   2.2293411E+05   6.6832376E+05   0.0000000E+00   0.0000000E+00   0.0000000E+00
   2.8985507E-01   4.5073967E+05   2.2285036E+05   6.7351425E+05   0.0000000E+00   0.0000000E+00   0.0000000E+00
   3.0434783E-01   4.4930177E+05   2.2768183E+05   6.7691144E+05   0.0000000E+00   0.0000000E+00   0.0000000E+00
   3.1884058E-01   4.5075000E+05   2.2849205E+05   6.7920761E+05   0.0000000E+00   0.0000000E+00   0.0000000E+00
   3.3333333E-01   4.5325832E+05   2.2896826E+05   6.8216069E+05   0.0000000E+00   0.0000000E+00   0.0000000E+00
   3.4782609E-01   4.5192679E+05   2.2672113E+05   6.7861635E+05   0.0000000E+00   0.0000000E+00   0.0000000E+00
   3.6231884E-01   4.4800424E+05   2.2383542E+05   6.7177903E+05   0.0000000E+00   0.0000000E+00   0.0000000E+00
   3.7681159E-01   4.4965843E+05   2.2702957E+05   6.7665886E+05   0.0000000E+00   0.0000000E+00   0.0000000E+00
   3.9130435E-01   4.4627884E+05   2.1730204E+05   6.6349669E+05   0.0000000E+00   0.0000000E+00   0.0000000E+00
   4.0579710E-01   4.3859423E+05   2.2079906E+05   6.5928504E+05   0.0000000E+00   0.0000000E+00   0.0000000E+00
   4.2028986E-01   4.2511641E+05   2.1268885E+05   6.3767461E+05   0.0000000E+00   1.0029565E-11   3.3452431E-12
   4.3478261E-01   4.2054386E+05   2.1070131E+05   6.3121992E+05   0.0000000E+00   0.0000000E+00   0.0000000E+00
   4.4927536E-01   4.0854229E+05   2.0747319E+05   6.1601548E+05   0.0000000E+00   0.0000000E+00   0.0000000E+00
   4.6376812E-01   4.0202667E+05   1.9859805E+05   6.0048264E+05   0.0000000E+00   0.0000000E+00   0.0000000E+00
   4.7826087E-01   3.8897150E+05   1.9625380E+05   5.8515641E+05   0.0000000E+00   0.0000000E+00   0.0000000E+00
   4.9275362E-01   3.7465622E+05   1.8985761E+05   5.6442468E+05   0.0000000E+00   0.0000000E+00   0.0000000E+00
   5.0724638E-01   3.6763219E+05   1.8283104E+05   5.5041993E+05   0.0000000E+00   0.0000000E+00   0.0000000E+00
   5.2173913E-01   3.5441029E+05   1.7693152E+05   5.3129970E+05   0.0000000E+00   0.0000000E+00   0.0000000E+00
   5.3623188E-01   3.3684468E+05   1.6823802E+05   5.0493934E+05   0.0000000E+00   0.0000000E+00   0.0000000E+00
   5.5072464E-01   3.3063242E+05   1.6410981E+05   4.9468241E+05   0.0000000E+00   0.0000000E+00   0.0000000E+00
   5.6521739E-01   3.0649477E+05   1.5506401E+05   4.6150050E+05   0.0000000E+00   0.0000000E+00   0.0000000E+00
   5.7971014E-01   2.9665391E+05   1.4648944E+05   4.4310547E+05   0.0000000E+00   0.0000000E+00   0.0000000E+00
   5.9420290E-01   2.8051042E+05   1.4071725E+05   4.2119071E+05   0.0000000E+00   0.0000000E+00   0.0000000E+00
   6.0869565E-01   2.6639857E+05   1.3319928E+05   3.9954373E+05   0.0000000E+00   0.0000000E+00   0.0000000E+00
   6.2318841E-01   2.5694322E+05   1.2691208E+05   3.8385531E+05   0.0000000E+00   0.0000000E+00   0.0000000E+00
   6.3768116E-01   2.4397399E+05   1.2011849E+05   3.6405803E+05   0.0000000E+00   0.0000000E+00   0.0000000E+00
   6.5217391E-01   2.2865125E+05   1.1307115E+05   3.4168873E+05   0.0000000E+00   0.0000000E+00   0.0000000E+00
   6.6666667E-01   2.1592201E+05   1.0746683E+05   3.2335589E+05   0.0000000E+00   0.0000000E+00   0.0000000E+00
   6.8115942E-01   2.0070349E+05   1.0171406E+05   3.0238530E+05   0.0000000E+00   0.0000000E+00   0.0000000E+00
   6.9565217E-01   1.8788713E+05   9.2349158E+04   2.8022050E+05   0.0000000E+00   0.0000000E+00   0.0000000E+00
   7.1014493E-01   1.7993927E+05   8.8918080E+04   2.6882642E+05   0.0000000E+00   0.0000000E+00   0.0000000E+00
   7.2463768E-01   1.6647475E+05   8.2744846E+04   2.4918929E+05   0.0000000E+00   0.0000000E+00   0.0000000E+00
   7.3913043E-01   1.5496458E+05   7.8492606E+04   2.3344233E+05   0.0000000E+00   0.0000000E+00   0.0000000E+00
   7.5362319E-01   1.4382425E+05   7.2086988E+04   2.1589667E+05   5.7957674E-11   0.0000000E+00   3.8609762E-11
   7.6811594E-01   1.3542041E+05   6.7624425E+04   2.0304484E+05   0.0000000E+00   0.0000000E+00   0.0000000E+00
   7.8260870E-01   1.2755234E+05   6.1966022E+04   1.8951836E+05   0.0000000E+00   0.0000000E+00   0.0000000E+00
   7.9710145E-01   1.1598882E+05   5.6279170E+04   1.7224044E+05   0.0000000E+00   0.0000000E+00   0.0000000E+00
   8.1159420E-01   1.0606960E+05   5.1701998E+04   1.5775807E+05   0.0000000E+00   0.0000000E+00   0.0000000E+00
   8.2608696E-01   9.7256168E+04   4.9545344E+04   1.4678822E+05   1.0521968E-06   0.0000000E+00   6.9714472E-07
   8.4057971E-01   8.8877287E+04   4.4196952E+04   1.3307424E+05   0.0000000E+00   0.0000000E+00   0.0000000E+00
   8.5507246E-01   8.2182323E+04   4.1161798E+04   1.2334412E+05   0.0000000E+00   0.0000000E+00   0.0000000E+00
   8.6956522E-01   7.3045816E+04   3.6295587E+04   1.0932877E+05   0.0000000E+00   0.0000000E+00   0.0000000E+00
   8.8405797E-01   6.6258483E+04   3.2955335E+04   9.9213818E+04   0.0000000E+00   0.0000000E+00   0.0000000E+00
   8.9855072E-01   5.7539102E+04   2.8732886E+04   8.6271988E+04   0.0000000E+00   0.0000000E+00   0.0000000E+00
   9.1304348E-01   4.9818180E+04   2.5486413E+04   7.5304593E+04   0.0000000E+00   0.0000000E+00   0.0000000E+00
   9.2753623E-01   4.2906840E+04   2.0920636E+04   6.3827476E+04   0.0000000E+00   0.0000000E+00   0.0000000E+00
   9.4202899E-01   3.5718542E+04   1.6530317E+04   5.2248859E+04   0.0000000E+00   0.0000000E+00   0.0000000E+00
   9.5652174E-01   2.7955891E+04   1.3799992E+04   4.1744403E+04   4.8306146E-09   0.0000000E+00   3.2350238E-09
   9.7101449E-01   1.8943417E+04   9.5791488E+03   2.8522566E+04   0.0000000E+00   0.0000000E+00   0.0000000E+00
   9.8550725E-01   6.3739027E+03   3.1869513E+03   9.5608540E+03   0.0000000E+00   0.0000000E+00   0.0000000E+00
   1.0000000E+00   0.0000000E+00   0.0000000E+00   0.0000000E+00   0.0000000E+00   0.0000000E+00   0.0000000E+00
