   0.0000000E+00   2.8490899E+05   1.8791870E+05   4.7282769E+05   0.0000000E+00   0.0000000E+00   0.0000000E+00
   1.4492754E-02   3.3113093E+05   1.8261454E+05   5.1374547E+05   0.0000000E+00   0.0000000E+00   0.0000000E+00
   2.8985507E-02   3.5651511E+05   1.7541604E+05   5.3193115E+05   0.0000000E+00   0.0000000E+00   0.0000000E+00
   4.3478261E-02   3.4855887E+05   1.8842386E+05   5.3698273E+05   0.0000000E+00   0.0000000E+00   0.0000000E+00
   5.7971014E-02   3.4950605E+05   1.7617378E+05   5.2567982E+05   0.0000000E+00   0.0000000E+00   0.0000000E+00
   7.2463768E-02   3.5113518E+05   1.7821967E+05   5.2935485E+05   0.0000000E+00   0.0000000E+00   0.0000000E+00
   8.6956522E-02   3.6383990E+05   1.7756296E+05   5.4140286E+05   0.0000000E+00   0.0000000E+00   0.0000000E+00
   1.0144928E-01   3.5862595E+05   1.8369702E+05   5.4232297E+05   0.0000000E+00   0.0000000E+00   0.0000000E+00
   1.1594203E-01   3.6011436E+05   1.8356171E+05   5.4367607E+05   0.0000000E+00   0.0000000E+00   0.0000000E+00
   1.3043478E-01   3.8105736E+05   1.8892901E+05   5.6998637E+05   0.0000000E+00   0.0000000E+00   0.0000000E+00
   1.4492754E-01   3.8311167E+05   1.9216202E+05   5.7519792E+05   0.0000000E+00   0.0000000E+00   0.0000000E+00
   1.5942029E-01   3.8761676E+05   1.9349840E+05   5.8111515E+05   0.0000000E+00   0.0000000E+00   0.0000000E+00
   1.7391304E-01   4.0355793E+05   1.9707468E+05   6.0063261E+05   0.0000000E+00   0.0000000E+00   0.0000000E+00
   1.8840580E-01   4.0241647E+05   1.9945961E+05   6.0181779E+05   0.0000000E+00   0.0000000E+00   0.0000000E+00
   2.0289855E-01   4.1036854E+05   2.0404766E+05   6.1441620E+05   0.0000000E+00   0.0000000E+00   0.0000000E+00
   2.1739130E-01   4.1660363E+05   2.1226730E+05   6.2876990E+05   0.0000000E+00   0.0000000E+00   0.0000000E+00
   2.3188406E-01   4.1850744E+05   2.1183476E+05   6.3034220E+05   0.0000000E+00   0.0000000E+00   0.0000000E+00
   2.4637681E-01   4.3364825E+05   2.1323602E+05   6.4688426E+05   0.0000000E+00   0.0000000E+00   0.0000000E+00
   2.6086957E-01   4.3830858E+05   2.2113282E+05   6.5939930E+05   0.0000000E+00   0.0000000E+00   0.0000000E+00
   2.7536232E-01   4.4211941E+05   2.2189721E+05   6.6393686E+05   0.0000000E+00   0.0000000E+00   0.0000000E+00
   2.8985507E-01   4.5032291E+05   2.2357021E+05   6.7385523E+05   0.0000000E+00   0.0000000E+00   0.0000000E+00
   3.0434783E-01   4.5893585E+05   2.2291892E+05   6.8181868E+05   0.0000000E+00   0.0000000E+00   0.0000000E+00
   3.1884058E-01   4.4961339E+05   2.2880204E+05   6.7841543E+05   0.0000000E+00   0.0000000E+00   0.0000000E+00
   3.3333333E-01   4.4778944E+05   2.2564081E+05   6.7333141E+05   0.0000000E+00   0.0000000E+00   0.0000000E+00
   3.4782609E-01   4.5776767E+05   2.2441635E+05   6.8215245E+05   0.0000000E+00   0.0000000E+00   0.0000000E+00
   3.6231884E-01   4.5112611E+05   2.2659358E+05   6.7771969E+05   0.0000000E+00   0.0000000E+00   0.0000000E+00
   3.7681159E-01   4.4753094E+05   2.2303688E+05   6.7053868E+05   0.0000000E+00   0.0000000E+00   0.0000000E+00
   3.9130435E-01   4.3872954E+05   2.1676882E+05   6.5547030E+05   0.0000000E+00   0.0000000E+00   0.0000000E+00
   4.0579710E-01   4.3526560E+05   2.2253103E+05   6.5771544E+05   0.0000000E+00   0.0000000E+00   0.0000000E+00
   4.2028986E-01   4.3269378E+05   2.1373400E+05   6.4640165E+05   0.0000000E+00   0.0000000E+00   0.0000000E+00
   4.3478261E-01   4.2286759E+05   2.0961522E+05   6.3238178E+05   0.0000000E+00   0.0000000E+00   0.0000000E+00
   4.4927536E-01   4.0988666E+05   2.0808427E+05   6.1794649E+05   0.0000000E+00   0.0000000E+00   0.0000000E+00
   4.6376812E-01   3.9826167E+05   2.0172371E+05   5.9998538E+05   0.0000000E+00   0.0000000E+00   0.0000000E+00
   4.7826087E-01   3.9287499E+05   1.9363617E+05   5.8644227E+05   0.0000000E+00   0.0000000E+00   0.0000000E+00
   4.9275362E-01   3.7392077E+05   1.9115022E+05   5.6504870E+05   0.0000000E+00   0.0000000E+00   0.0000000E+00
   5.0724638E-01   3.6087751E+05   1.8484445E+05   5.4567866E+05   0.0000000E+00   0.0000000E+00   0.0000000E+00
   5.2173913E-01   3.5123200E+05   1.7514242E+05   5.2631127E+05   0.0000000E+00   0.0000000E+00   0.0000000E+00
   5.3623188E-01   3.3610742E+05   1.7212910E+05   5.0821604E+05   0.0000000E+00   0.0000000E+00   0.0000000E+00
   5.5072464E-01   3.2516874E+05   1.6281368E+05   4.8794254E+05   0.0000000E+00   0.0000000E+00   0.0000000E+00
   5.6521739E-01   3.0867084E+05   1.5582175E+05   4.6451202E+05   0.0000000E+00   0.0000000E+00   0.0000000E+00
   5.7971014E-01   2.9572568E+05   1.5024024E+05   4.4592804E+05   0.0000000E+00   0.0000000E+00   0.0000000E+00
   5.9420290E-01   2.8346745E+05   1.4180765E+05   4.2523813E+05   1.6492950E-05   0.0000000E+00   1.0994344E-05
   6.0869565E-01   2.6872590E+05   1.3307299E+05   4.0178086E+05   0.0000000E+00   0.0000000E+00   0.0000000E+00
   6.2318841E-01   2.5607976E+05   1.2710592E+05   3.8315044E+05   0.0000000E+00   0.0000000E+00   0.0000000E+00
   6.3768116E-01   2.3775711E+05   1.1970517E+05   3.5744506E+05   0.0000000E+00   0.0000000E+00   0.0000000E+00
   6.5217391E-01   2.2738836E+05   1.1108420E+05   3.3843888E+05   0.0000000E+00   0.0000000E+00   0.0000000E+00
   6.6666667E-01   2.1600437E+05   1.0792806E+05   3.2393243E+05   0.0000000E+00   0.0000000E+00   0.0000000E+00
   6.8115942E-01   2.0197713E+05   1.0152059E+05   3.0349773E+05   0.0000000E+00   0.0000000E+00   0.0000000E+00
   6.9565217E-01   1.8746090E+05   9.5080168E+04   2.8252528E+05   0.0000000E+00   0.0000000E+00   0.0000000E+00
   7.1014493E-01   1.7911967E+05   8.8809832E+04   2.6791404E+05   0.0000000E+00   0.0000000E+00   0.0000000E+00
   7.2463768E-01   1.6620196E+05   8.5093830E+04   2.5129579E+05   7.0281450E-06   0.0000000E+00   4.6482732E-06
   7.3913043E-01   1.5279537E+05   7.8299457E+04   2.3109483E+05   3.3119408E-05   0.0000000E+00   2.1897904E-05
   7.5362319E-01   1.4398454E+05   7.1547829E+04   2.1548866E+05   0.0000000E+00   0.0000000E+00   0.0000000E+00
   7.6811594E-01   1.3446252E+05   6.6852391E+04   2.0131491E+05   0.0000000E+00   0.0000000E+00   0.0000000E+00
   7.8260870E-01   1.2668235E+05   6.2878113E+04   1.8954643E+05   0.0000000E+00   0.0000000E+00   0.0000000E+00
   7.9710145E-01   1.1590616E+05   5.7767089E+04   1.7365947E+05   0.0000000E+00   0.0000000E+00   0.0000000E+00
   8.1159420E-01   1.0416173E+05   5.2392079E+04   1.5654028E+05   9.7734841E-06   0.0000000E+00   6.5032657E-06
   8.2608696E-01   9.8146841E+04   4.8335624E+04   1.4645588E+05   0.0000000E+00   0.0000000E+00   0.0000000E+00
   8.4057971E-01   8.9752604E+04   4.4445176E+04   1.3419778E+05   0.0000000E+00   0.0000000E+00   0.0000000E+00
   8.5507246E-01   8.0602634E+04   4.1123269E+04   1.2172590E+05   0.0000000E+00   0.0000000E+00   0.0000000E+00
   8.6956522E-01   7.2376482E+04   3.6674456E+04   1.0902568E+05   0.0000000E+00   0.0000000E+00   0.0000000E+00
   8.8405797E-01   6.5177777E+04   3.5017372E+04   1.0019515E+05   0.0000000E+00   0.0000000E+00   0.0000000E+00
   8.9855072E-01   5.6158066E+04   2.9185084E+04   8.5343149E+04   0.0000000E+00   0.0000000E+00   0.0000000E+00
   9.1304348E-01   5.0227117E+04   2.4524208E+04   7.4751325E+04   0.0000000E+00   0.0000000E+00   0.0000000E+00
   9.2753623E-01   4.3060755E+04   2.0719362E+04   6.3780117E+04   0.0000000E+00   0.0000000E+00   0.0000000E+00
   9.4202899E-01   3.5753514E+04   1.7940873E+04   5.3694387E+04   0.0000000E+00   0.0000000E+00   0.0000000E+00
   9.5652174E-01   2.7967372E+04   1.4477363E+04   4.2444735E+04   0.0000000E+00   0.0000000E+00   0.0000000E+00
   9.7101449E-01   1.8626751E+04   9.6583153E+03   2.8285066E+04   0.0000000E+00   0.0000000E+00   0.0000000E+00
   9.8550725E-01   7.1204962E+03   2.9752308E+03   1.0095727E+04   0.0000000E+00   0.0000000E+00   0.0000000E+00
   1.0000000E+00   0.0000000E+00   0.0000000E+00   0.0000000E+00   0.0000000E+00   0.0000000E+00   0.0000000E+00
