   0.0000000E+00   3.5765171E+05   2.1822817E+05   5.7587988E+05   0.0000000E+00   0.0000000E+00   0.0000000E+00
   1.4492754E-02   3.5537850E+05   1.6973302E+05   5.2511152E+05   0.0000000E+00   0.0000000E+00   0.0000000E+00
   2.8985507E-02   3.5272643E+05   1.8678209E+05   5.3950852E+05   0.0000000E+00   0.0000000E+00   0.0000000E+00
   4.3478261E-02   3.5361045E+05   1.8210938E+05   5.3571984E+05   0.0000000E+00   0.0000000E+00   0.0000000E+00
   5.7971014E-02   3.5973549E+05   1.6935415E+05   5.2908964E+05   0.0000000E+00   0.0000000E+00   0.0000000E+00
   7.2463768E-02   3.5204446E+05   1.7200623E+05   5.2405069E+05   0.0000000E+00   0.0000000E+00   0.0000000E+00
   8.6956522E-02   3.5045322E+05   1.8387744E+05   5.3433065E+05   0.0000000E+00   0.0000000E+00   0.0000000E+00
   1.0144928E-01   3.5884244E+05   1.8066608E+05   5.3950852E+05   0.0000000E+00   0.0000000E+00   0.0000000E+00
   1.1594203E-01   3.6740757E+05   1.8289869E+05   5.5030627E+05   0.0000000E+00   0.0000000E+00   0.0000000E+00
   1.3043478E-01   3.7162775E+05   1.8530872E+05   5.5693646E+05   0.0000000E+00   0.0000000E+00   0.0000000E+00
   1.4492754E-01   3.6856312E+05   1.8738828E+05   5.5595141E+05   0.0000000E+00   0.0000000E+00   0.0000000E+00
   1.5942029E-01   3.8713456E+05   1.8860755E+05   5.7574211E+05   0.0000000E+00   0.0000000E+00   0.0000000E+00
   1.7391304E-01   3.9503339E+05   1.9884273E+05   5.9387613E+05   0.0000000E+00   0.0000000E+00   0.0000000E+00
   1.8840580E-01   3.9443109E+05   1.9841044E+05   5.9278324E+05   0.0000000E+00   0.0000000E+00   0.0000000E+00
   2.0289855E-01   4.1063916E+05   2.0664562E+05   6.1728478E+05   0.0000000E+00   0.0000000E+00   0.0000000E+00
   2.1739130E-01   4.1513867E+05   2.0797346E+05   6.2311213E+05   0.0000000E+00   0.0000000E+00   0.0000000E+00
   2.3188406E-01   4.2660575E+05   2.1420269E+05   6.4076108E+05   0.0000000E+00   0.0000000E+00   0.0000000E+00
   2.4637681E-01   4.3462885E+05   2.1448405E+05   6.4902376E+05   0.0000000E+00   0.0000000E+00   0.0000000E+00
   2.6086957E-01   4.3523553E+05   2.1620753E+05   6.5144307E+05   0.0000000E+00   0.0000000E+00   0.0000000E+00
   2.7536232E-01   4.5153130E+05   2.1994304E+05   6.7143446E+05   0.0000000E+00   0.0000000E+00   0.0000000E+00
   2.8985507E-01   4.5127008E+05   2.2819240E+05   6.7946248E+05   0.0000000E+00   0.0000000E+00   0.0000000E+00
   3.0434783E-01   4.5327087E+05   2.2685193E+05   6.7994238E+05   0.0000000E+00   0.0000000E+00   0.0000000E+00
   3.1884058E-01   4.5639858E+05   2.3090303E+05   6.8730162E+05   0.0000000E+00   0.0000000E+00   0.0000000E+00
   3.3333333E-01   4.4966730E+05   2.2682683E+05   6.7646119E+05   0.0000000E+00   0.0000000E+00   0.0000000E+00
   3.4782609E-01   4.5227408E+05   2.3152013E+05   6.8366792E+05   0.0000000E+00   0.0000000E+00   0.0000000E+00
   3.6231884E-01   4.5012590E+05   2.2662389E+05   6.7665886E+05   0.0000000E+00   0.0000000E+00   0.0000000E+00
   3.7681159E-01   4.4980415E+05   2.2947764E+05   6.7922351E+05   0.0000000E+00   0.0000000E+00   0.0000000E+00
   3.9130435E-01   4.4117114E+05   2.2297104E+05   6.6411411E+05   0.0000000E+00   0.0000000E+00   0.0000000E+00
   4.0579710E-01   4.3726819E+05   2.1733512E+05   6.5452212E+05   0.0000000E+00   0.0000000E+00   0.0000000E+00
   4.2028986E-01   4.2171966E+05   2.1927332E+05   6.4096685E+05   0.0000000E+00   0.0000000E+00   0.0000000E+00
   4.3478261E-01   4.2655524E+05   2.1140853E+05   6.3793851E+05   0.0000000E+00   0.0000000E+00   0.0000000E+00
   4.4927536E-01   4.1110882E+05   2.0539553E+05   6.1650434E+05   0.0000000E+00   0.0000000E+00   0.0000000E+00
   4.6376812E-01   3.9982450E+05   2.0295503E+05   6.0273217E+05   0.0000000E+00   0.0000000E+00   0.0000000E+00
   4.7826087E-01   3.8545836E+05   1.9007710E+05   5.7546657E+05   0.0000000E+00   0.0000000E+00   0.0000000E+00
   4.9275362E-01   3.7735287E+05   1.8667066E+05   5.6400124E+05   0.0000000E+00   0.0000000E+00   0.0000000E+00
   5.0724638E-01   3.6667961E+05   1.8057948E+05   5.4723743E+05   0.0000000E+00   0.0000000E+00   0.0000000E+00
   5.2173913E-01   3.5546270E+05   1.7741563E+05   5.3287832E+05   0.0000000E+00   0.0000000E+00   0.0000000E+00
   5.3623188E-01   3.3747954E+05   1.7006069E+05   5.0749926E+05   0.0000000E+00   0.0000000E+00   0.0000000E+00
   5.5072464E-01   3.2289553E+05   1.6323243E+05   4.8612796E+05   0.0000000E+00   0.0000000E+00   0.0000000E+00
   5.6521739E-01   3.1168236E+05   1.5580232E+05   4.6746525E+05   0.0000000E+00   0.0000000E+00   0.0000000E+00
   5.7971014E-01   2.9563097E+05   1.4683043E+05   4.4246139E+05   0.0000000E+00   0.0000000E+00   0.0000000E+00
   5.9420290E-01   2.8490899E+05   1.4099447E+05   4.2586650E+05   0.0000000E+00   0.0000000E+00   0.0000000E+00
   6.0869565E-01   2.6742693E+05   1.3110649E+05   3.9849733E+05   0.0000000E+00   0.0000000E+00   0.0000000E+00
   6.2318841E-01   2.5237918E+05   1.2666538E+05   3.7900932E+05   0.0000000E+00   0.0000000E+00   0.0000000E+00
   6.3768116E-01   2.4046085E+05   1.2041125E+05   3.6085487E+05   0.0000000E+00   0.0000000E+00   0.0000000E+00
   6.5217391E-01   2.2772513E+05   1.1637152E+05   3.4407981E+05   0.0000000E+00   0.0000000E+00   0.0000000E+00
   6.6666667E-01   2.1723981E+05   1.0568779E+05   3.2291114E+05   0.0000000E+00   0.0000000E+00   0.0000000E+00
   6.8115942E-01   2.0070349E+05   1.0008573E+05   3.0077310E+05   0.0000000E+00   0.0000000E+00   0.0000000E+00
   6.9565217E-01   1.8772926E+05   9.2222869E+04   2.7993635E+05   0.0000000E+00   0.0000000E+00   0.0000000E+00
   7.1014493E-01   1.7506810E+05   8.7325287E+04   2.6239339E+05   0.0000000E+00   0.0000000E+00   0.0000000E+00
   7.2463768E-01   1.6753558E+05   8.2168966E+04   2.4970455E+05   0.0000000E+00   0.0000000E+00   0.0000000E+00
   7.3913043E-01   1.5747551E+05   7.7957733E+04   2.3543325E+05   0.0000000E+00   0.0000000E+00   0.0000000E+00
   7.5362319E-01   1.4652005E+05   7.3471315E+04   2.1999136E+05   0.0000000E+00   0.0000000E+00   0.0000000E+00
   7.6811594E-01   1.3336166E+05   6.7152627E+04   2.0049999E+05   0.0000000E+00   0.0000000E+00   0.0000000E+00
   7.8260870E-01   1.2729976E+05   6.3762139E+04   1.9106190E+05   0.0000000E+00   0.0000000E+00   0.0000000E+00
   7.9710145E-01   1.1496932E+05   5.7670650E+04   1.7263997E+05   0.0000000E+00   0.0000000E+00   0.0000000E+00
   8.1159420E-01   1.0533893E+05   5.5138875E+04   1.6045074E+05   0.0000000E+00   0.0000000E+00   0.0000000E+00
   8.2608696E-01   9.8412714E+04   4.8375505E+04   1.4677493E+05   0.0000000E+00   0.0000000E+00   0.0000000E+00
   8.4057971E-01   8.7649231E+04   4.5777747E+04   1.3344004E+05   0.0000000E+00   0.0000000E+00   0.0000000E+00
   8.5507246E-01   8.1296156E+04   3.9389465E+04   1.2068562E+05   0.0000000E+00   0.0000000E+00   0.0000000E+00
   8.6956522E-01   7.3033187E+04   3.6118782E+04   1.0915197E+05   0.0000000E+00   0.0000000E+00   0.0000000E+00
   8.8405797E-01   6.4805119E+04   3.2483302E+04   9.7288421E+04   0.0000000E+00   0.0000000E+00   0.0000000E+00
   8.9855072E-01   5.7209120E+04   2.7535173E+04   8.4732071E+04   0.0000000E+00   0.0000000E+00   0.0000000E+00
   9.1304348E-01   5.1959087E+04   2.5041393E+04   7.7000480E+04   0.0000000E+00   0.0000000E+00   0.0000000E+00
   9.2753623E-01   4.2113584E+04   2.1027193E+04   6.3140777E+04   0.0000000E+00   0.0000000E+00   0.0000000E+00
   9.4202899E-01   3.5054065E+04   1.7241424E+04   5.2295489E+04   0.0000000E+00   0.0000000E+00   0.0000000E+00
   9.5652174E-01   2.8116623E+04   1.3421124E+04   4.1537747E+04   0.0000000E+00   0.0000000E+00   0.0000000E+00
   9.7101449E-01   2.0096986E+04   9.1720067E+03   2.9268993E+04   0.0000000E+00   0.0000000E+00   0.0000000E+00
   9.8550725E-01   6.8864893E+03   3.4878174E+03   1.0374307E+04   0.0000000E+00   0.0000000E+00   0.0000000E+00
   1.0000000E+00   0.0000000E+00   0.0000000E+00   0.0000000E+00   0.0000000E+00   0.0000000E+00   0.0000000E+00
