   0.0000000E+00   4.0008497E+05   1.9398059E+05   5.9406556E+05   0.0000000E+00   0.0000000E+00   0.0000000E+00
   1.4492754E-02   3.5158982E+05   1.9473833E+05   5.4632815E+05   0.0000000E+00   0.0000000E+00   0.0000000E+00
   2.8985507E-02   3.6522908E+05   1.9170738E+05   5.5693646E+05   0.0000000E+00   0.0000000E+00   0.0000000E+00
   4.3478261E-02   3.5537850E+05   1.7074333E+05   5.2612184E+05   0.0000000E+00   0.0000000E+00   0.0000000E+00
   5.7971014E-02   3.5329473E+05   1.7787869E+05   5.3117342E+05   0.0000000E+00   0.0000000E+00   0.0000000E+00
   7.2463768E-02   3.5583315E+05   1.8852489E+05   5.4435803E+05   0.0000000E+00   0.0000000E+00   0.0000000E+00
   8.6956522E-02   3.5916719E+05   1.9297028E+05   5.5213746E+05   0.0000000E+00   0.0000000E+00   0.0000000E+00
   1.0144928E-01   3.5548675E+05   1.8380527E+05   5.3929202E+05   0.0000000E+00   0.0000000E+00   0.0000000E+00
   1.1594203E-01   3.7877362E+05   1.8517190E+05   5.6394553E+05   0.0000000E+00   0.0000000E+00   0.0000000E+00
   1.3043478E-01   3.7238548E+05   1.8640322E+05   5.5878871E+05   0.0000000E+00   0.0000000E+00   0.0000000E+00
   1.4492754E-01   3.8030804E+05   1.8860066E+05   5.6890870E+05   0.0000000E+00   0.0000000E+00   0.0000000E+00
   1.5942029E-01   3.8327699E+05   1.9432502E+05   5.7760201E+05   0.0000000E+00   0.0000000E+00   0.0000000E+00
   1.7391304E-01   3.9080269E+05   1.9764299E+05   5.8844568E+05   0.0000000E+00   0.0000000E+00   0.0000000E+00
   1.8840580E-01   4.0294105E+05   2.0161625E+05   6.0455730E+05   0.0000000E+00   0.0000000E+00   0.0000000E+00
   2.0289855E-01   4.0528088E+05   2.0285694E+05   6.0808369E+05   0.0000000E+00   0.0000000E+00   0.0000000E+00
   2.1739130E-01   4.2210985E+05   2.0570025E+05   6.2781010E+05   0.0000000E+00   0.0000000E+00   0.0000000E+00
   2.3188406E-01   4.2272235E+05   2.1065080E+05   6.3332579E+05   0.0000000E+00   0.0000000E+00   0.0000000E+00
   2.4637681E-01   4.3275679E+05   2.1867389E+05   6.5143068E+05   0.0000000E+00   0.0000000E+00   0.0000000E+00
   2.6086957E-01   4.4479143E+05   2.1898590E+05   6.6377734E+05   0.0000000E+00   0.0000000E+00   0.0000000E+00
   2.7536232E-01   4.5240868E+05   2.1910554E+05   6.7147434E+05   0.0000000E+00   0.0000000E+00   0.0000000E+00
   2.8985507E-01   4.5411159E+05   2.2667693E+05   6.8075064E+05   0.0000000E+00   0.0000000E+00   0.0000000E+00
   3.0434783E-01   4.5597707E+05   2.2530037E+05   6.8124136E+05   0.0000000E+00   0.0000000E+00   0.0000000E+00
   3.1884058E-01   4.6060058E+05   2.2277459E+05   6.8337516E+05   0.0000000E+00   0.0000000E+00   0.0000000E+00
   3.3333333E-01   4.5207229E+05   2.3078024E+05   6.8285253E+05   0.0000000E+00   0.0000000E+00   0.0000000E+00
   3.4782609E-01   4.5341069E+05   2.2782616E+05   6.8123685E+05   0.0000000E+00   0.0000000E+00   0.0000000E+00
   3.6231884E-01   4.4673124E+05   2.2383542E+05   6.7050604E+05   0.0000000E+00   0.0000000E+00   0.0000000E+00
   3.7681159E-01   4.4517030E+05   2.2318260E+05   6.6832376E+05   0.0000000E+00   0.0000000E+00   0.0000000E+00
   3.9130435E-01   4.4232177E+05   2.2381297E+05   6.6607861E+05   0.0000000E+00   0.0000000E+00   0.0000000E+00
   4.0579710E-01   4.3494086E+05   2.1895884E+05   6.5381851E+05   0.0000000E+00   0.0000000E+00   0.0000000E+00
   4.2028986E-01   4.2242514E+05   2.1315917E+05   6.3545366E+05   0.0000000E+00   0.0000000E+00   0.0000000E+00
   4.3478261E-01   4.1584589E+05   2.1423742E+05   6.3000754E+05   0.0000000E+00   0.0000000E+00   0.0000000E+00
   4.4927536E-01   4.1157324E+05   2.0556663E+05   6.1711542E+05   0.0000000E+00   0.0000000E+00   0.0000000E+00
   4.6376812E-01   4.0465507E+05   2.0290768E+05   6.0746803E+05   0.0000000E+00   0.0000000E+00   0.0000000E+00
   4.7826087E-01   3.9372457E+05   1.9508275E+05   5.8871548E+05   0.0000000E+00   0.0000000E+00   0.0000000E+00
   4.9275362E-01   3.7746430E+05   1.8925588E+05   5.6669789E+05   0.0000000E+00   0.0000000E+00   0.0000000E+00
   5.0724638E-01   3.6585692E+05   1.8348053E+05   5.4927250E+05   0.0000000E+00   0.0000000E+00   0.0000000E+00
   5.2173913E-01   3.5297901E+05   1.8006770E+05   5.3292042E+05   0.0000000E+00   0.0000000E+00   0.0000000E+00
   5.3623188E-01   3.3874926E+05   1.6829946E+05   5.0692584E+05   0.0000000E+00   0.0000000E+00   0.0000000E+00
   5.5072464E-01   3.2345386E+05   1.6385059E+05   4.8724463E+05   0.0000000E+00   0.0000000E+00   0.0000000E+00
   5.6521739E-01   3.0729137E+05   1.5347082E+05   4.6074276E+05   0.0000000E+00   0.0000000E+00   0.0000000E+00
   5.7971014E-01   2.9049730E+05   1.4819435E+05   4.3867271E+05   0.0000000E+00   0.0000000E+00   0.0000000E+00
   5.9420290E-01   2.8561129E+05   1.4221424E+05   4.2777008E+05   0.0000000E+00   0.0000000E+00   0.0000000E+00
   6.0869565E-01   2.6643465E+05   1.3374052E+05   4.0012105E+05   0.0000000E+00   0.0000000E+00   0.0000000E+00
   6.2318841E-01   2.5248491E+05   1.2640105E+05   3.7888596E+05   0.0000000E+00   0.0000000E+00   0.0000000E+00
   6.3768116E-01   2.3746434E+05   1.2034236E+05   3.5777226E+05   0.0000000E+00   0.0000000E+00   0.0000000E+00
   6.5217391E-01   2.2669798E+05   1.1455295E+05   3.4121725E+05   0.0000000E+00   0.0000000E+00   0.0000000E+00
   6.6666667E-01   2.1793166E+05   1.0595136E+05   3.2383360E+05   0.0000000E+00   0.0000000E+00   0.0000000E+00
   6.8115942E-01   1.9722112E+05   1.0090796E+05   2.9808071E+05   0.0000000E+00   0.0000000E+00   0.0000000E+00
   6.9565217E-01   1.8763455E+05   9.4417148E+04   2.8203591E+05   0.0000000E+00   0.0000000E+00   0.0000000E+00
   7.1014493E-01   1.7410933E+05   8.9103648E+04   2.6321298E+05   0.0000000E+00   0.0000000E+00   0.0000000E+00
   7.2463768E-01   1.6695970E+05   8.3669285E+04   2.5064414E+05   0.0000000E+00   0.0000000E+00   0.0000000E+00
   7.3913043E-01   1.5757952E+05   7.7289142E+04   2.3485380E+05   0.0000000E+00   0.0000000E+00   0.0000000E+00
   7.5362319E-01   1.4345995E+05   7.1708120E+04   2.1515350E+05   0.0000000E+00   0.0000000E+00   0.0000000E+00
   7.6811594E-01   1.3419088E+05   6.7409971E+04   2.0158655E+05   0.0000000E+00   0.0000000E+00   0.0000000E+00
   7.8260870E-01   1.2588251E+05   6.2246665E+04   1.8811515E+05   0.0000000E+00   0.0000000E+00   0.0000000E+00
   7.9710145E-01   1.1567195E+05   5.6706258E+04   1.7237821E+05   0.0000000E+00   0.0000000E+00   0.0000000E+00
   8.1159420E-01   1.0558249E+05   5.5017096E+04   1.6059958E+05   0.0000000E+00   0.0000000E+00   0.0000000E+00
   8.2608696E-01   9.8253190E+04   4.9013599E+04   1.4725350E+05   0.0000000E+00   0.0000000E+00   0.0000000E+00
   8.4057971E-01   8.8576805E+04   4.4471305E+04   1.3304811E+05   0.0000000E+00   0.0000000E+00   0.0000000E+00
   8.5507246E-01   7.9549509E+04   4.0172887E+04   1.1970955E+05   0.0000000E+00   0.0000000E+00   0.0000000E+00
   8.6956522E-01   7.2843753E+04   3.6118782E+04   1.0894991E+05   0.0000000E+00   0.0000000E+00   0.0000000E+00
   8.8405797E-01   6.5215042E+04   3.2706897E+04   9.7909517E+04   0.0000000E+00   0.0000000E+00   0.0000000E+00
   8.9855072E-01   5.6292503E+04   2.9258413E+04   8.5550916E+04   0.0000000E+00   0.0000000E+00   0.0000000E+00
   9.1304348E-01   5.0251172E+04   2.5149641E+04   7.5400814E+04   0.0000000E+00   0.0000000E+00   0.0000000E+00
   9.2753623E-01   4.2575330E+04   2.2886016E+04   6.5461346E+04   0.0000000E+00   0.0000000E+00   0.0000000E+00
   9.4202899E-01   3.6464621E+04   1.7381314E+04   5.3845935E+04   0.0000000E+00   0.0000000E+00   0.0000000E+00
   9.5652174E-01   2.6922614E+04   1.3972205E+04   4.0894819E+04   0.0000000E+00   0.0000000E+00   0.0000000E+00
   9.7101449E-01   1.8875560E+04   9.6922439E+03   2.8567804E+04   0.0000000E+00   0.0000000E+00   0.0000000E+00
   9.8550725E-01   6.7973438E+03   3.1089490E+03   9.9062928E+03   0.0000000E+00   0.0000000E+00   0.0000000E+00
   1.0000000E+00   0.0000000E+00   0.0000000E+00   0.0000000E+00   0.0000000E+00   0.0000000E+00   0.0000000E+00
