   0.0000000E+00   3.8189929E+05   1.3336166E+05   5.1526095E+05   0.0000000E+00   0.0000000E+00   0.0000000E+00
   1.4492754E-02   3.4098151E+05   1.7124849E+05   5.1223000E+05   0.0000000E+00   0.0000000E+00   0.0000000E+00
   2.8985507E-02   3.2734225E+05   1.6897528E+05   4.9631753E+05   0.0000000E+00   0.0000000E+00   0.0000000E+00
   4.3478261E-02   3.4931661E+05   1.7882586E+05   5.2814247E+05   0.0000000E+00   0.0000000E+00   0.0000000E+00
   5.7971014E-02   3.5196869E+05   1.7806812E+05   5.3003681E+05   0.0000000E+00   0.0000000E+00   0.0000000E+00
   7.2463768E-02   3.5325684E+05   1.7352170E+05   5.2677854E+05   0.0000000E+00   0.0000000E+00   0.0000000E+00
   8.6956522E-02   3.5537850E+05   1.7819441E+05   5.3357292E+05   0.0000000E+00   0.0000000E+00   0.0000000E+00
   1.0144928E-01   3.6761054E+05   1.8218155E+05   5.4979209E+05   0.0000000E+00   0.0000000E+00   0.0000000E+00
   1.1594203E-01   3.6920720E+05   1.7778397E+05   5.4699117E+05   0.0000000E+00   0.0000000E+00   0.0000000E+00
   1.3043478E-01   3.6640778E+05   1.9827443E+05   5.6468222E+05   0.0000000E+00   0.0000000E+00   0.0000000E+00
   1.4492754E-01   3.8250548E+05   1.9087387E+05   5.7337935E+05   0.0000000E+00   0.0000000E+00   0.0000000E+00
   1.5942029E-01   3.8933889E+05   1.9639157E+05   5.8573046E+05   0.0000000E+00   0.0000000E+00   0.0000000E+00
   1.7391304E-01   3.9680144E+05   1.9587493E+05   5.9261323E+05   0.0000000E+00   0.0000000E+00   0.0000000E+00
   1.8840580E-01   4.0917781E+05   1.9526291E+05   6.0444072E+05   0.0000000E+00   0.0000000E+00   0.0000000E+00
   2.0289855E-01   4.1334536E+05   1.9874351E+05   6.1208887E+05   0.0000000E+00   0.0000000E+00   0.0000000E+00
   2.1739130E-01   4.1645208E+05   2.0994358E+05   6.2639566E+05   0.0000000E+00   0.0000000E+00   0.0000000E+00
   2.3188406E-01   4.2125424E+05   2.0856702E+05   6.2986862E+05   0.0000000E+00   0.0000000E+00   0.0000000E+00
   2.4637681E-01   4.3164247E+05   2.1479606E+05   6.4639396E+05   0.0000000E+00   0.0000000E+00   0.0000000E+00
   2.6086957E-01   4.3957147E+05   2.1713366E+05   6.5666303E+05   0.0000000E+00   0.0000000E+00   0.0000000E+00
   2.7536232E-01   4.4299679E+05   2.2496803E+05   6.6796483E+05   0.0000000E+00   0.0000000E+00   0.0000000E+00
   2.8985507E-01   4.4706464E+05   2.2463104E+05   6.7161991E+05   0.0000000E+00   0.0000000E+00   0.0000000E+00
   3.0434783E-01   4.5197189E+05   2.2919731E+05   6.8102487E+05   0.0000000E+00   0.0000000E+00   0.0000000E+00
   3.1884058E-01   4.5288544E+05   2.2563332E+05   6.7848432E+05   0.0000000E+00   0.0000000E+00   0.0000000E+00
   3.3333333E-01   4.5810124E+05   2.2916593E+05   6.8716834E+05   0.0000000E+00   0.0000000E+00   0.0000000E+00
   3.4782609E-01   4.5353698E+05   2.2129068E+05   6.7466980E+05   0.0000000E+00   0.0000000E+00   0.0000000E+00
   3.6231884E-01   4.5124735E+05   2.2304737E+05   6.7420379E+05   0.0000000E+00   0.0000000E+00   0.0000000E+00
   3.7681159E-01   4.4849269E+05   2.2452321E+05   6.7298675E+05   0.0000000E+00   0.0000000E+00   0.0000000E+00
   3.9130435E-01   4.4007663E+05   2.2516005E+05   6.6520862E+05   0.0000000E+00   0.0000000E+00   0.0000000E+00
   4.0579710E-01   4.3396662E+05   2.1611733E+05   6.5002983E+05   0.0000000E+00   0.0000000E+00   0.0000000E+00
   4.2028986E-01   4.2979347E+05   2.1161757E+05   6.4141104E+05   0.0000000E+00   0.0000000E+00   0.0000000E+00
   4.3478261E-01   4.2382739E+05   2.1443948E+05   6.3821635E+05   0.0000000E+00   0.0000000E+00   0.0000000E+00
   4.4927536E-01   4.1448197E+05   2.0827982E+05   6.2268845E+05   0.0000000E+00   0.0000000E+00   0.0000000E+00
   4.6376812E-01   4.0527073E+05   1.9857437E+05   6.0379774E+05   0.0000000E+00   0.0000000E+00   0.0000000E+00
   4.7826087E-01   3.8780045E+05   1.9574864E+05   5.8352613E+05   0.0000000E+00   0.0000000E+00   0.0000000E+00
   4.9275362E-01   3.7247215E+05   1.8912216E+05   5.6154974E+05   0.0000000E+00   0.0000000E+00   0.0000000E+00
   5.0724638E-01   3.6977550E+05   1.8070937E+05   5.5044158E+05   0.0000000E+00   0.0000000E+00   0.0000000E+00
   5.2173913E-01   3.5146353E+05   1.7573177E+05   5.2713215E+05   3.5593806E-06   0.0000000E+00   2.3732047E-06
   5.3623188E-01   3.3946603E+05   1.7141233E+05   5.1077596E+05   0.0000000E+00   0.0000000E+00   0.0000000E+00
   5.5072464E-01   3.2341398E+05   1.6105893E+05   4.8439315E+05   0.0000000E+00   0.0000000E+00   0.0000000E+00
   5.6521739E-01   3.0923428E+05   1.5690978E+05   4.6608578E+05   0.0000000E+00   0.0000000E+00   0.0000000E+00
   5.7971014E-01   2.9801784E+05   1.5025918E+05   4.4825808E+05   0.0000000E+00   0.0000000E+00   0.0000000E+00
   5.9420290E-01   2.8415126E+05   1.4093902E+05   4.2507180E+05   0.0000000E+00   0.0000000E+00   0.0000000E+00
   6.0869565E-01   2.6585733E+05   1.3810653E+05   4.0396386E+05   0.0000000E+00   0.0000000E+00   0.0000000E+00
   6.2318841E-01   2.5422947E+05   1.2789890E+05   3.8211075E+05   0.0000000E+00   0.0000000E+00   0.0000000E+00
   6.3768116E-01   2.3899704E+05   1.1825859E+05   3.5725563E+05   0.0000000E+00   0.0000000E+00   0.0000000E+00
   6.5217391E-01   2.2794403E+05   1.1384573E+05   3.4175608E+05   0.0000000E+00   0.0000000E+00   0.0000000E+00
   6.6666667E-01   2.1628441E+05   1.0756566E+05   3.2383360E+05   0.0000000E+00   0.0000000E+00   0.0000000E+00
   6.8115942E-01   2.0123552E+05   1.0177855E+05   3.0298182E+05   0.0000000E+00   0.0000000E+00   0.0000000E+00
   6.9565217E-01   1.8900794E+05   9.5174885E+04   2.8418283E+05   0.0000000E+00   0.0000000E+00   0.0000000E+00
   7.1014493E-01   1.7556295E+05   8.8083024E+04   2.6364597E+05   0.0000000E+00   0.0000000E+00   0.0000000E+00
   7.2463768E-01   1.6882373E+05   8.3926915E+04   2.5272034E+05   0.0000000E+00   0.0000000E+00   0.0000000E+00
   7.3913043E-01   1.5457828E+05   7.7378287E+04   2.3192686E+05   0.0000000E+00   0.0000000E+00   0.0000000E+00
   7.5362319E-01   1.4491714E+05   7.2028701E+04   2.1694584E+05   0.0000000E+00   0.0000000E+00   0.0000000E+00
   7.6811594E-01   1.3673573E+05   6.7381377E+04   2.0411711E+05   0.0000000E+00   0.0000000E+00   0.0000000E+00
   7.8260870E-01   1.2548961E+05   6.4744390E+04   1.9021997E+05   0.0000000E+00   0.0000000E+00   0.0000000E+00
   7.9710145E-01   1.1469378E+05   5.7284893E+04   1.7196490E+05   0.0000000E+00   0.0000000E+00   0.0000000E+00
   8.1159420E-01   1.0711149E+05   5.2202645E+04   1.5930061E+05   0.0000000E+00   0.0000000E+00   0.0000000E+00
   8.2608696E-01   9.5594465E+04   4.9239591E+04   1.4483406E+05   0.0000000E+00   0.0000000E+00   0.0000000E+00
   8.4057971E-01   8.8224066E+04   4.4445176E+04   1.3266924E+05   0.0000000E+00   0.0000000E+00   0.0000000E+00
   8.5507246E-01   7.9421079E+04   3.9222506E+04   1.1864358E+05   0.0000000E+00   0.0000000E+00   0.0000000E+00
   8.6956522E-01   7.2086017E+04   3.6737600E+04   1.0881099E+05   0.0000000E+00   0.0000000E+00   0.0000000E+00
   8.8405797E-01   6.3674725E+04   3.2595099E+04   9.6269825E+04   0.0000000E+00   0.0000000E+00   0.0000000E+00
   8.9855072E-01   5.6500269E+04   2.8708443E+04   8.5196491E+04   0.0000000E+00   0.0000000E+00   0.0000000E+00
   9.1304348E-01   4.9758042E+04   2.5149641E+04   7.4907684E+04   0.0000000E+00   0.0000000E+00   0.0000000E+00
   9.2753623E-01   4.2125424E+04   2.1157429E+04   6.3282853E+04   0.0000000E+00   0.0000000E+00   0.0000000E+00
   9.4202899E-01   3.5543679E+04   1.7101534E+04   5.2645213E+04   0.0000000E+00   0.0000000E+00   0.0000000E+00
   9.5652174E-01   2.7129269E+04   1.3685184E+04   4.0814453E+04   0.0000000E+00   0.0000000E+00   0.0000000E+00
   9.7101449E-01   1.9802939E+04   9.6583153E+03   2.9461255E+04   0.0000000E+00   0.0000000E+00   0.0000000E+00
   9.8550725E-01   6.5633369E+03   2.9306581E+03   9.4939949E+03   0.0000000E+00   0.0000000E+00   0.0000000E+00
   1.0000000E+00   0.0000000E+00   0.0000000E+00   0.0000000E+00   0.0000000E+00   0.0000000E+00   0.0000000E+00
