   0.0000000E+00   3.0309467E+05   1.8791870E+05   4.9101337E+05   0.0000000E+00   0.0000000E+00   0.0000000E+00
   1.4492754E-02   3.4098151E+05   1.5685149E+05   4.9783300E+05   0.0000000E+00   0.0000000E+00   0.0000000E+00
   2.8985507E-02   3.5234756E+05   1.5874584E+05   5.1109339E+05   0.0000000E+00   0.0000000E+00   0.0000000E+00
   4.3478261E-02   3.4199182E+05   1.7756296E+05   5.1955479E+05   0.0000000E+00   0.0000000E+00   0.0000000E+00
   5.7971014E-02   3.4761170E+05   1.8318284E+05   5.3079455E+05   0.0000000E+00   0.0000000E+00   0.0000000E+00
   7.2463768E-02   3.7295800E+05   1.8064443E+05   5.5360242E+05   0.0000000E+00   0.0000000E+00   0.0000000E+00
   8.6956522E-02   3.6308216E+05   1.8413001E+05   5.4721218E+05   0.0000000E+00   0.0000000E+00   0.0000000E+00
   1.0144928E-01   3.5343004E+05   1.8109907E+05   5.3452911E+05   0.0000000E+00   0.0000000E+00   0.0000000E+00
   1.1594203E-01   3.7233286E+05   1.8195152E+05   5.5428438E+05   0.0000000E+00   0.0000000E+00   0.0000000E+00
   1.3043478E-01   3.7423773E+05   1.8126745E+05   5.5550518E+05   0.0000000E+00   0.0000000E+00   0.0000000E+00
   1.4492754E-01   3.7871679E+05   1.9322285E+05   5.7186388E+05   0.0000000E+00   0.0000000E+00   0.0000000E+00
   1.5942029E-01   3.8734122E+05   1.9081187E+05   5.7801532E+05   0.0000000E+00   0.0000000E+00   0.0000000E+00
   1.7391304E-01   3.8543539E+05   1.9852701E+05   5.8389926E+05   0.0000000E+00   0.0000000E+00   0.0000000E+00
   1.8840580E-01   4.0317420E+05   1.9695325E+05   6.0006917E+05   0.0000000E+00   0.0000000E+00   0.0000000E+00
   2.0289855E-01   4.0501026E+05   2.0453478E+05   6.0949091E+05   0.0000000E+00   0.0000000E+00   0.0000000E+00
   2.1739130E-01   4.1296649E+05   2.0832707E+05   6.2124305E+05   0.0000000E+00   0.0000000E+00   0.0000000E+00
   2.3188406E-01   4.2291179E+05   2.1249778E+05   6.3540957E+05   0.0000000E+00   0.0000000E+00   0.0000000E+00
   2.4637681E-01   4.2700691E+05   2.1898590E+05   6.4599281E+05   0.0000000E+00   0.0000000E+00   0.0000000E+00
   2.6086957E-01   4.3317280E+05   2.2079605E+05   6.5384257E+05   0.0000000E+00   0.0000000E+00   0.0000000E+00
   2.7536232E-01   4.4347536E+05   2.1942459E+05   6.6293984E+05   0.0000000E+00   0.0000000E+00   0.0000000E+00
   2.8985507E-01   4.4812547E+05   2.2050138E+05   6.6851319E+05   0.0000000E+00   0.0000000E+00   0.0000000E+00
   3.0434783E-01   4.4937394E+05   2.1920240E+05   6.6850417E+05   0.0000000E+00   0.0000000E+00   0.0000000E+00
   3.1884058E-01   4.6180607E+05   2.2828540E+05   6.9005702E+05   0.0000000E+00   0.0000000E+00   0.0000000E+00
   3.3333333E-01   4.5612454E+05   2.2623382E+05   6.8229247E+05   0.0000000E+00   0.0000000E+00   0.0000000E+00
   3.4782609E-01   4.4671735E+05   2.2577396E+05   6.7242816E+05   0.0000000E+00   0.0000000E+00   0.0000000E+00
   3.6231884E-01   4.4612505E+05   2.2538120E+05   6.7144563E+05   0.0000000E+00   0.0000000E+00   0.0000000E+00
   3.7681159E-01   4.5231051E+05   2.2510608E+05   6.7735831E+05   0.0000000E+00   0.0000000E+00   0.0000000E+00
   3.9130435E-01   4.4554917E+05   2.2316749E+05   6.6866053E+05   0.0000000E+00   0.0000000E+00   0.0000000E+00
   4.0579710E-01   4.3726819E+05   2.1987895E+05   6.5712008E+05   0.0000000E+00   0.0000000E+00   0.0000000E+00
   4.2028986E-01   4.2877445E+05   2.1545851E+05   6.4412844E+05   0.0000000E+00   0.0000000E+00   0.0000000E+00
   4.3478261E-01   4.2011448E+05   2.0835233E+05   6.2831526E+05   0.0000000E+00   0.0000000E+00   0.0000000E+00
   4.4927536E-01   4.1448197E+05   2.0471112E+05   6.1911976E+05   0.0000000E+00   0.0000000E+00   0.0000000E+00
   4.6376812E-01   4.0801753E+05   2.0153428E+05   6.0945709E+05   0.0000000E+00   0.0000000E+00   0.0000000E+00
   4.7826087E-01   3.8883373E+05   1.9297028E+05   5.8178104E+05   0.0000000E+00   0.0000000E+00   0.0000000E+00
   4.9275362E-01   3.7597111E+05   1.8872101E+05   5.6466983E+05   0.0000000E+00   0.0000000E+00   0.0000000E+00
   5.0724638E-01   3.6704765E+05   1.8395682E+05   5.5096117E+05   0.0000000E+00   0.0000000E+00   0.0000000E+00
   5.2173913E-01   3.5068475E+05   1.7939416E+05   5.3005786E+05   0.0000000E+00   0.0000000E+00   0.0000000E+00
   5.3623188E-01   3.4083815E+05   1.7065459E+05   5.1141082E+05   0.0000000E+00   0.0000000E+00   0.0000000E+00
   5.5072464E-01   3.2351368E+05   1.6297321E+05   4.8642707E+05   0.0000000E+00   0.0000000E+00   0.0000000E+00
   5.6521739E-01   3.0933143E+05   1.5273251E+05   4.6200566E+05   0.0000000E+00   0.0000000E+00   0.0000000E+00
   5.7971014E-01   2.9458908E+05   1.4982349E+05   4.4437468E+05   0.0000000E+00   0.0000000E+00   0.0000000E+00
   5.9420290E-01   2.8269123E+05   1.3968229E+05   4.2233655E+05   0.0000000E+00   0.0000000E+00   0.0000000E+00
   6.0869565E-01   2.6780579E+05   1.3193639E+05   3.9967002E+05   0.0000000E+00   0.0000000E+00   0.0000000E+00
   6.2318841E-01   2.5463477E+05   1.2874475E+05   3.8334428E+05   0.0000000E+00   0.0000000E+00   0.0000000E+00
   6.3768116E-01   2.4078805E+05   1.2159952E+05   3.6237035E+05   0.0000000E+00   0.0000000E+00   0.0000000E+00
   6.5217391E-01   2.2439109E+05   1.1313851E+05   3.3742856E+05   0.0000000E+00   0.0000000E+00   0.0000000E+00
   6.6666667E-01   2.1565845E+05   1.0502889E+05   3.2068734E+05   0.0000000E+00   0.0000000E+00   0.0000000E+00
   6.8115942E-01   2.0402463E+05   9.8054351E+04   3.0204674E+05   0.0000000E+00   0.0000000E+00   0.0000000E+00
   6.9565217E-01   1.8992354E+05   9.7085013E+04   2.8700856E+05   0.0000000E+00   0.0000000E+00   0.0000000E+00
   7.1014493E-01   1.8213516E+05   8.7820135E+04   2.6995529E+05   0.0000000E+00   0.0000000E+00   0.0000000E+00
   7.2463768E-01   1.6286792E+05   8.3214643E+04   2.4603710E+05   0.0000000E+00   0.0000000E+00   0.0000000E+00
   7.3913043E-01   1.5503887E+05   7.8433176E+04   2.3347204E+05   0.0000000E+00   0.0000000E+00   0.0000000E+00
   7.5362319E-01   1.4745264E+05   7.3107018E+04   2.2055966E+05   0.0000000E+00   0.0000000E+00   0.0000000E+00
   7.6811594E-01   1.3470557E+05   6.8282083E+04   2.0297335E+05   0.0000000E+00   2.7222996E-09   9.1580635E-10
   7.8260870E-01   1.2372156E+05   6.1867797E+04   1.8558936E+05   0.0000000E+00   0.0000000E+00   0.0000000E+00
   7.9710145E-01   1.1648479E+05   5.7849752E+04   1.7432077E+05   0.0000000E+00   0.0000000E+00   0.0000000E+00
   8.1159420E-01   1.0705737E+05   5.4394669E+04   1.6145204E+05   0.0000000E+00   0.0000000E+00   0.0000000E+00
   8.2608696E-01   9.9529378E+04   4.8920544E+04   1.4844992E+05   0.0000000E+00   0.0000000E+00   0.0000000E+00
   8.4057971E-01   8.6956817E+04   4.4432111E+04   1.3138893E+05   0.0000000E+00   0.0000000E+00   0.0000000E+00
   8.5507246E-01   8.0088915E+04   4.0249945E+04   1.2033886E+05   0.0000000E+00   0.0000000E+00   0.0000000E+00
   8.6956522E-01   7.3336282E+04   3.5499964E+04   1.0883625E+05   0.0000000E+00   0.0000000E+00   0.0000000E+00
   8.8405797E-01   6.4755432E+04   3.2222442E+04   9.6977874E+04   0.0000000E+00   0.0000000E+00   0.0000000E+00
   8.9855072E-01   5.7942413E+04   2.9600617E+04   8.7530809E+04   0.0000000E+00   0.0000000E+00   0.0000000E+00
   9.1304348E-01   4.9926428E+04   2.4704621E+04   7.4631050E+04   0.0000000E+00   0.0000000E+00   0.0000000E+00
   9.2753623E-01   4.2243820E+04   2.1607335E+04   6.3851155E+04   0.0000000E+00   0.0000000E+00   0.0000000E+00
   9.4202899E-01   3.5788486E+04   1.7427944E+04   5.3216430E+04   0.0000000E+00   0.0000000E+00   0.0000000E+00
   9.5652174E-01   2.7760717E+04   1.4328112E+04   4.2088829E+04   0.0000000E+00   0.0000000E+00   0.0000000E+00
   9.7101449E-01   1.9282702E+04   9.6130773E+03   2.8895780E+04   0.0000000E+00   0.0000000E+00   0.0000000E+00
   9.8550725E-01   6.3516163E+03   3.2872400E+03   9.6388563E+03   0.0000000E+00   0.0000000E+00   0.0000000E+00
   1.0000000E+00   0.0000000E+00   0.0000000E+00   0.0000000E+00   0.0000000E+00   0.0000000E+00   0.0000000E+00
