   0.0000000E+00   3.9402308E+05   2.1216627E+05   6.0618935E+05   0.0000000E+00   0.0000000E+00   0.0000000E+00
   1.4492754E-02   3.3491961E+05   1.6594433E+05   5.0086395E+05   0.0000000E+00   0.0000000E+00   0.0000000E+00
   2.8985507E-02   3.7356419E+05   1.7390057E+05   5.4746475E+05   0.0000000E+00   0.0000000E+00   0.0000000E+00
   4.3478261E-02   3.5083208E+05   1.7099591E+05   5.2182800E+05   0.0000000E+00   0.0000000E+00   0.0000000E+00
   5.7971014E-02   3.4609623E+05   1.7825755E+05   5.2435379E+05   0.0000000E+00   0.0000000E+00   0.0000000E+00
   7.2463768E-02   3.4810423E+05   1.7912895E+05   5.2723318E+05   0.0000000E+00   0.0000000E+00   0.0000000E+00
   8.6956522E-02   3.4704340E+05   1.7642636E+05   5.2346976E+05   0.0000000E+00   0.0000000E+00   0.0000000E+00
   1.0144928E-01   3.6306412E+05   1.8044958E+05   5.4351370E+05   0.0000000E+00   0.0000000E+00   0.0000000E+00
   1.1594203E-01   3.6409248E+05   1.8772926E+05   5.5182174E+05   0.0000000E+00   0.0000000E+00   0.0000000E+00
   1.3043478E-01   3.7465869E+05   1.8219358E+05   5.5685227E+05   0.0000000E+00   0.0000000E+00   0.0000000E+00
   1.4492754E-01   3.8788541E+05   1.8905530E+05   5.7686494E+05   0.0000000E+00   0.0000000E+00   0.0000000E+00
   1.5942029E-01   3.8362142E+05   1.8743650E+05   5.7105792E+05   0.0000000E+00   0.0000000E+00   0.0000000E+00
   1.7391304E-01   3.9528597E+05   1.9688525E+05   5.9217122E+05   0.0000000E+00   0.0000000E+00   0.0000000E+00
   1.8840580E-01   3.9967696E+05   2.0208254E+05   6.0175950E+05   0.0000000E+00   0.0000000E+00   0.0000000E+00
   2.0289855E-01   4.0971905E+05   2.0410179E+05   6.1382084E+05   0.0000000E+00   0.0000000E+00   0.0000000E+00
   2.1739130E-01   4.2185727E+05   2.0893326E+05   6.3068950E+05   0.0000000E+00   0.0000000E+00   0.0000000E+00
   2.3188406E-01   4.3020500E+05   2.1207155E+05   6.4222920E+05   0.0000000E+00   0.0000000E+00   0.0000000E+00
   2.4637681E-01   4.2807665E+05   2.1479606E+05   6.4282814E+05   0.0000000E+00   0.0000000E+00   0.0000000E+00
   2.6086957E-01   4.3258345E+05   2.1633382E+05   6.4883308E+05   0.0000000E+00   0.0000000E+00   0.0000000E+00
   2.7536232E-01   4.4554917E+05   2.1675257E+05   6.6226186E+05   0.0000000E+00   0.0000000E+00   0.0000000E+00
   2.8985507E-01   4.4918631E+05   2.2425217E+05   6.7343848E+05   0.0000000E+00   0.0000000E+00   0.0000000E+00
   3.0434783E-01   4.5027600E+05   2.2717667E+05   6.7745268E+05   0.0000000E+00   0.0000000E+00   0.0000000E+00
   3.1884058E-01   4.5877512E+05   2.2694214E+05   6.8561393E+05   0.0000000E+00   0.0000000E+00   0.0000000E+00
   3.3333333E-01   4.6165931E+05   2.3127441E+05   6.9286783E+05   0.0000000E+00   0.0000000E+00   0.0000000E+00
   3.4782609E-01   4.5195836E+05   2.2460578E+05   6.7656414E+05   0.0000000E+00   0.0000000E+00   0.0000000E+00
   3.6231884E-01   4.4903476E+05   2.2268366E+05   6.7165780E+05   0.0000000E+00   0.0000000E+00   0.0000000E+00
   3.7681159E-01   4.4234336E+05   2.2633012E+05   6.6867348E+05   0.0000000E+00   0.0000000E+00   0.0000000E+00
   3.9130435E-01   4.4324790E+05   2.1587076E+05   6.5906253E+05   0.0000000E+00   0.0000000E+00   0.0000000E+00
   4.0579710E-01   4.3304651E+05   2.1776811E+05   6.5081463E+05   0.0000000E+00   0.0000000E+00   0.0000000E+00
   4.2028986E-01   4.3287668E+05   2.1331594E+05   6.4619262E+05   0.0000000E+00   0.0000000E+00   0.0000000E+00
   4.3478261E-01   4.2395367E+05   2.1229256E+05   6.3617046E+05   0.0000000E+00   0.0000000E+00   0.0000000E+00
   4.4927536E-01   4.1589967E+05   2.0537108E+05   6.2114854E+05   0.0000000E+00   0.0000000E+00   0.0000000E+00
   4.6376812E-01   4.0122157E+05   2.0004248E+05   6.0116934E+05   0.0000000E+00   0.0000000E+00   0.0000000E+00
   4.7826087E-01   3.8839745E+05   1.9471537E+05   5.8304394E+05   0.0000000E+00   0.0000000E+00   0.0000000E+00
   4.9275362E-01   3.7191499E+05   1.9032563E+05   5.6221833E+05   0.0000000E+00   0.0000000E+00   0.0000000E+00
   5.0724638E-01   3.6698270E+05   1.8166196E+05   5.4860136E+05   0.0000000E+00   0.0000000E+00   0.0000000E+00
   5.2173913E-01   3.5022169E+05   1.7840489E+05   5.2858448E+05   0.0000000E+00   0.0000000E+00   0.0000000E+00
   5.3623188E-01   3.3717235E+05   1.6815611E+05   5.0528749E+05   0.0000000E+00   0.0000000E+00   0.0000000E+00
   5.5072464E-01   3.2548779E+05   1.6155744E+05   4.8698540E+05   0.0000000E+00   0.0000000E+00   0.0000000E+00
   5.6521739E-01   3.0597019E+05   1.5603547E+05   4.6196680E+05   0.0000000E+00   0.0000000E+00   0.0000000E+00
   5.7971014E-01   2.9690018E+05   1.4446250E+05   4.4136268E+05   0.0000000E+00   0.0000000E+00   0.0000000E+00
   5.9420290E-01   2.8544495E+05   1.4178917E+05   4.2723412E+05   0.0000000E+00   0.0000000E+00   0.0000000E+00
   6.0869565E-01   2.6901456E+05   1.3493125E+05   4.0392778E+05   0.0000000E+00   0.0000000E+00   0.0000000E+00
   6.2318841E-01   2.5392990E+05   1.3034833E+05   3.8422536E+05   0.0000000E+00   0.0000000E+00   0.0000000E+00
   6.3768116E-01   2.3763656E+05   1.2104844E+05   3.5868499E+05   0.0000000E+00   0.0000000E+00   0.0000000E+00
   6.5217391E-01   2.2915641E+05   1.1712925E+05   3.4628566E+05   0.0000000E+00   0.0000000E+00   0.0000000E+00
   6.6666667E-01   2.1254514E+05   1.0787864E+05   3.2040731E+05   0.0000000E+00   0.0000000E+00   0.0000000E+00
   6.8115942E-01   2.0130001E+05   1.0106918E+05   3.0235306E+05   0.0000000E+00   0.0000000E+00   0.0000000E+00
   6.9565217E-01   1.8755562E+05   9.4796016E+04   2.8233585E+05   0.0000000E+00   0.0000000E+00   0.0000000E+00
   7.1014493E-01   1.7845472E+05   8.9119112E+04   2.6755837E+05   0.0000000E+00   0.0000000E+00   0.0000000E+00
   7.2463768E-01   1.6658083E+05   8.4821044E+04   2.5140188E+05   0.0000000E+00   0.0000000E+00   0.0000000E+00
   7.3913043E-01   1.5465257E+05   7.7110851E+04   2.3173371E+05   0.0000000E+00   0.0000000E+00   0.0000000E+00
   7.5362319E-01   1.4434884E+05   7.2582431E+04   2.1690213E+05   0.0000000E+00   0.0000000E+00   0.0000000E+00
   7.6811594E-01   1.3756495E+05   6.6380593E+04   2.0391695E+05   0.0000000E+00   0.0000000E+00   0.0000000E+00
   7.8260870E-01   1.2574219E+05   6.1432800E+04   1.8717499E+05   0.0000000E+00   0.0000000E+00   0.0000000E+00
   7.9710145E-01   1.1921265E+05   5.6926691E+04   1.7611178E+05   0.0000000E+00   0.0000000E+00   0.0000000E+00
   8.1159420E-01   1.0667850E+05   5.3501622E+04   1.6016659E+05   0.0000000E+00   0.0000000E+00   0.0000000E+00
   8.2608696E-01   9.6551606E+04   4.9984034E+04   1.4653564E+05   0.0000000E+00   0.0000000E+00   0.0000000E+00
   8.4057971E-01   8.7531651E+04   4.4601949E+04   1.3213360E+05   0.0000000E+00   0.0000000E+00   0.0000000E+00
   8.5507246E-01   8.1707132E+04   3.9787597E+04   1.2148189E+05   0.0000000E+00   0.0000000E+00   0.0000000E+00
   8.6956522E-01   7.4043503E+04   3.6914405E+04   1.1095791E+05   0.0000000E+00   0.0000000E+00   0.0000000E+00
   8.8405797E-01   6.4693322E+04   3.2682053E+04   9.7375375E+04   0.0000000E+00   0.0000000E+00   0.0000000E+00
   8.9855072E-01   5.8932360E+04   2.8610671E+04   8.7543030E+04   0.0000000E+00   0.0000000E+00   0.0000000E+00
   9.1304348E-01   4.9409243E+04   2.4596373E+04   7.4005616E+04   0.0000000E+00   0.0000000E+00   0.0000000E+00
   9.2753623E-01   4.2362216E+04   2.1666533E+04   6.4028750E+04   0.0000000E+00   0.0000000E+00   0.0000000E+00
   9.4202899E-01   3.4925832E+04   1.7218109E+04   5.2132284E+04   0.0000000E+00   0.0000000E+00   0.0000000E+00
   9.5652174E-01   2.8185508E+04   1.3547413E+04   4.1732922E+04   0.0000000E+00   0.0000000E+00   0.0000000E+00
   9.7101449E-01   1.8898179E+04   9.3416493E+03   2.8239828E+04   0.0000000E+00   0.0000000E+00   0.0000000E+00
   9.8550725E-01   6.4073323E+03   3.2426673E+03   9.6499995E+03   0.0000000E+00   0.0000000E+00   0.0000000E+00
   1.0000000E+00   0.0000000E+00   0.0000000E+00   0.0000000E+00   0.0000000E+00   0.0000000E+00   0.0000000E+00
