   0.0000000E+00   3.0915657E+05   1.8791870E+05   4.9707526E+05   0.0000000E+00   0.0000000E+00   0.0000000E+00
   1.4492754E-02   3.5083208E+05   1.5154734E+05   5.0237942E+05   0.0000000E+00   0.0000000E+00   0.0000000E+00
   2.8985507E-02   3.4249698E+05   1.6594433E+05   5.0844132E+05   0.0000000E+00   0.0000000E+00   0.0000000E+00
   4.3478261E-02   3.5815687E+05   1.7402686E+05   5.3218373E+05   0.0000000E+00   0.0000000E+00   0.0000000E+00
   5.7971014E-02   3.5253699E+05   1.6632320E+05   5.1886019E+05   0.0000000E+00   0.0000000E+00   0.0000000E+00
   7.2463768E-02   3.4886197E+05   1.7018766E+05   5.1904963E+05   0.0000000E+00   0.0000000E+00   0.0000000E+00
   8.6956522E-02   3.6169298E+05   1.7049075E+05   5.3218373E+05   0.0000000E+00   0.0000000E+00   0.0000000E+00
   1.0144928E-01   3.7356419E+05   1.7676914E+05   5.5033333E+05   0.0000000E+00   0.0000000E+00   0.0000000E+00
   1.1594203E-01   3.7384834E+05   1.8820285E+05   5.6205119E+05   0.0000000E+00   0.0000000E+00   0.0000000E+00
   1.3043478E-01   3.7718448E+05   1.8379324E+05   5.6097773E+05   0.0000000E+00   0.0000000E+00   0.0000000E+00
   1.4492754E-01   3.7083633E+05   1.7814389E+05   5.4898023E+05   0.0000000E+00   0.0000000E+00   0.0000000E+00
   1.5942029E-01   3.8465469E+05   1.8915863E+05   5.7381333E+05   0.0000000E+00   0.0000000E+00   0.0000000E+00
   1.7391304E-01   3.9250760E+05   1.9953733E+05   5.9204493E+05   0.0000000E+00   0.0000000E+00   0.0000000E+00
   1.8840580E-01   4.0416509E+05   2.0214083E+05   6.0630592E+05   0.0000000E+00   0.0000000E+00   0.0000000E+00
   2.0289855E-01   4.1632218E+05   2.0339818E+05   6.1972036E+05   0.0000000E+00   0.0000000E+00   0.0000000E+00
   2.1739130E-01   4.1857374E+05   2.1514670E+05   6.3372045E+05   0.0000000E+00   0.0000000E+00   0.0000000E+00
   2.3188406E-01   4.2916311E+05   2.1268722E+05   6.4180297E+05   0.0000000E+00   0.0000000E+00   0.0000000E+00
   2.4637681E-01   4.3592146E+05   2.1412747E+05   6.4995978E+05   0.0000000E+00   0.0000000E+00   0.0000000E+00
   2.6086957E-01   4.3561440E+05   2.1911219E+05   6.5472659E+05   0.0000000E+00   0.0000000E+00   0.0000000E+00
   2.7536232E-01   4.4084323E+05   2.2014245E+05   6.6090591E+05   0.0000000E+00   0.0000000E+00   0.0000000E+00
   2.8985507E-01   4.4558706E+05   2.2421428E+05   6.6976346E+05   0.0000000E+00   0.0000000E+00   0.0000000E+00
   3.0434783E-01   4.5402860E+05   2.3074886E+05   6.8470530E+05   0.0000000E+00   0.0000000E+00   0.0000000E+00
   3.1884058E-01   4.5136997E+05   2.2800986E+05   6.7937982E+05   0.0000000E+00   0.0000000E+00   0.0000000E+00
   3.3333333E-01   4.5075449E+05   2.3124147E+05   6.8193007E+05   0.0000000E+00   0.0000000E+00   0.0000000E+00
   3.4782609E-01   4.5157949E+05   2.2931006E+05   6.8082641E+05   0.0000000E+00   0.0000000E+00   0.0000000E+00
   3.6231884E-01   4.4833764E+05   2.2786658E+05   6.7614360E+05   0.0000000E+00   0.0000000E+00   0.0000000E+00
   3.7681159E-01   4.4114847E+05   2.2557238E+05   6.6666256E+05   0.0000000E+00   0.0000000E+00   0.0000000E+00
   3.9130435E-01   4.4417402E+05   2.2271846E+05   6.6683635E+05   0.0000000E+00   0.0000000E+00   0.0000000E+00
   4.0579710E-01   4.3672695E+05   2.1760574E+05   6.5427856E+05   0.0000000E+00   0.0000000E+00   0.0000000E+00
   4.2028986E-01   4.3065573E+05   2.1219240E+05   6.4276974E+05   0.0000000E+00   0.0000000E+00   0.0000000E+00
   4.3478261E-01   4.2360006E+05   2.0837759E+05   6.3195239E+05   0.0000000E+00   0.0000000E+00   0.0000000E+00
   4.4927536E-01   4.1504416E+05   2.0512665E+05   6.2002415E+05   0.0000000E+00   0.0000000E+00   0.0000000E+00
   4.6376812E-01   3.9975346E+05   1.9987673E+05   5.9955915E+05   0.0000000E+00   0.0000000E+00   0.0000000E+00
   4.7826087E-01   3.8906334E+05   1.9896328E+05   5.8802663E+05   0.0000000E+00   0.0000000E+00   0.0000000E+00
   4.9275362E-01   3.7860091E+05   1.8803013E+05   5.6656418E+05   0.0000000E+00   0.0000000E+00   0.0000000E+00
   5.0724638E-01   3.6893117E+05   1.8250629E+05   5.5135086E+05   0.0000000E+00   0.0000000E+00   0.0000000E+00
   5.2173913E-01   3.5249490E+05   1.7613168E+05   5.2856343E+05   0.0000000E+00   0.0000000E+00   0.0000000E+00
   5.3623188E-01   3.3975275E+05   1.6872953E+05   5.0835940E+05   0.0000000E+00   0.0000000E+00   0.0000000E+00
   5.5072464E-01   3.2478987E+05   1.6123839E+05   4.8596844E+05   0.0000000E+00   0.0000000E+00   0.0000000E+00
   5.6521739E-01   3.0455186E+05   1.5772581E+05   4.6227766E+05   0.0000000E+00   0.0000000E+00   0.0000000E+00
   5.7971014E-01   2.9216432E+05   1.4798597E+05   4.4013135E+05   0.0000000E+00   0.0000000E+00   0.0000000E+00
   5.9420290E-01   2.8638750E+05   1.3923874E+05   4.2560776E+05   0.0000000E+00   0.0000000E+00   0.0000000E+00
   6.0869565E-01   2.6712022E+05   1.3531012E+05   4.0239426E+05   0.0000000E+00   0.0000000E+00   0.0000000E+00
   6.2318841E-01   2.5588592E+05   1.2664776E+05   3.8244556E+05   0.0000000E+00   0.0000000E+00   0.0000000E+00
   6.3768116E-01   2.4302682E+05   1.2103121E+05   3.6402359E+05   0.0000000E+00   0.0000000E+00   0.0000000E+00
   6.5217391E-01   2.2482889E+05   1.1253232E+05   3.3732753E+05   0.0000000E+00   0.0000000E+00   0.0000000E+00
   6.6666667E-01   2.1737159E+05   1.0761508E+05   3.2495373E+05   0.0000000E+00   0.0000000E+00   0.0000000E+00
   6.8115942E-01   2.0113878E+05   1.0118203E+05   3.0232081E+05   0.0000000E+00   0.0000000E+00   0.0000000E+00
   6.9565217E-01   1.9000247E+05   9.4180355E+04   2.8418283E+05   0.0000000E+00   0.0000000E+00   0.0000000E+00
   7.1014493E-01   1.7618151E+05   8.9969633E+04   2.6613568E+05   0.0000000E+00   0.0000000E+00   0.0000000E+00
   7.2463768E-01   1.6524722E+05   8.2502370E+04   2.4774959E+05   0.0000000E+00   0.0000000E+00   0.0000000E+00
   7.3913043E-01   1.5539545E+05   7.8537179E+04   2.3393263E+05   0.0000000E+00   0.0000000E+00   0.0000000E+00
   7.5362319E-01   1.4484428E+05   7.1970413E+04   2.1680012E+05   0.0000000E+00   0.0000000E+00   0.0000000E+00
   7.6811594E-01   1.3434814E+05   6.6923876E+04   2.0127202E+05   0.0000000E+00   0.0000000E+00   0.0000000E+00
   7.8260870E-01   1.2533526E+05   6.2036183E+04   1.8735741E+05   0.0000000E+00   0.0000000E+00   0.0000000E+00
   7.9710145E-01   1.1682922E+05   5.8387056E+04   1.7521628E+05   0.0000000E+00   0.0000000E+00   0.0000000E+00
   8.1159420E-01   1.0383699E+05   5.1783184E+04   1.5562017E+05   0.0000000E+00   0.0000000E+00   0.0000000E+00
   8.2608696E-01   9.4876609E+04   4.8734433E+04   1.4361104E+05   0.0000000E+00   0.0000000E+00   0.0000000E+00
   8.4057971E-01   8.9635024E+04   4.5124526E+04   1.3475955E+05   0.0000000E+00   0.0000000E+00   0.0000000E+00
   8.5507246E-01   8.0987924E+04   4.0493962E+04   1.2148189E+05   0.0000000E+00   0.0000000E+00   0.0000000E+00
   8.6956522E-01   7.2616432E+04   3.6346103E+04   1.0896254E+05   0.0000000E+00   0.0000000E+00   0.0000000E+00
   8.8405797E-01   6.6022467E+04   3.2508146E+04   9.8518191E+04   0.0000000E+00   0.0000000E+00   0.0000000E+00
   8.9855072E-01   5.7404665E+04   2.9136198E+04   8.6540862E+04   0.0000000E+00   0.0000000E+00   0.0000000E+00
   9.1304348E-01   5.1105130E+04   2.5245862E+04   7.6350992E+04   0.0000000E+00   0.0000000E+00   0.0000000E+00
   9.2753623E-01   4.2397735E+04   2.1986203E+04   6.4383939E+04   0.0000000E+00   0.0000000E+00   0.0000000E+00
   9.4202899E-01   3.5835116E+04   1.8150708E+04   5.3985824E+04   0.0000000E+00   0.0000000E+00   0.0000000E+00
   9.5652174E-01   2.8323279E+04   1.3398162E+04   4.1721441E+04   0.0000000E+00   0.0000000E+00   0.0000000E+00
   9.7101449E-01   1.8502346E+04   9.1720067E+03   2.7674353E+04   0.0000000E+00   0.0000000E+00   0.0000000E+00
   9.8550725E-01   6.6190528E+03   3.0866627E+03   9.7057155E+03   0.0000000E+00   0.0000000E+00   0.0000000E+00
   1.0000000E+00   0.0000000E+00   0.0000000E+00   0.0000000E+00   0.0000000E+00   0.0000000E+00   0.0000000E+00
