   0.0000000E+00   2.6672331E+05   1.5760923E+05   4.2433254E+05   0.0000000E+00   0.0000000E+00   0.0000000E+00
   1.4492754E-02   3.4780114E+05   1.9094964E+05   5.3875078E+05   0.0000000E+00   0.0000000E+00   0.0000000E+00
   2.8985507E-02   3.6560795E+05   1.7731038E+05   5.4291833E+05   0.0000000E+00   0.0000000E+00   0.0000000E+00
   4.3478261E-02   3.4072893E+05   1.8716096E+05   5.2788989E+05   0.0000000E+00   0.0000000E+00   0.0000000E+00
   5.7971014E-02   3.7811061E+05   1.7503717E+05   5.5314778E+05   0.0000000E+00   0.0000000E+00   0.0000000E+00
   7.2463768E-02   3.5295375E+05   1.7488563E+05   5.2783937E+05   0.0000000E+00   0.0000000E+00   0.0000000E+00
   8.6956522E-02   3.5828316E+05   1.7756296E+05   5.3584613E+05   0.0000000E+00   0.0000000E+00   0.0000000E+00
   1.0144928E-01   3.6468784E+05   1.7579491E+05   5.4048275E+05   0.0000000E+00   0.0000000E+00   0.0000000E+00
   1.1594203E-01   3.6503965E+05   1.8592964E+05   5.5096929E+05   0.0000000E+00   0.0000000E+00   0.0000000E+00
   1.3043478E-01   3.7322741E+05   1.8379324E+05   5.5702066E+05   0.0000000E+00   0.0000000E+00   0.0000000E+00
   1.4492754E-01   3.7121520E+05   1.9307131E+05   5.6428651E+05   0.0000000E+00   0.0000000E+00   0.0000000E+00
   1.5942029E-01   3.7928165E+05   1.9253400E+05   5.7181566E+05   0.0000000E+00   0.0000000E+00   0.0000000E+00
   1.7391304E-01   3.8947666E+05   1.9991620E+05   5.8939285E+05   0.0000000E+00   0.0000000E+00   0.0000000E+00
   1.8840580E-01   4.0130901E+05   2.0155796E+05   6.0286696E+05   0.0000000E+00   0.0000000E+00   0.0000000E+00
   2.0289855E-01   4.1226288E+05   2.0312756E+05   6.1539044E+05   0.0000000E+00   0.0000000E+00   0.0000000E+00
   2.1739130E-01   4.1604796E+05   2.0908481E+05   6.2508225E+05   0.0000000E+00   0.0000000E+00   0.0000000E+00
   2.3188406E-01   4.3304651E+05   2.0946683E+05   6.4251335E+05   0.0000000E+00   0.0000000E+00   0.0000000E+00
   2.4637681E-01   4.2633832E+05   2.1586581E+05   6.4220413E+05   0.0000000E+00   0.0000000E+00   0.0000000E+00
   2.6086957E-01   4.3224668E+05   2.2037509E+05   6.5262177E+05   0.0000000E+00   0.0000000E+00   0.0000000E+00
   2.7536232E-01   4.4407358E+05   2.1970376E+05   6.6377734E+05   0.0000000E+00   0.0000000E+00   0.0000000E+00
   2.8985507E-01   4.4581438E+05   2.2000885E+05   6.6582322E+05   0.0000000E+00   0.0000000E+00   0.0000000E+00
   3.0434783E-01   4.5482242E+05   2.2760967E+05   6.8239601E+05   0.0000000E+00   0.0000000E+00   0.0000000E+00
   3.1884058E-01   4.5805183E+05   2.2835428E+05   6.8640611E+05   0.0000000E+00   0.0000000E+00   0.0000000E+00
   3.3333333E-01   4.5095216E+05   2.3058257E+05   6.8153473E+05   0.0000000E+00   0.0000000E+00   0.0000000E+00
   3.4782609E-01   4.5041131E+05   2.2501622E+05   6.7536439E+05   0.0000000E+00   0.0000000E+00   0.0000000E+00
   3.6231884E-01   4.5312654E+05   2.2110756E+05   6.7417348E+05   0.0000000E+00   0.0000000E+00   0.0000000E+00
   3.7681159E-01   4.5915929E+05   2.2396948E+05   6.8309962E+05   0.0000000E+00   0.0000000E+00   0.0000000E+00
   3.9130435E-01   4.4372499E+05   2.2361651E+05   6.6731344E+05   0.0000000E+00   0.0000000E+00   0.0000000E+00
   4.0579710E-01   4.3415606E+05   2.1950008E+05   6.5365614E+05   0.0000000E+00   0.0000000E+00   0.0000000E+00
   4.2028986E-01   4.2806897E+05   2.1885526E+05   6.4681971E+05   0.0000000E+00   0.0000000E+00   0.0000000E+00
   4.3478261E-01   4.2516605E+05   2.1214101E+05   6.3723129E+05   0.0000000E+00   0.0000000E+00   0.0000000E+00
   4.4927536E-01   4.0815120E+05   2.0473556E+05   6.1286232E+05   5.2108503E-06   0.0000000E+00   3.4702978E-06
   4.6376812E-01   4.0089006E+05   2.0728834E+05   6.0817841E+05   0.0000000E+00   0.0000000E+00   0.0000000E+00
   4.7826087E-01   3.8254222E+05   1.9012302E+05   5.7259635E+05   0.0000000E+00   0.0000000E+00   0.0000000E+00
   4.9275362E-01   3.7608255E+05   1.8849814E+05   5.6453612E+05   0.0000000E+00   0.0000000E+00   0.0000000E+00
   5.0724638E-01   3.6237133E+05   1.8413001E+05   5.4650135E+05   0.0000000E+00   0.0000000E+00   0.0000000E+00
   5.2173913E-01   3.5116886E+05   1.7272187E+05   5.2386968E+05   0.0000000E+00   0.0000000E+00   0.0000000E+00
   5.3623188E-01   3.4323424E+05   1.7102322E+05   5.1415506E+05   0.0000000E+00   0.0000000E+00   0.0000000E+00
   5.5072464E-01   3.2379285E+05   1.6271398E+05   4.8648689E+05   0.0000000E+00   0.0000000E+00   0.0000000E+00
   5.6521739E-01   3.1047775E+05   1.5780352E+05   4.6822298E+05   0.0000000E+00   0.0000000E+00   0.0000000E+00
   5.7971014E-01   2.9030787E+05   1.4929307E+05   4.3958199E+05   2.7793136E-05   0.0000000E+00   1.8355087E-05
   5.9420290E-01   2.8256186E+05   1.4029217E+05   4.2285403E+05   0.0000000E+00   0.0000000E+00   0.0000000E+00
   6.0869565E-01   2.6874394E+05   1.3345186E+05   4.0219581E+05   0.0000000E+00   0.0000000E+00   0.0000000E+00
   6.2318841E-01   2.5276686E+05   1.2502655E+05   3.7777579E+05   0.0000000E+00   0.0000000E+00   0.0000000E+00
   6.3768116E-01   2.4125303E+05   1.2110010E+05   3.6235313E+05   0.0000000E+00   0.0000000E+00   0.0000000E+00
   6.5217391E-01   2.2760726E+05   1.1234709E+05   3.3995435E+05   0.0000000E+00   0.0000000E+00   0.0000000E+00
   6.6666667E-01   2.1518075E+05   1.0820809E+05   3.2337237E+05   0.0000000E+00   0.0000000E+00   0.0000000E+00
   6.8115942E-01   2.0062288E+05   1.0005349E+05   3.0066024E+05   0.0000000E+00   0.0000000E+00   0.0000000E+00
   6.9565217E-01   1.8957625E+05   9.4354003E+04   2.8391446E+05   0.0000000E+00   0.0000000E+00   0.0000000E+00
   7.1014493E-01   1.7910421E+05   9.0758298E+04   2.6981612E+05   0.0000000E+00   0.0000000E+00   0.0000000E+00
   7.2463768E-01   1.6421669E+05   8.2623608E+04   2.4684030E+05   0.0000000E+00   0.0000000E+00   0.0000000E+00
   7.3913043E-01   1.5432570E+05   7.5981675E+04   2.3029252E+05   0.0000000E+00   0.0000000E+00   0.0000000E+00
   7.5362319E-01   1.4391168E+05   7.2699006E+04   2.1661069E+05   0.0000000E+00   0.0000000E+00   0.0000000E+00
   7.6811594E-01   1.3563487E+05   6.4950901E+04   2.0057147E+05   0.0000000E+00   0.0000000E+00   0.0000000E+00
   7.8260870E-01   1.2391801E+05   6.2976338E+04   1.8685225E+05   0.0000000E+00   0.0000000E+00   0.0000000E+00
   7.9710145E-01   1.1786250E+05   5.9420333E+04   1.7728283E+05   0.0000000E+00   0.0000000E+00   0.0000000E+00
   8.1159420E-01   1.0586664E+05   5.2202645E+04   1.5806928E+05   0.0000000E+00   0.0000000E+00   0.0000000E+00
   8.2608696E-01   1.0007442E+05   4.8574910E+04   1.4863603E+05   0.0000000E+00   0.0000000E+00   0.0000000E+00
   8.4057971E-01   8.9935506E+04   4.3844212E+04   1.3377972E+05   0.0000000E+00   0.0000000E+00   0.0000000E+00
   8.5507246E-01   8.1077825E+04   4.1508559E+04   1.2258638E+05   0.0000000E+00   0.0000000E+00   0.0000000E+00
   8.6956522E-01   7.4700208E+04   3.6737600E+04   1.1143781E+05   0.0000000E+00   0.0000000E+00   0.0000000E+00
   8.8405797E-01   6.4817541E+04   3.2172754E+04   9.7002717E+04   0.0000000E+00   0.0000000E+00   0.0000000E+00
   8.9855072E-01   5.7917970E+04   2.9661725E+04   8.7579695E+04   0.0000000E+00   0.0000000E+00   0.0000000E+00
   9.1304348E-01   5.1069047E+04   2.4139326E+04   7.5208373E+04   0.0000000E+00   0.0000000E+00   0.0000000E+00
   9.2753623E-01   4.3652737E+04   2.1240306E+04   6.4893043E+04   0.0000000E+00   0.0000000E+00   0.0000000E+00
   9.4202899E-01   3.4377930E+04   1.7369656E+04   5.1747587E+04   0.0000000E+00   0.0000000E+00   0.0000000E+00
   9.5652174E-01   2.8185508E+04   1.4534767E+04   4.2720276E+04   0.0000000E+00   0.0000000E+00   0.0000000E+00
   9.7101449E-01   1.9655916E+04   9.1267687E+03   2.8782684E+04   0.0000000E+00   0.0000000E+00   0.0000000E+00
   9.8550725E-01   6.3627595E+03   3.2983832E+03   9.6611427E+03   0.0000000E+00   0.0000000E+00   0.0000000E+00
   1.0000000E+00   0.0000000E+00   0.0000000E+00   0.0000000E+00   0.0000000E+00   0.0000000E+00   0.0000000E+00
