   0.0000000E+00   3.4552793E+05   2.0004248E+05   5.4557041E+05   0.0000000E+00   0.0000000E+00   0.0000000E+00
   1.4492754E-02   3.6219813E+05   1.8185680E+05   5.4405494E+05   0.0000000E+00   0.0000000E+00   0.0000000E+00
   2.8985507E-02   3.3454075E+05   1.6745981E+05   5.0200055E+05   0.0000000E+00   0.0000000E+00   0.0000000E+00
   4.3478261E-02   3.5108466E+05   1.8109907E+05   5.3218373E+05   0.0000000E+00   0.0000000E+00   0.0000000E+00
   5.7971014E-02   3.4799057E+05   1.7768925E+05   5.2567982E+05   0.0000000E+00   0.0000000E+00   0.0000000E+00
   7.2463768E-02   3.4689185E+05   1.8034133E+05   5.2708164E+05   0.0000000E+00   0.0000000E+00   0.0000000E+00
   8.6956522E-02   3.6181927E+05   1.8046762E+05   5.4228689E+05   0.0000000E+00   0.0000000E+00   0.0000000E+00
   1.0144928E-01   3.5353829E+05   1.8239804E+05   5.3593633E+05   0.0000000E+00   0.0000000E+00   0.0000000E+00
   1.1594203E-01   3.6485021E+05   1.8659266E+05   5.5144287E+05   0.0000000E+00   0.0000000E+00   0.0000000E+00
   1.3043478E-01   3.7137517E+05   1.9010771E+05   5.6148288E+05   0.0000000E+00   0.0000000E+00   0.0000000E+00
   1.4492754E-01   3.7295800E+05   1.8337228E+05   5.5633027E+05   0.0000000E+00   0.0000000E+00   0.0000000E+00
   1.5942029E-01   3.7397750E+05   1.8943417E+05   5.6341167E+05   0.0000000E+00   0.0000000E+00   0.0000000E+00
   1.7391304E-01   3.9743289E+05   1.9896902E+05   5.9633877E+05   0.0000000E+00   0.0000000E+00   0.0000000E+00
   1.8840580E-01   4.0014326E+05   1.9922646E+05   5.9931143E+05   0.0000000E+00   0.0000000E+00   0.0000000E+00
   2.0289855E-01   4.0647161E+05   2.0951419E+05   6.1593168E+05   0.0000000E+00   0.0000000E+00   0.0000000E+00
   2.1739130E-01   4.2019025E+05   2.1509619E+05   6.3528644E+05   0.0000000E+00   0.0000000E+00   0.0000000E+00
   2.3188406E-01   4.3209934E+05   2.0728834E+05   6.3938769E+05   0.0000000E+00   0.0000000E+00   0.0000000E+00
   2.4637681E-01   4.2344109E+05   2.1867389E+05   6.4207041E+05   0.0000000E+00   0.0000000E+00   0.0000000E+00
   2.6086957E-01   4.4100275E+05   2.1300820E+05   6.5401095E+05   0.0000000E+00   0.0000000E+00   0.0000000E+00
   2.7536232E-01   4.4782238E+05   2.2584541E+05   6.7366779E+05   0.0000000E+00   0.0000000E+00   0.0000000E+00
   2.8985507E-01   4.4661000E+05   2.2194107E+05   6.6847530E+05   0.0000000E+00   0.0000000E+00   0.0000000E+00
   3.0434783E-01   4.4352854E+05   2.2472305E+05   6.6825159E+05   0.0000000E+00   0.0000000E+00   0.0000000E+00
   3.1884058E-01   4.5030225E+05   2.3038639E+05   6.8061976E+05   0.0000000E+00   0.0000000E+00   0.0000000E+00
   3.3333333E-01   4.5240175E+05   2.2587142E+05   6.7824022E+05   0.0000000E+00   0.0000000E+00   0.0000000E+00
   3.4782609E-01   4.5729409E+05   2.2984679E+05   6.8704617E+05   0.0000000E+00   0.0000000E+00   0.0000000E+00
   3.6231884E-01   4.4973188E+05   2.2307768E+05   6.7277925E+05   0.0000000E+00   0.0000000E+00   0.0000000E+00
   3.7681159E-01   4.5411742E+05   2.2181284E+05   6.7590112E+05   0.0000000E+00   0.0000000E+00   0.0000000E+00
   3.9130435E-01   4.3524956E+05   2.2184846E+05   6.5709803E+05   0.0000000E+00   0.0000000E+00   0.0000000E+00
   4.0579710E-01   4.3835067E+05   2.2096143E+05   6.5928504E+05   0.0000000E+00   0.0000000E+00   0.0000000E+00
   4.2028986E-01   4.2778155E+05   2.1747043E+05   6.4501682E+05   0.0000000E+00   0.0000000E+00   0.0000000E+00
   4.3478261E-01   4.2640369E+05   2.1254514E+05   6.3889831E+05   0.0000000E+00   0.0000000E+00   0.0000000E+00
   4.4927536E-01   4.0949557E+05   2.0495555E+05   6.1440224E+05   0.0000000E+00   0.0000000E+00   0.0000000E+00
   4.6376812E-01   4.0160044E+05   1.9864541E+05   6.0012745E+05   0.0000000E+00   0.0000000E+00   0.0000000E+00
   4.7826087E-01   3.9014255E+05   1.9567976E+05   5.8579934E+05   0.0000000E+00   0.0000000E+00   0.0000000E+00
   4.9275362E-01   3.7429964E+05   1.8994676E+05   5.6424639E+05   0.0000000E+00   0.0000000E+00   0.0000000E+00
   5.0724638E-01   3.6609507E+05   1.7919390E+05   5.4528897E+05   0.0000000E+00   0.0000000E+00   0.0000000E+00
   5.2173913E-01   3.5415771E+05   1.7943626E+05   5.3359396E+05   0.0000000E+00   0.0000000E+00   0.0000000E+00
   5.3623188E-01   3.3747954E+05   1.7208814E+05   5.0952672E+05   0.0000000E+00   0.0000000E+00   0.0000000E+00
   5.5072464E-01   3.2411190E+05   1.5904494E+05   4.8307708E+05   0.0000000E+00   0.0000000E+00   0.0000000E+00
   5.6521739E-01   3.0853483E+05   1.5698750E+05   4.6550290E+05   0.0000000E+00   0.0000000E+00   0.0000000E+00
   5.7971014E-01   2.9277051E+05   1.4993715E+05   4.4268871E+05   0.0000000E+00   0.0000000E+00   0.0000000E+00
   5.9420290E-01   2.8407733E+05   1.4311983E+05   4.2714171E+05   0.0000000E+00   0.0000000E+00   0.0000000E+00
   6.0869565E-01   2.7321820E+05   1.3361424E+05   4.0683243E+05   0.0000000E+00   0.0000000E+00   0.0000000E+00
   6.2318841E-01   2.5178004E+05   1.2474460E+05   3.7648940E+05   0.0000000E+00   0.0000000E+00   0.0000000E+00
   6.3768116E-01   2.4008198E+05   1.2170284E+05   3.6175038E+05   5.0253453E-10   0.0000000E+00   3.3351584E-10
   6.5217391E-01   2.2816293E+05   1.1201032E+05   3.4013958E+05   0.0000000E+00   0.0000000E+00   0.0000000E+00
   6.6666667E-01   2.1473599E+05   1.0726916E+05   3.2200515E+05   0.0000000E+00   0.0000000E+00   0.0000000E+00
   6.8115942E-01   2.0117103E+05   1.0156896E+05   3.0273999E+05   0.0000000E+00   0.0000000E+00   0.0000000E+00
   6.9565217E-01   1.8967096E+05   9.5837904E+04   2.8549308E+05   0.0000000E+00   0.0000000E+00   0.0000000E+00
   7.1014493E-01   1.8060422E+05   8.9521177E+04   2.7007900E+05   0.0000000E+00   0.0000000E+00   0.0000000E+00
   7.2463768E-01   1.6883889E+05   8.1653705E+04   2.5049259E+05   0.0000000E+00   0.0000000E+00   0.0000000E+00
   7.3913043E-01   1.5408798E+05   7.5862814E+04   2.2993594E+05   0.0000000E+00   0.0000000E+00   0.0000000E+00
   7.5362319E-01   1.4394083E+05   7.1999557E+04   2.1594038E+05   0.0000000E+00   0.0000000E+00   0.0000000E+00
   7.6811594E-01   1.3394783E+05   6.9368649E+04   2.0330218E+05   0.0000000E+00   0.0000000E+00   0.0000000E+00
   7.8260870E-01   1.2429688E+05   6.4590036E+04   1.8888692E+05   0.0000000E+00   0.0000000E+00   0.0000000E+00
   7.9710145E-01   1.1225525E+05   5.7918637E+04   1.7017388E+05   0.0000000E+00   0.0000000E+00   0.0000000E+00
   8.1159420E-01   1.0562308E+05   5.2324424E+04   1.5794751E+05   0.0000000E+00   0.0000000E+00   0.0000000E+00
   8.2608696E-01   9.9064101E+04   4.9518757E+04   1.4858286E+05   0.0000000E+00   0.0000000E+00   0.0000000E+00
   8.4057971E-01   9.1032917E+04   4.4628078E+04   1.3564793E+05   0.0000000E+00   0.0000000E+00   0.0000000E+00
   8.5507246E-01   8.1270470E+04   4.0930624E+04   1.2220109E+05   0.0000000E+00   0.0000000E+00   0.0000000E+00
   8.6956522E-01   7.3563603E+04   3.6636569E+04   1.1020017E+05   0.0000000E+00   0.0000000E+00   0.0000000E+00
   8.8405797E-01   6.5364105E+04   3.3303148E+04   9.8654832E+04   0.0000000E+00   0.0000000E+00   0.0000000E+00
   8.9855072E-01   5.6695814E+04   2.8134030E+04   8.4829844E+04   0.0000000E+00   0.0000000E+00   0.0000000E+00
   9.1304348E-01   4.9818180E+04   2.4656511E+04   7.4474691E+04   0.0000000E+00   0.0000000E+00   0.0000000E+00
   9.2753623E-01   4.3119953E+04   2.0719362E+04   6.3839316E+04   0.0000000E+00   0.0000000E+00   0.0000000E+00
   9.4202899E-01   3.5298872E+04   1.7835956E+04   5.3134828E+04   0.0000000E+00   0.0000000E+00   0.0000000E+00
   9.5652174E-01   2.7611466E+04   1.3903320E+04   4.1514786E+04   0.0000000E+00   0.0000000E+00   0.0000000E+00
   9.7101449E-01   1.8649370E+04   9.4095063E+03   2.8058876E+04   0.0000000E+00   0.0000000E+00   0.0000000E+00
   9.8550725E-01   6.3850459E+03   3.1423786E+03   9.5274245E+03   0.0000000E+00   0.0000000E+00   0.0000000E+00
   1.0000000E+00   0.0000000E+00   0.0000000E+00   0.0000000E+00   0.0000000E+00   0.0000000E+00   0.0000000E+00
