   0.0000000E+00   3.2128035E+05   1.5760923E+05   4.7888958E+05   0.0000000E+00   0.0000000E+00   0.0000000E+00
   1.4492754E-02   3.3946603E+05   1.6594433E+05   5.0541037E+05   0.0000000E+00   0.0000000E+00   0.0000000E+00
   2.8985507E-02   3.5234756E+05   1.6973302E+05   5.2208058E+05   0.0000000E+00   0.0000000E+00   0.0000000E+00
   4.3478261E-02   3.5790429E+05   1.7806812E+05   5.3597241E+05   0.0000000E+00   0.0000000E+00   0.0000000E+00
   5.7971014E-02   3.5481020E+05   1.7238510E+05   5.2719530E+05   0.0000000E+00   0.0000000E+00   0.0000000E+00
   7.2463768E-02   3.5462077E+05   1.7503717E+05   5.2950639E+05   0.0000000E+00   0.0000000E+00   0.0000000E+00
   8.6956522E-02   3.6295587E+05   1.8135165E+05   5.4430752E+05   0.0000000E+00   0.0000000E+00   0.0000000E+00
   1.0144928E-01   3.5884244E+05   1.8131556E+05   5.4004976E+05   0.0000000E+00   0.0000000E+00   0.0000000E+00
   1.1594203E-01   3.6418719E+05   1.8280398E+05   5.4689645E+05   0.0000000E+00   0.0000000E+00   0.0000000E+00
   1.3043478E-01   3.8375153E+05   1.9044449E+05   5.7419602E+05   0.0000000E+00   0.0000000E+00   0.0000000E+00
   1.4492754E-01   3.7288222E+05   1.9390482E+05   5.6678704E+05   0.0000000E+00   0.0000000E+00   0.0000000E+00
   1.5942029E-01   3.8279480E+05   1.9253400E+05   5.7532880E+05   0.0000000E+00   0.0000000E+00   0.0000000E+00
   1.7391304E-01   4.0273705E+05   1.9265455E+05   5.9539160E+05   0.0000000E+00   0.0000000E+00   0.0000000E+00
   1.8840580E-01   4.0095928E+05   2.0581294E+05   6.0671393E+05   0.0000000E+00   0.0000000E+00   0.0000000E+00
   2.0289855E-01   4.1453609E+05   2.0334405E+05   6.1788014E+05   0.0000000E+00   0.0000000E+00   0.0000000E+00
   2.1739130E-01   4.2180675E+05   2.0655902E+05   6.2831526E+05   0.0000000E+00   0.0000000E+00   0.0000000E+00
   2.3188406E-01   4.2996821E+05   2.0591494E+05   6.3588315E+05   0.0000000E+00   0.0000000E+00   0.0000000E+00
   2.4637681E-01   4.2932469E+05   2.1809445E+05   6.4741914E+05   0.0000000E+00   0.0000000E+00   0.0000000E+00
   2.6086957E-01   4.4306548E+05   2.1671269E+05   6.5973607E+05   0.0000000E+00   0.0000000E+00   0.0000000E+00
   2.7536232E-01   4.3924799E+05   2.2066090E+05   6.5982913E+05   0.0000000E+00   0.0000000E+00   0.0000000E+00
   2.8985507E-01   4.4573860E+05   2.1879647E+05   6.6449719E+05   0.0000000E+00   0.0000000E+00   0.0000000E+00
   3.0434783E-01   4.5099766E+05   2.2760967E+05   6.7857124E+05   0.0000000E+00   0.0000000E+00   0.0000000E+00
   3.1884058E-01   4.5309209E+05   2.2429006E+05   6.7738215E+05   0.0000000E+00   0.0000000E+00   0.0000000E+00
   3.3333333E-01   4.5691522E+05   2.2755162E+05   6.8443390E+05   0.0000000E+00   0.0000000E+00   0.0000000E+00
   3.4782609E-01   4.4753823E+05   2.2782616E+05   6.7530125E+05   0.0000000E+00   0.0000000E+00   0.0000000E+00
   3.6231884E-01   4.4936816E+05   2.2747255E+05   6.7684072E+05   0.0000000E+00   0.0000000E+00   0.0000000E+00
   3.7681159E-01   4.4592804E+05   2.2965250E+05   6.7558054E+05   0.0000000E+00   0.0000000E+00   0.0000000E+00
   3.9130435E-01   4.4091856E+05   2.2226943E+05   6.6315992E+05   0.0000000E+00   0.0000000E+00   0.0000000E+00
   4.0579710E-01   4.3740350E+05   2.2079906E+05   6.5812137E+05   0.0000000E+00   0.0000000E+00   0.0000000E+00
   4.2028986E-01   4.2477673E+05   2.1454400E+05   6.3926847E+05   0.0000000E+00   0.0000000E+00   0.0000000E+00
   4.3478261E-01   4.1991241E+05   2.0966574E+05   6.2955290E+05   0.0000000E+00   0.0000000E+00   0.0000000E+00
   4.4927536E-01   4.1372423E+05   2.0231569E+05   6.1603992E+05   0.0000000E+00   0.0000000E+00   0.0000000E+00
   4.6376812E-01   3.9949299E+05   1.9914267E+05   5.9861198E+05   0.0000000E+00   0.0000000E+00   0.0000000E+00
   4.7826087E-01   3.8876484E+05   1.9264881E+05   5.8134477E+05   0.0000000E+00   0.0000000E+00   0.0000000E+00
   4.9275362E-01   3.7692943E+05   1.8569006E+05   5.6255263E+05   0.0000000E+00   0.0000000E+00   0.0000000E+00
   5.0724638E-01   3.6488269E+05   1.8332898E+05   5.4819002E+05   0.0000000E+00   0.0000000E+00   0.0000000E+00
   5.2173913E-01   3.4944290E+05   1.7505822E+05   5.2450112E+05   0.0000000E+00   0.0000000E+00   0.0000000E+00
   5.3623188E-01   3.3909741E+05   1.7102322E+05   5.1001823E+05   0.0000000E+00   0.0000000E+00   0.0000000E+00
   5.5072464E-01   3.2317470E+05   1.6408987E+05   4.8722469E+05   0.0000000E+00   0.0000000E+00   0.0000000E+00
   5.6521739E-01   3.0896228E+05   1.5459771E+05   4.6354056E+05   0.0000000E+00   0.0000000E+00   0.0000000E+00
   5.7971014E-01   2.9455119E+05   1.5188832E+05   4.4640162E+05   0.0000000E+00   0.0000000E+00   0.0000000E+00
   5.9420290E-01   2.8355985E+05   1.4201094E+05   4.2553383E+05   0.0000000E+00   0.0000000E+00   0.0000000E+00
   6.0869565E-01   2.6991663E+05   1.3375857E+05   4.0365716E+05   0.0000000E+00   0.0000000E+00   0.0000000E+00
   6.2318841E-01   2.5660841E+05   1.2777555E+05   3.8433109E+05   0.0000000E+00   0.0000000E+00   0.0000000E+00
   6.3768116E-01   2.4059862E+05   1.2103121E+05   3.6161261E+05   0.0000000E+00   0.0000000E+00   0.0000000E+00
   6.5217391E-01   2.2875229E+05   1.1352579E+05   3.4226124E+05   0.0000000E+00   0.0000000E+00   0.0000000E+00
   6.6666667E-01   2.1341818E+05   1.0693971E+05   3.2032495E+05   0.0000000E+00   0.0000000E+00   0.0000000E+00
   6.8115942E-01   2.0276711E+05   1.0150447E+05   3.0427158E+05   0.0000000E+00   0.0000000E+00   0.0000000E+00
   6.9565217E-01   1.8799763E+05   9.5490608E+04   2.8348824E+05   0.0000000E+00   0.0000000E+00   0.0000000E+00
   7.1014493E-01   1.7993927E+05   8.9490249E+04   2.6941405E+05   0.0000000E+00   0.0000000E+00   0.0000000E+00
   7.2463768E-01   1.6327710E+05   8.4563414E+04   2.4781021E+05   0.0000000E+00   0.0000000E+00   0.0000000E+00
   7.3913043E-01   1.5487544E+05   7.7690296E+04   2.3255087E+05   0.0000000E+00   0.0000000E+00   0.0000000E+00
   7.5362319E-01   1.4622861E+05   7.1868410E+04   2.1808245E+05   0.0000000E+00   0.0000000E+00   0.0000000E+00
   7.6811594E-01   1.3329017E+05   6.8439349E+04   2.0172952E+05   0.0000000E+00   0.0000000E+00   0.0000000E+00
   7.8260870E-01   1.2624735E+05   6.1713443E+04   1.8794676E+05   0.0000000E+00   0.0000000E+00   0.0000000E+00
   7.9710145E-01   1.1718742E+05   5.6940468E+04   1.7412789E+05   0.0000000E+00   0.0000000E+00   0.0000000E+00
   8.1159420E-01   1.0757155E+05   5.3718118E+04   1.6128967E+05   0.0000000E+00   0.0000000E+00   0.0000000E+00
   8.2608696E-01   9.8625412E+04   4.9412408E+04   1.4802453E+05   0.0000000E+00   0.0000000E+00   0.0000000E+00
   8.4057971E-01   8.9765668E+04   4.3870341E+04   1.3363601E+05   0.0000000E+00   0.0000000E+00   0.0000000E+00
   8.5507246E-01   7.9536666E+04   4.1238856E+04   1.2077552E+05   0.0000000E+00   0.0000000E+00   0.0000000E+00
   8.6956522E-01   7.2692206E+04   3.5373674E+04   1.0806588E+05   0.0000000E+00   0.0000000E+00   0.0000000E+00
   8.8405797E-01   6.3948007E+04   3.3514321E+04   9.7462328E+04   0.0000000E+00   0.0000000E+00   0.0000000E+00
   8.9855072E-01   5.7258006E+04   2.9258413E+04   8.6516419E+04   0.0000000E+00   0.0000000E+00   0.0000000E+00
   9.1304348E-01   5.0972826E+04   2.5101531E+04   7.6074358E+04   0.0000000E+00   0.0000000E+00   0.0000000E+00
   9.2753623E-01   4.2492452E+04   2.1453420E+04   6.3945872E+04   0.0000000E+00   0.0000000E+00   0.0000000E+00
   9.4202899E-01   3.4646053E+04   1.7089877E+04   5.1735929E+04   0.0000000E+00   0.0000000E+00   0.0000000E+00
   9.5652174E-01   2.7967372E+04   1.3914801E+04   4.1859211E+04   0.0000000E+00   0.0000000E+00   0.0000000E+00
   9.7101449E-01   1.8513656E+04   9.8505769E+03   2.8364233E+04   0.0000000E+00   0.0000000E+00   0.0000000E+00
   9.8550725E-01   6.4519050E+03   3.3206696E+03   9.7725746E+03   0.0000000E+00   0.0000000E+00   0.0000000E+00
   1.0000000E+00   0.0000000E+00   0.0000000E+00   0.0000000E+00   0.0000000E+00   0.0000000E+00   0.0000000E+00
