   0.0000000E+00   3.5158982E+05   2.0610438E+05   5.5769420E+05   0.0000000E+00   0.0000000E+00   0.0000000E+00
   1.4492754E-02   3.3946603E+05   1.7276396E+05   5.1223000E+05   0.0000000E+00   0.0000000E+00   0.0000000E+00
   2.8985507E-02   3.5651511E+05   1.6973302E+05   5.2624813E+05   0.0000000E+00   0.0000000E+00   0.0000000E+00
   4.3478261E-02   3.5386303E+05   1.6872270E+05   5.2258573E+05   0.0000000E+00   0.0000000E+00   0.0000000E+00
   5.7971014E-02   3.4325472E+05   1.7617378E+05   5.1942850E+05   0.0000000E+00   0.0000000E+00   0.0000000E+00
   7.2463768E-02   3.4764959E+05   1.7761348E+05   5.2526307E+05   0.0000000E+00   0.0000000E+00   0.0000000E+00
   8.6956522E-02   3.5121095E+05   1.7326912E+05   5.2448007E+05   0.0000000E+00   0.0000000E+00   0.0000000E+00
   1.0144928E-01   3.5245581E+05   1.7839287E+05   5.3084867E+05   0.0000000E+00   0.0000000E+00   0.0000000E+00
   1.1594203E-01   3.6437663E+05   1.8043605E+05   5.4471796E+05   0.0000000E+00   0.0000000E+00   0.0000000E+00
   1.3043478E-01   3.7423773E+05   1.8076230E+05   5.5500002E+05   0.0000000E+00   0.0000000E+00   0.0000000E+00
   1.4492754E-01   3.7356419E+05   1.8359960E+05   5.5716378E+05   0.0000000E+00   0.0000000E+00   0.0000000E+00
   1.5942029E-01   3.8389696E+05   1.8612768E+05   5.7002464E+05   0.0000000E+00   0.0000000E+00   0.0000000E+00
   1.7391304E-01   3.9680144E+05   1.9713783E+05   5.9381298E+05   0.0000000E+00   0.0000000E+00   0.0000000E+00
   1.8840580E-01   3.9577170E+05   2.0476377E+05   6.0047718E+05   0.0000000E+00   0.0000000E+00   0.0000000E+00
   2.0289855E-01   4.1118040E+05   1.9998836E+05   6.1111464E+05   4.7206099E-05   0.0000000E+00   3.1761999E-05
   2.1739130E-01   4.1983664E+05   2.1120647E+05   6.3104311E+05   0.0000000E+00   0.0000000E+00   0.0000000E+00
   2.3188406E-01   4.2253292E+05   2.1216627E+05   6.3469919E+05   0.0000000E+00   0.0000000E+00   0.0000000E+00
   2.4637681E-01   4.2468913E+05   2.1452863E+05   6.3912861E+05   0.0000000E+00   0.0000000E+00   0.0000000E+00
   2.6086957E-01   4.4521240E+05   2.2252201E+05   6.6769231E+05   0.0000000E+00   0.0000000E+00   0.0000000E+00
   2.7536232E-01   4.3809145E+05   2.1762995E+05   6.5568152E+05   0.0000000E+00   0.0000000E+00   0.0000000E+00
   2.8985507E-01   4.4929997E+05   2.2482047E+05   6.7404467E+05   0.0000000E+00   0.0000000E+00   0.0000000E+00
   3.0434783E-01   4.5337912E+05   2.2548079E+05   6.7864341E+05   0.0000000E+00   0.0000000E+00   0.0000000E+00
   3.1884058E-01   4.4269044E+05   2.2542666E+05   6.6804821E+05   0.0000000E+00   0.0000000E+00   0.0000000E+00
   3.3333333E-01   4.5586098E+05   2.2860586E+05   6.8446684E+05   0.0000000E+00   0.0000000E+00   0.0000000E+00
   3.4782609E-01   4.4924314E+05   2.3114126E+05   6.8032125E+05   0.0000000E+00   0.0000000E+00   0.0000000E+00
   3.6231884E-01   4.5218694E+05   2.2565398E+05   6.7781062E+05   0.0000000E+00   0.0000000E+00   0.0000000E+00
   3.7681159E-01   4.5003730E+05   2.2402777E+05   6.7400678E+05   0.0000000E+00   0.0000000E+00   0.0000000E+00
   3.9130435E-01   4.4420208E+05   2.2024880E+05   6.6433862E+05   0.0000000E+00   0.0000000E+00   0.0000000E+00
   4.0579710E-01   4.3918959E+05   2.1692919E+05   6.5606466E+05   0.0000000E+00   0.0000000E+00   0.0000000E+00
   4.2028986E-01   4.3329474E+05   2.2110234E+05   6.5426643E+05   0.0000000E+00   0.0000000E+00   0.0000000E+00
   4.3478261E-01   4.2413048E+05   2.1292401E+05   6.3695346E+05   0.0000000E+00   0.0000000E+00   0.0000000E+00
   4.4927536E-01   4.1438419E+05   2.0947753E+05   6.2378839E+05   0.0000000E+00   0.0000000E+00   0.0000000E+00
   4.6376812E-01   4.0683356E+05   2.0262353E+05   6.0938605E+05   0.0000000E+00   0.0000000E+00   0.0000000E+00
   4.7826087E-01   3.8715752E+05   1.9512868E+05   5.8224028E+05   0.0000000E+00   0.0000000E+00   0.0000000E+00
   4.9275362E-01   3.7897977E+05   1.9028105E+05   5.6923854E+05   0.0000000E+00   0.0000000E+00   0.0000000E+00
   5.0724638E-01   3.6035792E+05   1.8402177E+05   5.4437968E+05   0.0000000E+00   0.0000000E+00   0.0000000E+00
   5.2173913E-01   3.5184240E+05   1.7596330E+05   5.2778465E+05   0.0000000E+00   0.0000000E+00   0.0000000E+00
   5.3623188E-01   3.4026473E+05   1.7106418E+05   5.1128795E+05   0.0000000E+00   0.0000000E+00   0.0000000E+00
   5.5072464E-01   3.2572707E+05   1.6073988E+05   4.8634731E+05   0.0000000E+00   0.0000000E+00   0.0000000E+00
   5.6521739E-01   3.1370299E+05   1.5708464E+05   4.7074877E+05   0.0000000E+00   0.0000000E+00   0.0000000E+00
   5.7971014E-01   2.9449436E+05   1.4781548E+05   4.4229090E+05   0.0000000E+00   0.0000000E+00   0.0000000E+00
   5.9420290E-01   2.8344896E+05   1.4289805E+05   4.2632853E+05   0.0000000E+00   0.0000000E+00   0.0000000E+00
   6.0869565E-01   2.6571300E+05   1.3287454E+05   3.9855145E+05   2.6202083E-05   0.0000000E+00   1.7468846E-05
   6.2318841E-01   2.5830010E+05   1.2802226E+05   3.8625187E+05   0.0000000E+00   0.0000000E+00   0.0000000E+00
   6.3768116E-01   2.4085694E+05   1.2165118E+05   3.6247368E+05   0.0000000E+00   0.0000000E+00   0.0000000E+00
   6.5217391E-01   2.2351548E+05   1.1243129E+05   3.3592993E+05   0.0000000E+00   0.0000000E+00   0.0000000E+00
   6.6666667E-01   2.1290754E+05   1.0624786E+05   3.1912245E+05   0.0000000E+00   0.0000000E+00   0.0000000E+00
   6.8115942E-01   1.9999412E+05   1.0219772E+05   3.0217572E+05   0.0000000E+00   0.0000000E+00   0.0000000E+00
   6.9565217E-01   1.8842386E+05   9.4559224E+04   2.8298308E+05   0.0000000E+00   0.0000000E+00   0.0000000E+00
   7.1014493E-01   1.7732585E+05   8.8423232E+04   2.6574908E+05   0.0000000E+00   0.0000000E+00   0.0000000E+00
   7.2463768E-01   1.6714156E+05   8.4063308E+04   2.5120487E+05   0.0000000E+00   0.0000000E+00   0.0000000E+00
   7.3913043E-01   1.5389483E+05   7.7036563E+04   2.3091654E+05   9.4444051E-06   0.0000000E+00   6.2942445E-06
   7.5362319E-01   1.4362025E+05   7.2975871E+04   2.1658154E+05   0.0000000E+00   0.0000000E+00   0.0000000E+00
   7.6811594E-01   1.3287556E+05   6.6466374E+04   1.9931334E+05   0.0000000E+00   0.0000000E+00   0.0000000E+00
   7.8260870E-01   1.2557381E+05   6.3313110E+04   1.8888692E+05   0.0000000E+00   0.0000000E+00   0.0000000E+00
   7.9710145E-01   1.1625058E+05   5.7477772E+04   1.7372836E+05   0.0000000E+00   0.0000000E+00   0.0000000E+00
   8.1159420E-01   1.0681381E+05   5.2689762E+04   1.5950357E+05   0.0000000E+00   0.0000000E+00   0.0000000E+00
   8.2608696E-01   9.7056764E+04   4.9864391E+04   1.4692115E+05   0.0000000E+00   0.0000000E+00   0.0000000E+00
   8.4057971E-01   9.1189691E+04   4.4810980E+04   1.3600067E+05   0.0000000E+00   0.0000000E+00   0.0000000E+00
   8.5507246E-01   8.0923709E+04   4.0609549E+04   1.2153326E+05   0.0000000E+00   0.0000000E+00   0.0000000E+00
   8.6956522E-01   7.2022872E+04   3.5803058E+04   1.0782593E+05   0.0000000E+00   0.0000000E+00   0.0000000E+00
   8.8405797E-01   6.6233639E+04   3.1526815E+04   9.7760454E+04   0.0000000E+00   0.0000000E+00   0.0000000E+00
   8.9855072E-01   5.6866916E+04   2.7755161E+04   8.4622077E+04   0.0000000E+00   0.0000000E+00   0.0000000E+00
   9.1304348E-01   4.9433298E+04   2.5606689E+04   7.5039987E+04   0.0000000E+00   0.0000000E+00   0.0000000E+00
   9.2753623E-01   4.1935990E+04   2.2329553E+04   6.4265543E+04   0.0000000E+00   0.0000000E+00   0.0000000E+00
   9.4202899E-01   3.4867545E+04   1.7579491E+04   5.2447036E+04   0.0000000E+00   0.0000000E+00   0.0000000E+00
   9.5652174E-01   2.7565542E+04   1.4132937E+04   4.1698479E+04   0.0000000E+00   0.0000000E+00   0.0000000E+00
   9.7101449E-01   1.9146988E+04   9.3755778E+03   2.8522566E+04   0.0000000E+00   0.0000000E+00   0.0000000E+00
   9.8550725E-01   6.6413392E+03   3.3986719E+03   1.0040011E+04   0.0000000E+00   0.0000000E+00   0.0000000E+00
   1.0000000E+00   0.0000000E+00   0.0000000E+00   0.0000000E+00   0.0000000E+00   0.0000000E+00   0.0000000E+00
