   0.0000000E+00   3.2734225E+05   2.7884710E+05   6.0618935E+05   0.0000000E+00   0.0000000E+00   0.0000000E+00
   1.4492754E-02   3.4249698E+05   1.6745981E+05   5.0995679E+05   0.0000000E+00   0.0000000E+00   0.0000000E+00
   2.8985507E-02   3.4931661E+05   1.7655265E+05   5.2586926E+05   0.0000000E+00   0.0000000E+00   0.0000000E+00
   4.3478261E-02   3.3845572E+05   1.7503717E+05   5.1349289E+05   0.0000000E+00   0.0000000E+00   0.0000000E+00
   5.7971014E-02   3.6712342E+05   1.8015190E+05   5.4727532E+05   0.0000000E+00   0.0000000E+00   0.0000000E+00
   7.2463768E-02   3.5143827E+05   1.8064443E+05   5.3208270E+05   0.0000000E+00   0.0000000E+00   0.0000000E+00
   8.6956522E-02   3.7053324E+05   1.7099591E+05   5.4152915E+05   0.0000000E+00   0.0000000E+00   0.0000000E+00
   1.0144928E-01   3.5613624E+05   1.8315578E+05   5.3929202E+05   0.0000000E+00   0.0000000E+00   0.0000000E+00
   1.1594203E-01   3.6409248E+05   1.8630851E+05   5.5040098E+05   0.0000000E+00   0.0000000E+00   0.0000000E+00
   1.3043478E-01   3.7297483E+05   1.8741354E+05   5.6038837E+05   0.0000000E+00   0.0000000E+00   0.0000000E+00
   1.4492754E-01   3.7432192E+05   1.8966149E+05   5.6390764E+05   0.0000000E+00   0.0000000E+00   0.0000000E+00
   1.5942029E-01   3.7831726E+05   1.9239623E+05   5.7071349E+05   0.0000000E+00   0.0000000E+00   0.0000000E+00
   1.7391304E-01   3.9395993E+05   1.9884273E+05   5.9280267E+05   0.0000000E+00   0.0000000E+00   0.0000000E+00
   1.8840580E-01   3.9658772E+05   1.9975105E+05   5.9616391E+05   0.0000000E+00   0.0000000E+00   0.0000000E+00
   2.0289855E-01   4.1128865E+05   2.0328993E+05   6.1457857E+05   0.0000000E+00   0.0000000E+00   0.0000000E+00
   2.1739130E-01   4.1867478E+05   2.0554870E+05   6.2417296E+05   0.0000000E+00   0.0000000E+00   0.0000000E+00
   2.3188406E-01   4.2390632E+05   2.1211891E+05   6.3597787E+05   0.0000000E+00   0.0000000E+00   0.0000000E+00
   2.4637681E-01   4.3525287E+05   2.1934248E+05   6.5446163E+05   0.0000000E+00   0.0000000E+00   0.0000000E+00
   2.6086957E-01   4.4037130E+05   2.1957525E+05   6.5990446E+05   0.0000000E+00   0.0000000E+00   0.0000000E+00
   2.7536232E-01   4.4363489E+05   2.2010257E+05   6.6369757E+05   0.0000000E+00   0.0000000E+00   0.0000000E+00
   2.8985507E-01   4.4717830E+05   2.2470681E+05   6.7184723E+05   0.0000000E+00   0.0000000E+00   0.0000000E+00
   3.0434783E-01   4.4904919E+05   2.2291892E+05   6.7189594E+05   0.0000000E+00   0.0000000E+00   0.0000000E+00
   3.1884058E-01   4.5088777E+05   2.2900869E+05   6.7989646E+05   0.0000000E+00   0.0000000E+00   0.0000000E+00
   3.3333333E-01   4.4795416E+05   2.3012134E+05   6.7804255E+05   0.0000000E+00   0.0000000E+00   0.0000000E+00
   3.4782609E-01   4.5208465E+05   2.2542666E+05   6.7738502E+05   0.0000000E+00   0.0000000E+00   0.0000000E+00
   3.6231884E-01   4.5342963E+05   2.2307768E+05   6.7644669E+05   0.0000000E+00   0.0000000E+00   0.0000000E+00
   3.7681159E-01   4.4610290E+05   2.2274544E+05   6.6876091E+05   0.0000000E+00   0.0000000E+00   0.0000000E+00
   3.9130435E-01   4.4529659E+05   2.1991202E+05   6.6512442E+05   0.0000000E+00   0.0000000E+00   0.0000000E+00
   4.0579710E-01   4.3840480E+05   2.1817404E+05   6.5655177E+05   0.0000000E+00   0.0000000E+00   0.0000000E+00
   4.2028986E-01   4.2984573E+05   2.1381239E+05   6.4352748E+05   0.0000000E+00   0.0000000E+00   0.0000000E+00
   4.3478261E-01   4.2044283E+05   2.1085286E+05   6.3124517E+05   0.0000000E+00   0.0000000E+00   0.0000000E+00
   4.4927536E-01   4.1010665E+05   2.0488222E+05   6.1493998E+05   0.0000000E+00   0.0000000E+00   0.0000000E+00
   4.6376812E-01   4.0306856E+05   2.0224466E+05   6.0524218E+05   0.0000000E+00   0.0000000E+00   0.0000000E+00
   4.7826087E-01   3.8662940E+05   1.9395763E+05   5.8056407E+05   0.0000000E+00   0.0000000E+00   0.0000000E+00
   4.9275362E-01   3.7418820E+05   1.8889930E+05   5.6299836E+05   0.0000000E+00   0.0000000E+00   0.0000000E+00
   5.0724638E-01   3.6152700E+05   1.8023308E+05   5.4171678E+05   0.0000000E+00   0.0000000E+00   0.0000000E+00
   5.2173913E-01   3.4897984E+05   1.7644741E+05   5.2542725E+05   0.0000000E+00   0.0000000E+00   0.0000000E+00
   5.3623188E-01   3.4071528E+05   1.6989685E+05   5.1044829E+05   0.0000000E+00   0.0000000E+00   0.0000000E+00
   5.5072464E-01   3.2315476E+05   1.6267410E+05   4.8576904E+05   0.0000000E+00   0.0000000E+00   0.0000000E+00
   5.6521739E-01   3.1228466E+05   1.5902756E+05   4.7125393E+05   0.0000000E+00   0.0000000E+00   0.0000000E+00
   5.7971014E-01   2.9625610E+05   1.4849745E+05   4.4465883E+05   0.0000000E+00   0.0000000E+00   0.0000000E+00
   5.9420290E-01   2.8372618E+05   1.4234361E+05   4.2601435E+05   0.0000000E+00   0.0000000E+00   0.0000000E+00
   6.0869565E-01   2.7135994E+05   1.3545445E+05   4.0681439E+05   0.0000000E+00   0.0000000E+00   0.0000000E+00
   6.2318841E-01   2.5452904E+05   1.2895621E+05   3.8346763E+05   0.0000000E+00   0.0000000E+00   0.0000000E+00
   6.3768116E-01   2.3994421E+05   1.2147897E+05   3.6138873E+05   0.0000000E+00   0.0000000E+00   0.0000000E+00
   6.5217391E-01   2.2927428E+05   1.1377837E+05   3.4305265E+05   0.0000000E+00   0.0000000E+00   0.0000000E+00
   6.6666667E-01   2.1417592E+05   1.0522656E+05   3.1938601E+05   0.0000000E+00   6.8667387E-10   2.2623512E-10
   6.8115942E-01   2.0162245E+05   1.0274587E+05   3.0435219E+05   0.0000000E+00   0.0000000E+00   0.0000000E+00
   6.9565217E-01   1.8990776E+05   9.2996392E+04   2.8290415E+05   0.0000000E+00   0.0000000E+00   0.0000000E+00
   7.1014493E-01   1.7545470E+05   8.8979936E+04   2.6438825E+05   0.0000000E+00   0.0000000E+00   0.0000000E+00
   7.2463768E-01   1.6648990E+05   8.3578356E+04   2.5006826E+05   0.0000000E+00   0.0000000E+00   0.0000000E+00
   7.3913043E-01   1.5597490E+05   7.8106309E+04   2.3408121E+05   0.0000000E+00   0.0000000E+00   0.0000000E+00
   7.5362319E-01   1.4535430E+05   7.1897554E+04   2.1723728E+05   0.0000000E+00   0.0000000E+00   0.0000000E+00
   7.6811594E-01   1.3401931E+05   6.8153411E+04   2.0214413E+05   0.0000000E+00   0.0000000E+00   0.0000000E+00
   7.8260870E-01   1.2487220E+05   6.2555373E+04   1.8742757E+05   0.0000000E+00   0.0000000E+00   0.0000000E+00
   7.9710145E-01   1.1637458E+05   5.8083961E+04   1.7444476E+05   0.0000000E+00   0.0000000E+00   0.0000000E+00
   8.1159420E-01   1.0713855E+05   5.4394669E+04   1.6151969E+05   0.0000000E+00   0.0000000E+00   0.0000000E+00
   8.2608696E-01   9.5940099E+04   4.7697530E+04   1.4363763E+05   0.0000000E+00   0.0000000E+00   0.0000000E+00
   8.4057971E-01   8.9621960E+04   4.4040179E+04   1.3363601E+05   0.0000000E+00   0.0000000E+00   0.0000000E+00
   8.5507246E-01   8.0422832E+04   4.1765419E+04   1.2218825E+05   0.0000000E+00   0.0000000E+00   0.0000000E+00
   8.6956522E-01   7.3323653E+04   3.6459763E+04   1.0978342E+05   0.0000000E+00   0.0000000E+00   0.0000000E+00
   8.8405797E-01   6.6879579E+04   3.2632365E+04   9.9499522E+04   0.0000000E+00   0.0000000E+00   0.0000000E+00
   8.9855072E-01   5.7404665E+04   2.8525120E+04   8.5917563E+04   0.0000000E+00   0.0000000E+00   0.0000000E+00
   9.1304348E-01   4.8603396E+04   2.4873007E+04   7.3476403E+04   0.0000000E+00   0.0000000E+00   0.0000000E+00
   9.2753623E-01   4.4055284E+04   2.2009883E+04   6.6065167E+04   0.0000000E+00   0.0000000E+00   0.0000000E+00
   9.4202899E-01   3.4611080E+04   1.7742696E+04   5.2353776E+04   0.0000000E+00   0.0000000E+00   0.0000000E+00
   9.5652174E-01   2.7691832E+04   1.3581856E+04   4.1273688E+04   0.0000000E+00   0.0000000E+00   0.0000000E+00
   9.7101449E-01   1.9441035E+04   9.9636719E+03   2.9404707E+04   0.0000000E+00   0.0000000E+00   0.0000000E+00
   9.8550725E-01   6.1733253E+03   3.5881061E+03   9.7614314E+03   0.0000000E+00   0.0000000E+00   0.0000000E+00
   1.0000000E+00   0.0000000E+00   0.0000000E+00   0.0000000E+00   0.0000000E+00   0.0000000E+00   0.0000000E+00
