   0.0000000E+00   3.1521846E+05   1.7579491E+05   4.9101337E+05   0.0000000E+00   0.0000000E+00   0.0000000E+00
   1.4492754E-02   3.5083208E+05   1.8413001E+05   5.3496210E+05   0.0000000E+00   0.0000000E+00   0.0000000E+00
   2.8985507E-02   3.4249698E+05   1.7200623E+05   5.1450321E+05   0.0000000E+00   0.0000000E+00   0.0000000E+00
   4.3478261E-02   3.5891461E+05   1.6847012E+05   5.2738473E+05   0.0000000E+00   0.0000000E+00   0.0000000E+00
   5.7971014E-02   3.4950605E+05   1.8147794E+05   5.3098398E+05   0.0000000E+00   0.0000000E+00   0.0000000E+00
   7.2463768E-02   3.5507541E+05   1.8185680E+05   5.3693221E+05   0.0000000E+00   0.0000000E+00   0.0000000E+00
   8.6956522E-02   3.6245071E+05   1.8791870E+05   5.5036941E+05   0.0000000E+00   0.0000000E+00   0.0000000E+00
   1.0144928E-01   3.6761054E+05   1.7860936E+05   5.4611165E+05   0.0000000E+00   0.0000000E+00   0.0000000E+00
   1.1594203E-01   3.6001964E+05   1.8270926E+05   5.4272890E+05   0.0000000E+00   0.0000000E+00   0.0000000E+00
   1.3043478E-01   3.6817584E+05   1.8842386E+05   5.5651550E+05   0.0000000E+00   2.4309739E-09   8.2307408E-10
   1.4492754E-01   3.8303589E+05   1.8602436E+05   5.6906025E+05   0.0000000E+00   0.0000000E+00   0.0000000E+00
   1.5942029E-01   3.8010827E+05   1.9274066E+05   5.7284893E+05   0.0000000E+00   0.0000000E+00   0.0000000E+00
   1.7391304E-01   3.9156043E+05   1.9663267E+05   5.8819310E+05   0.0000000E+00   0.0000000E+00   0.0000000E+00
   1.8840580E-01   4.0696289E+05   2.0429747E+05   6.1126035E+05   0.0000000E+00   0.0000000E+00   0.0000000E+00
   2.0289855E-01   4.0479376E+05   2.0475128E+05   6.0954504E+05   0.0000000E+00   0.0000000E+00   0.0000000E+00
   2.1739130E-01   4.1402732E+05   2.0489200E+05   6.1891932E+05   0.0000000E+00   0.0000000E+00   0.0000000E+00
   2.3188406E-01   4.2665311E+05   2.1211891E+05   6.3872467E+05   0.0000000E+00   0.0000000E+00   0.0000000E+00
   2.4637681E-01   4.2727434E+05   2.1773786E+05   6.4496764E+05   0.0000000E+00   0.0000000E+00   0.0000000E+00
   2.6086957E-01   4.3885583E+05   2.1869123E+05   6.5742077E+05   0.0000000E+00   0.0000000E+00   0.0000000E+00
   2.7536232E-01   4.4207953E+05   2.2006269E+05   6.6210234E+05   0.0000000E+00   0.0000000E+00   0.0000000E+00
   2.8985507E-01   4.4642057E+05   2.2959422E+05   6.7586324E+05   0.0000000E+00   0.0000000E+00   0.0000000E+00
   3.0434783E-01   4.5078116E+05   2.2703234E+05   6.7777742E+05   0.0000000E+00   0.0000000E+00   0.0000000E+00
   3.1884058E-01   4.5071556E+05   2.2869871E+05   6.7941426E+05   0.0000000E+00   0.0000000E+00   0.0000000E+00
   3.3333333E-01   4.5464201E+05   2.2702450E+05   6.8163356E+05   0.0000000E+00   0.0000000E+00   0.0000000E+00
   3.4782609E-01   4.4681206E+05   2.3035195E+05   6.7713244E+05   0.0000000E+00   0.0000000E+00   0.0000000E+00
   3.6231884E-01   4.5846100E+05   2.2383542E+05   6.8223580E+05   0.0000000E+00   0.0000000E+00   0.0000000E+00
   3.7681159E-01   4.5306825E+05   2.2268715E+05   6.7572626E+05   0.0000000E+00   0.0000000E+00   0.0000000E+00
   3.9130435E-01   4.4897302E+05   2.2196072E+05   6.7087761E+05   0.0000000E+00   0.0000000E+00   0.0000000E+00
   4.0579710E-01   4.3272177E+05   2.1898590E+05   6.5162649E+05   0.0000000E+00   0.0000000E+00   0.0000000E+00
   4.2028986E-01   4.2702381E+05   2.1514496E+05   6.4211652E+05   0.0000000E+00   0.0000000E+00   0.0000000E+00
   4.3478261E-01   4.1839694E+05   2.1320185E+05   6.3152301E+05   0.0000000E+00   0.0000000E+00   0.0000000E+00
   4.4927536E-01   4.1206210E+05   2.0783984E+05   6.1982861E+05   0.0000000E+00   0.0000000E+00   0.0000000E+00
   4.6376812E-01   3.9854582E+05   2.0115541E+05   5.9963019E+05   0.0000000E+00   0.0000000E+00   0.0000000E+00
   4.7826087E-01   3.8786934E+05   1.9806778E+05   5.8589119E+05   0.0000000E+00   0.0000000E+00   0.0000000E+00
   4.9275362E-01   3.7037723E+05   1.8740611E+05   5.5778334E+05   0.0000000E+00   0.0000000E+00   0.0000000E+00
   5.0724638E-01   3.6122390E+05   1.8296093E+05   5.4411989E+05   0.0000000E+00   0.0000000E+00   0.0000000E+00
   5.2173913E-01   3.4641195E+05   1.7560548E+05   5.2201743E+05   0.0000000E+00   0.0000000E+00   0.0000000E+00
   5.3623188E-01   3.3801200E+05   1.7018356E+05   5.0817508E+05   0.0000000E+00   0.0000000E+00   0.0000000E+00
   5.5072464E-01   3.1982470E+05   1.6664225E+05   4.8642707E+05   0.0000000E+00   0.0000000E+00   0.0000000E+00
   5.6521739E-01   3.1106062E+05   1.5211078E+05   4.6315198E+05   0.0000000E+00   0.0000000E+00   0.0000000E+00
   5.7971014E-01   2.9453225E+05   1.4819435E+05   4.4272660E+05   0.0000000E+00   0.0000000E+00   0.0000000E+00
   5.9420290E-01   2.8043650E+05   1.4117928E+05   4.2157882E+05   0.0000000E+00   0.0000000E+00   0.0000000E+00
   6.0869565E-01   2.7166664E+05   1.3660910E+05   4.0822162E+05   0.0000000E+00   0.0000000E+00   0.0000000E+00
   6.2318841E-01   2.5618549E+05   1.2692971E+05   3.8309757E+05   0.0000000E+00   0.0000000E+00   0.0000000E+00
   6.3768116E-01   2.4142524E+05   1.1937797E+05   3.6076877E+05   0.0000000E+00   0.0000000E+00   0.0000000E+00
   6.5217391E-01   2.2944267E+05   1.1340792E+05   3.4281691E+05   0.0000000E+00   0.0000000E+00   0.0000000E+00
   6.6666667E-01   2.1383000E+05   1.1086017E+05   3.2464075E+05   0.0000000E+00   0.0000000E+00   0.0000000E+00
   6.8115942E-01   2.0449217E+05   1.0045654E+05   3.0493259E+05   0.0000000E+00   0.0000000E+00   0.0000000E+00
   6.9565217E-01   1.9183367E+05   9.3012178E+04   2.8479849E+05   0.0000000E+00   0.0000000E+00   0.0000000E+00
   7.1014493E-01   1.7723306E+05   8.9335609E+04   2.6655321E+05   0.0000000E+00   0.0000000E+00   0.0000000E+00
   7.2463768E-01   1.6850548E+05   8.4154236E+04   2.5265972E+05   0.0000000E+00   0.0000000E+00   0.0000000E+00
   7.3913043E-01   1.5405827E+05   7.6977133E+04   2.3103540E+05   0.0000000E+00   0.0000000E+00   0.0000000E+00
   7.5362319E-01   1.4681148E+05   7.1664404E+04   2.1846131E+05   0.0000000E+00   0.0000000E+00   0.0000000E+00
   7.6811594E-01   1.3602088E+05   6.6094655E+04   2.0211554E+05   0.0000000E+00   0.0000000E+00   0.0000000E+00
   7.8260870E-01   1.2265512E+05   6.1320543E+04   1.8397566E+05   0.0000000E+00   0.0000000E+00   0.0000000E+00
   7.9710145E-01   1.1671900E+05   5.7656873E+04   1.7436210E+05   0.0000000E+00   0.0000000E+00   0.0000000E+00
   8.1159420E-01   1.0705737E+05   5.4083456E+04   1.6114082E+05   0.0000000E+00   0.0000000E+00   0.0000000E+00
   8.2608696E-01   9.8332952E+04   4.8295743E+04   1.4661540E+05   0.0000000E+00   0.0000000E+00   0.0000000E+00
   8.4057971E-01   8.9282284E+04   4.4275338E+04   1.3353149E+05   0.0000000E+00   0.0000000E+00   0.0000000E+00
   8.5507246E-01   8.0178816E+04   4.1315914E+04   1.2146904E+05   0.0000000E+00   0.0000000E+00   0.0000000E+00
   8.6956522E-01   7.3803553E+04   3.6623940E+04   1.1040223E+05   0.0000000E+00   0.0000000E+00   0.0000000E+00
   8.8405797E-01   6.7177705E+04   3.3216195E+04   1.0039390E+05   0.0000000E+00   0.0000000E+00   0.0000000E+00
   8.9855072E-01   5.7050239E+04   2.9111755E+04   8.6161994E+04   0.0000000E+00   0.0000000E+00   0.0000000E+00
   9.1304348E-01   4.9216802E+04   2.4331767E+04   7.3548569E+04   0.0000000E+00   0.0000000E+00   0.0000000E+00
   9.2753623E-01   4.1841273E+04   2.1121910E+04   6.2951343E+04   0.0000000E+00   0.0000000E+00   0.0000000E+00
   9.4202899E-01   3.5392132E+04   1.7311369E+04   5.2703501E+04   0.0000000E+00   0.0000000E+00   0.0000000E+00
   9.5652174E-01   2.7094827E+04   1.3088179E+04   4.0183006E+04   0.0000000E+00   0.0000000E+00   0.0000000E+00
   9.7101449E-01   1.9158298E+04   9.7487914E+03   2.8907089E+04   0.0000000E+00   0.0000000E+00   0.0000000E+00
   9.8550725E-01   6.5410505E+03   3.3986719E+03   9.9397224E+03   0.0000000E+00   0.0000000E+00   0.0000000E+00
   1.0000000E+00   0.0000000E+00   0.0000000E+00   0.0000000E+00   0.0000000E+00   0.0000000E+00   0.0000000E+00
