   0.0000000E+00   3.6977550E+05   1.4548544E+05   5.1526095E+05   0.0000000E+00   0.0000000E+00   0.0000000E+00
   1.4492754E-02   3.3113093E+05   1.5154734E+05   4.8267827E+05   0.0000000E+00   0.0000000E+00   0.0000000E+00
   2.8985507E-02   3.3832943E+05   1.7162736E+05   5.0995679E+05   0.0000000E+00   0.0000000E+00   0.0000000E+00
   4.3478261E-02   3.4754856E+05   1.7251139E+05   5.2005994E+05   0.0000000E+00   0.0000000E+00   0.0000000E+00
   5.7971014E-02   3.5803058E+05   1.6897528E+05   5.2700586E+05   0.0000000E+00   0.0000000E+00   0.0000000E+00
   7.2463768E-02   3.3810211E+05   1.7655265E+05   5.1465476E+05   0.0000000E+00   0.0000000E+00   0.0000000E+00
   8.6956522E-02   3.5411561E+05   1.7945730E+05   5.3357292E+05   0.0000000E+00   0.0000000E+00   0.0000000E+00
   1.0144928E-01   3.5775996E+05   1.8445476E+05   5.4221472E+05   0.0000000E+00   0.0000000E+00   0.0000000E+00
   1.1594203E-01   3.5859889E+05   1.8242511E+05   5.4102399E+05   0.0000000E+00   0.0000000E+00   0.0000000E+00
   1.3043478E-01   3.7289064E+05   1.8387744E+05   5.5676808E+05   0.0000000E+00   0.0000000E+00   0.0000000E+00
   1.4492754E-01   3.8220238E+05   1.9231357E+05   5.7451595E+05   0.0000000E+00   0.0000000E+00   0.0000000E+00
   1.5942029E-01   3.8382807E+05   1.9246512E+05   5.7629319E+05   0.0000000E+00   0.0000000E+00   0.0000000E+00
   1.7391304E-01   3.9364421E+05   2.0244198E+05   5.9608619E+05   0.0000000E+00   0.0000000E+00   0.0000000E+00
   1.8840580E-01   4.0538913E+05   2.0109166E+05   6.0630592E+05   0.0000000E+00   0.0000000E+00   0.0000000E+00
   2.0289855E-01   4.0517263E+05   2.0285694E+05   6.0802956E+05   0.0000000E+00   0.0000000E+00   0.0000000E+00
   2.1739130E-01   4.1766446E+05   2.1272195E+05   6.3038641E+05   0.0000000E+00   0.0000000E+00   0.0000000E+00
   2.3188406E-01   4.2101745E+05   2.1761250E+05   6.3862995E+05   0.0000000E+00   0.0000000E+00   0.0000000E+00
   2.4637681E-01   4.2963670E+05   2.2076881E+05   6.5036094E+05   0.0000000E+00   0.0000000E+00   0.0000000E+00
   2.6086957E-01   4.3296232E+05   2.2016460E+05   6.5308483E+05   0.0000000E+00   0.0000000E+00   0.0000000E+00
   2.7536232E-01   4.5021523E+05   2.2480851E+05   6.7494398E+05   0.0000000E+00   0.0000000E+00   0.0000000E+00
   2.8985507E-01   4.5009559E+05   2.2163798E+05   6.7169568E+05   0.0000000E+00   0.0000000E+00   0.0000000E+00
   3.0434783E-01   4.5139457E+05   2.2865607E+05   6.8001455E+05   0.0000000E+00   0.0000000E+00   0.0000000E+00
   3.1884058E-01   4.5267878E+05   2.2752766E+05   6.8013756E+05   0.0000000E+00   0.0000000E+00   0.0000000E+00
   3.3333333E-01   4.6106630E+05   2.2550903E+05   6.8657533E+05   0.0000000E+00   0.0000000E+00   0.0000000E+00
   3.4782609E-01   4.4662263E+05   2.2564767E+05   6.7223873E+05   0.0000000E+00   0.0000000E+00   0.0000000E+00
   3.6231884E-01   4.4976219E+05   2.2704822E+05   6.7678010E+05   0.0000000E+00   0.0000000E+00   0.0000000E+00
   3.7681159E-01   4.4633605E+05   2.1747043E+05   6.6377734E+05   0.0000000E+00   0.0000000E+00   0.0000000E+00
   3.9130435E-01   4.4535272E+05   2.1918235E+05   6.6450701E+05   0.0000000E+00   0.0000000E+00   0.0000000E+00
   4.0579710E-01   4.3464317E+05   2.2180035E+05   6.5633528E+05   0.0000000E+00   0.0000000E+00   0.0000000E+00
   4.2028986E-01   4.2900961E+05   2.1760107E+05   6.4655842E+05   0.0000000E+00   0.0000000E+00   0.0000000E+00
   4.3478261E-01   4.1753817E+05   2.1057502E+05   6.2806268E+05   0.0000000E+00   0.0000000E+00   0.0000000E+00
   4.4927536E-01   4.1704849E+05   2.1038192E+05   6.2743042E+05   0.0000000E+00   0.0000000E+00   0.0000000E+00
   4.6376812E-01   4.0396837E+05   1.9971097E+05   6.0363199E+05   0.0000000E+00   0.0000000E+00   0.0000000E+00
   4.7826087E-01   3.9034920E+05   1.9476129E+05   5.8506457E+05   0.0000000E+00   0.0000000E+00   0.0000000E+00
   4.9275362E-01   3.7900206E+05   1.8580149E+05   5.6469212E+05   0.0000000E+00   0.0000000E+00   0.0000000E+00
   5.0724638E-01   3.6120225E+05   1.8155371E+05   5.4273431E+05   0.0000000E+00   0.0000000E+00   0.0000000E+00
   5.2173913E-01   3.5148458E+05   1.7547919E+05   5.2692167E+05   0.0000000E+00   0.0000000E+00   0.0000000E+00
   5.3623188E-01   3.3553400E+05   1.6963062E+05   5.0506222E+05   0.0000000E+00   0.0000000E+00   0.0000000E+00
   5.5072464E-01   3.2215773E+05   1.6153750E+05   4.8365535E+05   0.0000000E+00   0.0000000E+00   0.0000000E+00
   5.6521739E-01   3.0837940E+05   1.5290738E+05   4.6128678E+05   0.0000000E+00   0.0000000E+00   0.0000000E+00
   5.7971014E-01   2.9021315E+05   1.5251345E+05   4.4265083E+05   0.0000000E+00   0.0000000E+00   0.0000000E+00
   5.9420290E-01   2.7910584E+05   1.4193702E+05   4.2100589E+05   0.0000000E+00   0.0000000E+00   0.0000000E+00
   6.0869565E-01   2.7062024E+05   1.3534620E+05   4.0593037E+05   0.0000000E+00   0.0000000E+00   0.0000000E+00
   6.2318841E-01   2.5378892E+05   1.2883286E+05   3.8258654E+05   0.0000000E+00   0.0000000E+00   0.0000000E+00
   6.3768116E-01   2.4101193E+05   1.2261557E+05   3.6355862E+05   0.0000000E+00   0.0000000E+00   0.0000000E+00
   6.5217391E-01   2.2962789E+05   1.1204400E+05   3.4165505E+05   0.0000000E+00   0.0000000E+00   0.0000000E+00
   6.6666667E-01   2.1595495E+05   1.0707149E+05   3.2297703E+05   0.0000000E+00   0.0000000E+00   0.0000000E+00
   6.8115942E-01   2.0225121E+05   1.0197201E+05   3.0420710E+05   0.0000000E+00   0.0000000E+00   0.0000000E+00
   6.9565217E-01   1.8960782E+05   9.6658786E+04   2.8623503E+05   0.0000000E+00   0.0000000E+00   0.0000000E+00
   7.1014493E-01   1.8065061E+05   8.8454160E+04   2.6908931E+05   0.0000000E+00   0.0000000E+00   0.0000000E+00
   7.2463768E-01   1.6632320E+05   8.3093405E+04   2.4941661E+05   0.0000000E+00   0.0000000E+00   0.0000000E+00
   7.3913043E-01   1.5492001E+05   7.7853730E+04   2.3277374E+05   0.0000000E+00   0.0000000E+00   0.0000000E+00
   7.5362319E-01   1.4517943E+05   7.1445826E+04   2.1661069E+05   0.0000000E+00   0.0000000E+00   0.0000000E+00
   7.6811594E-01   1.3599229E+05   6.6738016E+04   2.0270171E+05   0.0000000E+00   0.0000000E+00   0.0000000E+00
   7.8260870E-01   1.2377769E+05   6.4225200E+04   1.8800289E+05   0.0000000E+00   0.0000000E+00   0.0000000E+00
   7.9710145E-01   1.1437691E+05   5.9723428E+04   1.7410034E+05   0.0000000E+00   0.0000000E+00   0.0000000E+00
   8.1159420E-01   1.0804513E+05   5.3055099E+04   1.6108670E+05   0.0000000E+00   0.0000000E+00   0.0000000E+00
   8.2608696E-01   9.9037514E+04   4.9173123E+04   1.4821064E+05   0.0000000E+00   0.0000000E+00   0.0000000E+00
   8.4057971E-01   8.7322621E+04   4.4693400E+04   1.3201602E+05   0.0000000E+00   0.0000000E+00   0.0000000E+00
   8.5507246E-01   8.0358617E+04   3.9376622E+04   1.1973524E+05   0.0000000E+00   0.0000000E+00   0.0000000E+00
   8.6956522E-01   7.0520027E+04   3.7002808E+04   1.0752284E+05   0.0000000E+00   0.0000000E+00   0.0000000E+00
   8.8405797E-01   6.5687075E+04   3.1762831E+04   9.7449906E+04   0.0000000E+00   0.0000000E+00   0.0000000E+00
   8.9855072E-01   5.8761258E+04   2.9392850E+04   8.8154108E+04   0.0000000E+00   0.0000000E+00   0.0000000E+00
   9.1304348E-01   4.9096526E+04   2.4452043E+04   7.3548569E+04   0.0000000E+00   0.0000000E+00   0.0000000E+00
   9.2753623E-01   4.2255660E+04   2.1252146E+04   6.3507806E+04   0.0000000E+00   0.0000000E+00   0.0000000E+00
   9.4202899E-01   3.5706884E+04   1.7171479E+04   5.2878363E+04   0.0000000E+00   0.0000000E+00   0.0000000E+00
   9.5652174E-01   2.7749236E+04   1.4488844E+04   4.2238080E+04   0.0000000E+00   0.0000000E+00   0.0000000E+00
   9.7101449E-01   1.9520202E+04   9.7601009E+03   2.9280303E+04   0.0000000E+00   0.0000000E+00   0.0000000E+00
   9.8550725E-01   6.4184754E+03   2.9306581E+03   9.3491335E+03   0.0000000E+00   0.0000000E+00   0.0000000E+00
   1.0000000E+00   0.0000000E+00   0.0000000E+00   0.0000000E+00   0.0000000E+00   0.0000000E+00   0.0000000E+00
