   0.0000000E+00   3.2734225E+05   1.8185680E+05   5.0919905E+05   0.0000000E+00   0.0000000E+00   0.0000000E+00
   1.4492754E-02   3.6371361E+05   1.7882586E+05   5.4253947E+05   0.0000000E+00   0.0000000E+00   0.0000000E+00
   2.8985507E-02   3.4931661E+05   1.7806812E+05   5.2738473E+05   0.0000000E+00   0.0000000E+00   0.0000000E+00
   4.3478261E-02   3.4072893E+05   1.8741354E+05   5.2814247E+05   0.0000000E+00   0.0000000E+00   0.0000000E+00
   5.7971014E-02   3.6844946E+05   1.7314283E+05   5.4159229E+05   0.0000000E+00   0.0000000E+00   0.0000000E+00
   7.2463768E-02   3.5553005E+05   1.7549182E+05   5.3087032E+05   0.0000000E+00   0.0000000E+00   0.0000000E+00
   8.6956522E-02   3.6712342E+05   1.7440573E+05   5.4152915E+05   0.0000000E+00   0.0000000E+00   0.0000000E+00
   1.0144928E-01   3.6176514E+05   1.7828462E+05   5.4004976E+05   0.0000000E+00   0.0000000E+00   0.0000000E+00
   1.1594203E-01   3.6238757E+05   1.8555077E+05   5.4793834E+05   0.0000000E+00   0.0000000E+00   0.0000000E+00
   1.3043478E-01   3.7802641E+05   1.8522452E+05   5.6325094E+05   0.0000000E+00   0.0000000E+00   0.0000000E+00
   1.4492754E-01   3.8008072E+05   1.8746406E+05   5.6754478E+05   0.0000000E+00   0.0000000E+00   0.0000000E+00
   1.5942029E-01   3.8630794E+05   1.9143184E+05   5.7773978E+05   0.0000000E+00   0.0000000E+00   0.0000000E+00
   1.7391304E-01   3.8474080E+05   1.9985305E+05   5.8453071E+05   0.0000000E+00   0.0000000E+00   0.0000000E+00
   1.8840580E-01   3.9757861E+05   1.9433032E+05   5.9190893E+05   0.0000000E+00   0.0000000E+00   0.0000000E+00
   2.0289855E-01   4.1810828E+05   2.0431828E+05   6.2237244E+05   0.0000000E+00   0.0000000E+00   0.0000000E+00
   2.1739130E-01   4.1630053E+05   2.0761985E+05   6.2392039E+05   0.0000000E+00   0.0000000E+00   0.0000000E+00
   2.3188406E-01   4.1751291E+05   2.1429741E+05   6.3171560E+05   0.0000000E+00   0.0000000E+00   0.0000000E+00
   2.4637681E-01   4.2009813E+05   2.1800530E+05   6.3801429E+05   0.0000000E+00   0.0000000E+00   0.0000000E+00
   2.6086957E-01   4.3666681E+05   2.1902800E+05   6.5569481E+05   0.0000000E+00   0.0000000E+00   0.0000000E+00
   2.7536232E-01   4.4000573E+05   2.2353232E+05   6.6345829E+05   0.0000000E+00   0.0000000E+00   0.0000000E+00
   2.8985507E-01   4.4789815E+05   2.2508568E+05   6.7298384E+05   0.0000000E+00   0.0000000E+00   0.0000000E+00
   3.0434783E-01   4.5496675E+05   2.2898081E+05   6.8387540E+05   0.0000000E+00   0.0000000E+00   0.0000000E+00
   3.1884058E-01   4.5433203E+05   2.2935312E+05   6.8365070E+05   0.0000000E+00   0.0000000E+00   0.0000000E+00
   3.3333333E-01   4.5375249E+05   2.1984247E+05   6.7352908E+05   0.0000000E+00   0.0000000E+00   0.0000000E+00
   3.4782609E-01   4.5663107E+05   2.2403748E+05   6.8063698E+05   0.0000000E+00   0.0000000E+00   0.0000000E+00
   3.6231884E-01   4.4609474E+05   2.2635110E+05   6.7241553E+05   0.0000000E+00   0.0000000E+00   0.0000000E+00
   3.7681159E-01   4.4347997E+05   2.2641755E+05   6.6983923E+05   0.0000000E+00   0.0000000E+00   0.0000000E+00
   3.9130435E-01   4.4392144E+05   2.2392522E+05   6.6781860E+05   0.0000000E+00   0.0000000E+00   0.0000000E+00
   4.0579710E-01   4.3824242E+05   2.1757868E+05   6.5573991E+05   0.0000000E+00   0.0000000E+00   0.0000000E+00
   4.2028986E-01   4.3002863E+05   2.1501432E+05   6.4491230E+05   0.0000000E+00   0.0000000E+00   0.0000000E+00
   4.3478261E-01   4.2024076E+05   2.1201472E+05   6.3217972E+05   0.0000000E+00   0.0000000E+00   0.0000000E+00
   4.4927536E-01   4.0954446E+05   2.0573773E+05   6.1520886E+05   0.0000000E+00   0.0000000E+00   0.0000000E+00
   4.6376812E-01   4.0212139E+05   2.0385485E+05   6.0588152E+05   0.0000000E+00   0.0000000E+00   0.0000000E+00
   4.7826087E-01   3.9184171E+05   1.9659823E+05   5.8834809E+05   0.0000000E+00   0.0000000E+00   0.0000000E+00
   4.9275362E-01   3.7365333E+05   1.8956789E+05   5.6319893E+05   2.9581185E-06   0.0000000E+00   1.9625584E-06
   5.0724638E-01   3.6092081E+05   1.8415166E+05   5.4505082E+05   0.0000000E+00   0.0000000E+00   0.0000000E+00
   5.2173913E-01   3.5950396E+05   1.7665789E+05   5.3611975E+05   0.0000000E+00   0.0000000E+00   0.0000000E+00
   5.3623188E-01   3.3635317E+05   1.6680447E+05   5.0299380E+05   0.0000000E+00   0.0000000E+00   0.0000000E+00
   5.5072464E-01   3.2339404E+05   1.6299315E+05   4.8636725E+05   0.0000000E+00   0.0000000E+00   0.0000000E+00
   5.6521739E-01   3.0791310E+05   1.5580232E+05   4.6369599E+05   0.0000000E+00   0.0000000E+00   0.0000000E+00
   5.7971014E-01   2.9233481E+05   1.4929307E+05   4.4153317E+05   0.0000000E+00   0.0000000E+00   0.0000000E+00
   5.9420290E-01   2.8727461E+05   1.4210335E+05   4.2930403E+05   0.0000000E+00   0.0000000E+00   0.0000000E+00
   6.0869565E-01   2.6957385E+05   1.3294671E+05   4.0244839E+05   0.0000000E+00   0.0000000E+00   0.0000000E+00
   6.2318841E-01   2.5133950E+05   1.2809274E+05   3.7937937E+05   0.0000000E+00   0.0000000E+00   0.0000000E+00
   6.3768116E-01   2.4290627E+05   1.2096233E+05   3.6385138E+05   0.0000000E+00   0.0000000E+00   0.0000000E+00
   6.5217391E-01   2.2658011E+05   1.1364366E+05   3.4020693E+05   0.0000000E+00   0.0000000E+00   0.0000000E+00
   6.6666667E-01   2.1567492E+05   1.0743388E+05   3.2305939E+05   0.0000000E+00   0.0000000E+00   0.0000000E+00
   6.8115942E-01   1.9822069E+05   1.0211711E+05   3.0032168E+05   0.0000000E+00   0.0000000E+00   0.0000000E+00
   6.9565217E-01   1.9053920E+05   9.6958723E+04   2.8748214E+05   0.0000000E+00   0.0000000E+00   0.0000000E+00
   7.1014493E-01   1.7768152E+05   8.8871688E+04   2.6655321E+05   0.0000000E+00   0.0000000E+00   0.0000000E+00
   7.2463768E-01   1.6711125E+05   8.0592874E+04   2.4768897E+05   0.0000000E+00   0.0000000E+00   0.0000000E+00
   7.3913043E-01   1.5402855E+05   7.8299457E+04   2.3232801E+05   0.0000000E+00   0.0000000E+00   0.0000000E+00
   7.5362319E-01   1.4440713E+05   7.2699006E+04   2.1709156E+05   0.0000000E+00   0.0000000E+00   0.0000000E+00
   7.6811594E-01   1.3504869E+05   6.8110520E+04   2.0311632E+05   0.0000000E+00   0.0000000E+00   0.0000000E+00
   7.8260870E-01   1.2560187E+05   6.2457148E+04   1.8805902E+05   0.0000000E+00   0.0000000E+00   0.0000000E+00
   7.9710145E-01   1.1421158E+05   5.7739535E+04   1.7195112E+05   0.0000000E+00   0.0000000E+00   0.0000000E+00
   8.1159420E-01   1.0648907E+05   5.4069925E+04   1.6055899E+05   0.0000000E+00   0.0000000E+00   0.0000000E+00
   8.2608696E-01   9.6525019E+04   4.8907250E+04   1.4543227E+05   0.0000000E+00   0.0000000E+00   0.0000000E+00
   8.4057971E-01   9.1921298E+04   4.5699361E+04   1.3762066E+05   0.0000000E+00   0.0000000E+00   0.0000000E+00
   8.5507246E-01   8.1026453E+04   4.1495716E+04   1.2252217E+05   0.0000000E+00   0.0000000E+00   0.0000000E+00
   8.6956522E-01   7.1606117E+04   3.6762858E+04   1.0836897E+05   0.0000000E+00   0.0000000E+00   0.0000000E+00
   8.8405797E-01   6.5239886E+04   3.1141736E+04   9.6381622E+04   0.0000000E+00   0.0000000E+00   0.0000000E+00
   8.9855072E-01   5.6634706E+04   2.8354018E+04   8.4988724E+04   0.0000000E+00   0.0000000E+00   0.0000000E+00
   9.1304348E-01   5.0455641E+04   2.5041393E+04   7.5497034E+04   0.0000000E+00   0.0000000E+00   0.0000000E+00
   9.2753623E-01   4.2326698E+04   2.0529928E+04   6.2856626E+04   0.0000000E+00   0.0000000E+00   0.0000000E+00
   9.4202899E-01   3.6313073E+04   1.7870928E+04   5.4184002E+04   0.0000000E+00   0.0000000E+00   0.0000000E+00
   9.5652174E-01   2.8174028E+04   1.4121456E+04   4.2295484E+04   0.0000000E+00   0.0000000E+00   0.0000000E+00
   9.7101449E-01   1.8841632E+04   9.1380782E+03   2.7979710E+04   0.0000000E+00   0.0000000E+00   0.0000000E+00
   9.8550725E-01   6.9867780E+03   3.3986719E+03   1.0385450E+04   0.0000000E+00   0.0000000E+00   0.0000000E+00
   1.0000000E+00   0.0000000E+00   0.0000000E+00   0.0000000E+00   0.0000000E+00   0.0000000E+00   0.0000000E+00
