   0.0000000E+00   2.3641385E+05   1.4548544E+05   3.8189929E+05   0.0000000E+00   0.0000000E+00   0.0000000E+00
   1.4492754E-02   3.0082146E+05   1.6215565E+05   4.6297711E+05   0.0000000E+00   0.0000000E+00   0.0000000E+00
   2.8985507E-02   3.6181927E+05   1.6632320E+05   5.2814247E+05   0.0000000E+00   0.0000000E+00   0.0000000E+00
   4.3478261E-02   3.1471330E+05   1.7326912E+05   4.8798242E+05   0.0000000E+00   0.0000000E+00   0.0000000E+00
   5.7971014E-02   3.3548792E+05   1.7958359E+05   5.1507151E+05   0.0000000E+00   0.0000000E+00   0.0000000E+00
   7.2463768E-02   3.5113518E+05   1.8094752E+05   5.3208270E+05   0.0000000E+00   0.0000000E+00   0.0000000E+00
   8.6956522E-02   3.5537850E+05   1.7061704E+05   5.2599555E+05   0.0000000E+00   0.0000000E+00   0.0000000E+00
   1.0144928E-01   3.5895069E+05   1.7774338E+05   5.3669407E+05   0.0000000E+00   0.0000000E+00   0.0000000E+00
   1.1594203E-01   3.6541852E+05   1.8109907E+05   5.4651758E+05   0.0000000E+00   0.0000000E+00   0.0000000E+00
   1.3043478E-01   3.7903673E+05   1.8867643E+05   5.6779736E+05   0.0000000E+00   0.0000000E+00   0.0000000E+00
   1.4492754E-01   3.7758019E+05   1.9155583E+05   5.6913602E+05   0.0000000E+00   0.0000000E+00   0.0000000E+00
   1.5942029E-01   3.9126767E+05   1.8991637E+05   5.8125292E+05   0.0000000E+00   0.0000000E+00   0.0000000E+00
   1.7391304E-01   3.9143414E+05   1.9802185E+05   5.8945600E+05   0.0000000E+00   0.0000000E+00   0.0000000E+00
   1.8840580E-01   4.0020154E+05   1.9572921E+05   5.9593076E+05   0.0000000E+00   0.0000000E+00   0.0000000E+00
   2.0289855E-01   4.0782471E+05   2.0783635E+05   6.1566106E+05   0.0000000E+00   0.0000000E+00   0.0000000E+00
   2.1739130E-01   4.0948090E+05   2.1150957E+05   6.2099047E+05   0.0000000E+00   0.0000000E+00   0.0000000E+00
   2.3188406E-01   4.2679519E+05   2.1027193E+05   6.3706712E+05   0.0000000E+00   0.0000000E+00   0.0000000E+00
   2.4637681E-01   4.3333624E+05   2.1613325E+05   6.4946948E+05   0.0000000E+00   0.0000000E+00   0.0000000E+00
   2.6086957E-01   4.3948728E+05   2.2062766E+05   6.6007284E+05   0.0000000E+00   0.0000000E+00   0.0000000E+00
   2.7536232E-01   4.4323608E+05   2.2317339E+05   6.6640947E+05   0.0000000E+00   0.0000000E+00   0.0000000E+00
   2.8985507E-01   4.4960306E+05   2.2171375E+05   6.7127893E+05   0.0000000E+00   0.0000000E+00   0.0000000E+00
   3.0434783E-01   4.6156989E+05   2.2324366E+05   6.8481355E+05   0.0000000E+00   0.0000000E+00   0.0000000E+00
   3.1884058E-01   4.4647912E+05   2.2656327E+05   6.7304239E+05   0.0000000E+00   0.0000000E+00   0.0000000E+00
   3.3333333E-01   4.5180873E+05   2.3064846E+05   6.8239130E+05   0.0000000E+00   0.0000000E+00   0.0000000E+00
   3.4782609E-01   4.5012716E+05   2.2504780E+05   6.7508024E+05   0.0000000E+00   0.0000000E+00   0.0000000E+00
   3.6231884E-01   4.5837007E+05   2.2589646E+05   6.8414530E+05   0.0000000E+00   0.0000000E+00   0.0000000E+00
   3.7681159E-01   4.5126134E+05   2.2563067E+05   6.7686286E+05   0.0000000E+00   0.0000000E+00   0.0000000E+00
   3.9130435E-01   4.4044146E+05   2.2611424E+05   6.6641538E+05   0.0000000E+00   0.0000000E+00   0.0000000E+00
   4.0579710E-01   4.3588803E+05   2.1801167E+05   6.5389970E+05   0.0000000E+00   0.0000000E+00   0.0000000E+00
   4.2028986E-01   4.3481021E+05   2.1485754E+05   6.4956324E+05   0.0000000E+00   0.0000000E+00   0.0000000E+00
   4.3478261E-01   4.1996293E+05   2.1052451E+05   6.3038641E+05   0.0000000E+00   0.0000000E+00   0.0000000E+00
   4.4927536E-01   4.1093771E+05   2.0353785E+05   6.1440224E+05   0.0000000E+00   0.0000000E+00   0.0000000E+00
   4.6376812E-01   3.9835638E+05   2.0359438E+05   6.0190340E+05   0.0000000E+00   0.0000000E+00   0.0000000E+00
   4.7826087E-01   3.9014255E+05   1.9554199E+05   5.8561565E+05   0.0000000E+00   0.0000000E+00   0.0000000E+00
   4.9275362E-01   3.7220472E+05   1.8936731E+05   5.6150517E+05   0.0000000E+00   0.0000000E+00   0.0000000E+00
   5.0724638E-01   3.6254453E+05   1.8187845E+05   5.4437968E+05   0.0000000E+00   0.0000000E+00   0.0000000E+00
   5.2173913E-01   3.5354731E+05   1.7417420E+05   5.2761626E+05   0.0000000E+00   0.0000000E+00   0.0000000E+00
   5.3623188E-01   3.3721330E+05   1.6731645E+05   5.0448880E+05   0.0000000E+00   0.0000000E+00   0.0000000E+00
   5.5072464E-01   3.2482975E+05   1.6271398E+05   4.8752379E+05   0.0000000E+00   0.0000000E+00   0.0000000E+00
   5.6521739E-01   3.1201265E+05   1.5860012E+05   4.7061277E+05   0.0000000E+00   0.0000000E+00   0.0000000E+00
   5.7971014E-01   2.9436176E+05   1.4594009E+05   4.4024501E+05   0.0000000E+00   0.0000000E+00   0.0000000E+00
   5.9420290E-01   2.8598091E+05   1.4206639E+05   4.2804730E+05   0.0000000E+00   0.0000000E+00   0.0000000E+00
   6.0869565E-01   2.6439598E+05   1.3642869E+05   4.0082466E+05   0.0000000E+00   0.0000000E+00   0.0000000E+00
   6.2318841E-01   2.5289021E+05   1.2731738E+05   3.8017235E+05   0.0000000E+00   0.0000000E+00   0.0000000E+00
   6.3768116E-01   2.4068472E+05   1.2335609E+05   3.6400637E+05   0.0000000E+00   0.0000000E+00   0.0000000E+00
   6.5217391E-01   2.2855022E+05   1.1180826E+05   3.4030796E+05   0.0000000E+00   0.0000000E+00   0.0000000E+00
   6.6666667E-01   2.1411003E+05   1.0815868E+05   3.2226871E+05   0.0000000E+00   0.0000000E+00   0.0000000E+00
   6.8115942E-01   2.0141286E+05   1.0065000E+05   3.0206286E+05   0.0000000E+00   0.0000000E+00   0.0000000E+00
   6.9565217E-01   1.8836071E+05   9.4511865E+04   2.8287258E+05   0.0000000E+00   0.0000000E+00   0.0000000E+00
   7.1014493E-01   1.7799080E+05   8.8407768E+04   2.6638310E+05   0.0000000E+00   0.0000000E+00   0.0000000E+00
   7.2463768E-01   1.6589887E+05   8.3047941E+04   2.4891650E+05   0.0000000E+00   0.0000000E+00   0.0000000E+00
   7.3913043E-01   1.5695550E+05   7.9502921E+04   2.3644356E+05   0.0000000E+00   0.0000000E+00   0.0000000E+00
   7.5362319E-01   1.4640347E+05   7.2101560E+04   2.1850503E+05   0.0000000E+00   0.0000000E+00   0.0000000E+00
   7.6811594E-01   1.3410510E+05   6.4722150E+04   1.9881295E+05   0.0000000E+00   0.0000000E+00   0.0000000E+00
   7.8260870E-01   1.2519494E+05   6.2288762E+04   1.8746967E+05   0.0000000E+00   0.0000000E+00   0.0000000E+00
   7.9710145E-01   1.1733897E+05   5.6292947E+04   1.7363192E+05   0.0000000E+00   0.0000000E+00   0.0000000E+00
   8.1159420E-01   1.0663791E+05   5.1701998E+04   1.5831284E+05   0.0000000E+00   0.0000000E+00   0.0000000E+00
   8.2608696E-01   9.9050808E+04   5.0276494E+04   1.4930071E+05   0.0000000E+00   0.0000000E+00   0.0000000E+00
   8.4057971E-01   9.0131472E+04   4.5320492E+04   1.3542584E+05   0.0000000E+00   0.0000000E+00   0.0000000E+00
   8.5507246E-01   8.2541927E+04   4.1290228E+04   1.2383215E+05   0.0000000E+00   0.0000000E+00   0.0000000E+00
   8.6956522E-01   7.1037814E+04   3.5070580E+04   1.0610839E+05   0.0000000E+00   0.0000000E+00   0.0000000E+00
   8.8405797E-01   6.5413793E+04   3.3949088E+04   9.9362881E+04   0.0000000E+00   0.0000000E+00   0.0000000E+00
   8.9855072E-01   5.7930192E+04   2.8647335E+04   8.6577527E+04   0.0000000E+00   0.0000000E+00   0.0000000E+00
   9.1304348E-01   5.1345681E+04   2.4668539E+04   7.6014220E+04   0.0000000E+00   0.0000000E+00   0.0000000E+00
   9.2753623E-01   4.2231981E+04   2.0885117E+04   6.3117098E+04   0.0000000E+00   0.0000000E+00   0.0000000E+00
   9.4202899E-01   3.5380474E+04   1.8232310E+04   5.3612785E+04   0.0000000E+00   0.0000000E+00   0.0000000E+00
   9.5652174E-01   2.6589669E+04   1.3616299E+04   4.0205968E+04   0.0000000E+00   0.0000000E+00   0.0000000E+00
   9.7101449E-01   1.9045203E+04   9.9071244E+03   2.8952327E+04   0.0000000E+00   0.0000000E+00   0.0000000E+00
   9.8550725E-01   6.4073323E+03   3.1758082E+03   9.5831404E+03   0.0000000E+00   0.0000000E+00   0.0000000E+00
   1.0000000E+00   0.0000000E+00   0.0000000E+00   0.0000000E+00   0.0000000E+00   0.0000000E+00   0.0000000E+00
