   0.0000000E+00   3.6977550E+05   1.8185680E+05   5.5163231E+05   0.0000000E+00   0.0000000E+00   0.0000000E+00
   1.4492754E-02   3.1067204E+05   1.6745981E+05   4.7813185E+05   0.0000000E+00   0.0000000E+00   0.0000000E+00
   2.8985507E-02   3.5462077E+05   1.8147794E+05   5.3609870E+05   0.0000000E+00   0.0000000E+00   0.0000000E+00
   4.3478261E-02   3.5588366E+05   1.7402686E+05   5.2991052E+05   0.0000000E+00   0.0000000E+00   0.0000000E+00
   5.7971014E-02   3.5064265E+05   1.8659266E+05   5.3723531E+05   0.0000000E+00   0.0000000E+00   0.0000000E+00
   7.2463768E-02   3.6310742E+05   1.7867431E+05   5.4178173E+05   0.0000000E+00   0.0000000E+00   0.0000000E+00
   8.6956522E-02   3.5815687E+05   1.7276396E+05   5.3092084E+05   0.0000000E+00   0.0000000E+00   0.0000000E+00
   1.0144928E-01   3.5267230E+05   1.8164031E+05   5.3431261E+05   0.0000000E+00   0.0000000E+00   0.0000000E+00
   1.1594203E-01   3.6418719E+05   1.8659266E+05   5.5077985E+05   0.0000000E+00   0.0000000E+00   0.0000000E+00
   1.3043478E-01   3.6548166E+05   1.8707677E+05   5.5255843E+05   0.0000000E+00   0.0000000E+00   0.0000000E+00
   1.4492754E-01   3.6992705E+05   1.8935840E+05   5.5920967E+05   0.0000000E+00   0.0000000E+00   0.0000000E+00
   1.5942029E-01   3.8816784E+05   1.9494498E+05   5.8311282E+05   0.0000000E+00   0.0000000E+00   0.0000000E+00
   1.7391304E-01   3.9964296E+05   1.9492776E+05   5.9457072E+05   0.0000000E+00   0.0000000E+00   0.0000000E+00
   1.8840580E-01   4.0253304E+05   1.9462175E+05   5.9715479E+05   0.0000000E+00   0.0000000E+00   0.0000000E+00
   2.0289855E-01   4.0749996E+05   1.9966362E+05   6.0716358E+05   0.0000000E+00   0.0000000E+00   0.0000000E+00
   2.1739130E-01   4.0973348E+05   2.1004461E+05   6.1977809E+05   0.0000000E+00   0.0000000E+00   0.0000000E+00
   2.3188406E-01   4.3806652E+05   2.1491307E+05   6.5297959E+05   0.0000000E+00   0.0000000E+00   0.0000000E+00
   2.4637681E-01   4.4033416E+05   2.1573209E+05   6.5602168E+05   0.0000000E+00   0.0000000E+00   0.0000000E+00
   2.6086957E-01   4.4365483E+05   2.1553399E+05   6.5914672E+05   0.0000000E+00   0.0000000E+00   0.0000000E+00
   2.7536232E-01   4.4144144E+05   2.2165792E+05   6.6309936E+05   0.0000000E+00   0.0000000E+00   0.0000000E+00
   2.8985507E-01   4.4645845E+05   2.2311557E+05   6.6957402E+05   0.0000000E+00   0.0000000E+00   0.0000000E+00
   3.0434783E-01   4.5503892E+05   2.2898081E+05   6.8391148E+05   0.0000000E+00   0.0000000E+00   0.0000000E+00
   3.1884058E-01   4.4854567E+05   2.2687325E+05   6.7531560E+05   0.0000000E+00   0.0000000E+00   0.0000000E+00
   3.3333333E-01   4.5810124E+05   2.2333465E+05   6.8133706E+05   0.0000000E+00   0.0000000E+00   0.0000000E+00
   3.4782609E-01   4.5195836E+05   2.2646855E+05   6.7833219E+05   0.0000000E+00   0.0000000E+00   0.0000000E+00
   3.6231884E-01   4.5652120E+05   2.2723008E+05   6.8372096E+05   0.0000000E+00   0.0000000E+00   0.0000000E+00
   3.7681159E-01   4.3954556E+05   2.2076367E+05   6.6025095E+05   0.0000000E+00   0.0000000E+00   0.0000000E+00
   3.9130435E-01   4.4768206E+05   2.2249394E+05   6.7017600E+05   0.0000000E+00   0.0000000E+00   0.0000000E+00
   4.0579710E-01   4.3970377E+05   2.2150267E+05   6.6112526E+05   0.0000000E+00   0.0000000E+00   0.0000000E+00
   4.2028986E-01   4.3292894E+05   2.1391690E+05   6.4666294E+05   0.0000000E+00   0.0000000E+00   0.0000000E+00
   4.3478261E-01   4.2051860E+05   2.1272195E+05   6.3324055E+05   0.0000000E+00   0.0000000E+00   0.0000000E+00
   4.4927536E-01   4.1220876E+05   2.0539553E+05   6.1755540E+05   2.4192219E-05   0.0000000E+00   1.6147935E-05
   4.6376812E-01   3.9688827E+05   1.9847965E+05   5.9527320E+05   0.0000000E+00   0.0000000E+00   0.0000000E+00
   4.7826087E-01   3.9025735E+05   1.9336062E+05   5.8361798E+05   0.0000000E+00   0.0000000E+00   0.0000000E+00
   4.9275362E-01   3.7762031E+05   1.8535576E+05   5.6293150E+05   0.0000000E+00   0.0000000E+00   0.0000000E+00
   5.0724638E-01   3.6358371E+05   1.8194340E+05   5.4537557E+05   0.0000000E+00   0.0000000E+00   0.0000000E+00
   5.2173913E-01   3.5198974E+05   1.7691047E+05   5.2883706E+05   0.0000000E+00   0.0000000E+00   0.0000000E+00
   5.3623188E-01   3.4065384E+05   1.6987637E+05   5.1048925E+05   0.0000000E+00   0.0000000E+00   0.0000000E+00
   5.5072464E-01   3.2786070E+05   1.6235505E+05   4.9019581E+05   0.0000000E+00   0.0000000E+00   0.0000000E+00
   5.6521739E-01   3.0806853E+05   1.5502515E+05   4.6305483E+05   0.0000000E+00   0.0000000E+00   0.0000000E+00
   5.7971014E-01   2.9403972E+05   1.4965300E+05   4.4369272E+05   0.0000000E+00   0.0000000E+00   0.0000000E+00
   5.9420290E-01   2.8298693E+05   1.4446897E+05   4.2741893E+05   0.0000000E+00   0.0000000E+00   0.0000000E+00
   6.0869565E-01   2.6735476E+05   1.3570703E+05   4.0306179E+05   0.0000000E+00   0.0000000E+00   0.0000000E+00
   6.2318841E-01   2.5491672E+05   1.2754647E+05   3.8241032E+05   0.0000000E+00   0.0000000E+00   0.0000000E+00
   6.3768116E-01   2.4230353E+05   1.1924020E+05   3.6152650E+05   0.0000000E+00   0.0000000E+00   0.0000000E+00
   6.5217391E-01   2.2747255E+05   1.1366050E+05   3.4111622E+05   0.0000000E+00   0.0000000E+00   0.0000000E+00
   6.6666667E-01   2.1427476E+05   1.0469944E+05   3.1897420E+05   0.0000000E+00   0.0000000E+00   0.0000000E+00
   6.8115942E-01   2.0100981E+05   9.9086163E+04   3.0007985E+05   0.0000000E+00   0.0000000E+00   0.0000000E+00
   6.9565217E-01   1.8643480E+05   9.5348533E+04   2.8178333E+05   0.0000000E+00   0.0000000E+00   0.0000000E+00
   7.1014493E-01   1.7551656E+05   8.8469624E+04   2.6397072E+05   0.0000000E+00   0.0000000E+00   0.0000000E+00
   7.2463768E-01   1.6655052E+05   8.1289991E+04   2.4779505E+05   0.0000000E+00   0.0000000E+00   0.0000000E+00
   7.3913043E-01   1.5806982E+05   7.5729096E+04   2.3379891E+05   0.0000000E+00   0.0000000E+00   0.0000000E+00
   7.5362319E-01   1.4835610E+05   7.3005015E+04   2.2134654E+05   0.0000000E+00   0.0000000E+00   0.0000000E+00
   7.6811594E-01   1.3526315E+05   6.7524346E+04   2.0277320E+05   0.0000000E+00   0.0000000E+00   0.0000000E+00
   7.8260870E-01   1.2352511E+05   6.3214884E+04   1.8674000E+05   0.0000000E+00   0.0000000E+00   0.0000000E+00
   7.9710145E-01   1.1320586E+05   5.8373279E+04   1.7156536E+05   0.0000000E+00   0.0000000E+00   0.0000000E+00
   8.1159420E-01   1.0670556E+05   5.5842487E+04   1.6254805E+05   0.0000000E+00   0.0000000E+00   0.0000000E+00
   8.2608696E-01   9.7960730E+04   4.9851098E+04   1.4779853E+05   0.0000000E+00   0.0000000E+00   0.0000000E+00
   8.4057971E-01   8.8498419E+04   4.5098397E+04   1.3359682E+05   0.0000000E+00   0.0000000E+00   0.0000000E+00
   8.5507246E-01   8.0499890E+04   3.9928870E+04   1.2042876E+05   0.0000000E+00   0.0000000E+00   0.0000000E+00
   8.6956522E-01   7.3601490E+04   3.6181927E+04   1.0978342E+05   0.0000000E+00   0.0000000E+00   0.0000000E+00
   8.8405797E-01   6.4991448E+04   3.2396349E+04   9.7387797E+04   0.0000000E+00   0.0000000E+00   0.0000000E+00
   8.9855072E-01   5.7294671E+04   2.8671778E+04   8.5966449E+04   0.0000000E+00   0.0000000E+00   0.0000000E+00
   9.1304348E-01   4.9264912E+04   2.5245862E+04   7.4510774E+04   0.0000000E+00   0.0000000E+00   0.0000000E+00
   9.2753623E-01   4.3392265E+04   2.0683844E+04   6.4076108E+04   0.0000000E+00   0.0000000E+00   0.0000000E+00
   9.4202899E-01   3.6021636E+04   1.7975846E+04   5.3997482E+04   0.0000000E+00   0.0000000E+00   0.0000000E+00
   9.5652174E-01   2.6704478E+04   1.3799992E+04   4.0492989E+04   0.0000000E+00   0.0000000E+00   0.0000000E+00
   9.7101449E-01   1.9542821E+04   9.5226013E+03   2.9065422E+04   0.0000000E+00   0.0000000E+00   0.0000000E+00
   9.8550725E-01   6.2290413E+03   3.1646650E+03   9.3937062E+03   0.0000000E+00   0.0000000E+00   0.0000000E+00
   1.0000000E+00   0.0000000E+00   0.0000000E+00   0.0000000E+00   0.0000000E+00   0.0000000E+00   0.0000000E+00
