   0.0000000E+00   3.5765171E+05   1.7579491E+05   5.3344663E+05   0.0000000E+00   0.0000000E+00   0.0000000E+00
   1.4492754E-02   3.5234756E+05   1.7579491E+05   5.2814247E+05   0.0000000E+00   0.0000000E+00   0.0000000E+00
   2.8985507E-02   3.7015437E+05   1.8034133E+05   5.5049570E+05   0.0000000E+00   0.0000000E+00   0.0000000E+00
   4.3478261E-02   3.6876519E+05   1.8210938E+05   5.5087457E+05   0.0000000E+00   0.0000000E+00   0.0000000E+00
   5.7971014E-02   3.5784115E+05   1.6367112E+05   5.2151227E+05   0.0000000E+00   0.0000000E+00   0.0000000E+00
   7.2463768E-02   3.3704128E+05   1.7155159E+05   5.0859286E+05   0.0000000E+00   0.0000000E+00   0.0000000E+00
   8.6956522E-02   3.5752543E+05   1.7907844E+05   5.3660386E+05   0.0000000E+00   0.0000000E+00   0.0000000E+00
   1.0144928E-01   3.4715165E+05   1.8239804E+05   5.2954969E+05   0.0000000E+00   0.0000000E+00   0.0000000E+00
   1.1594203E-01   3.7356419E+05   1.8602436E+05   5.5949382E+05   0.0000000E+00   0.0000000E+00   0.0000000E+00
   1.3043478E-01   3.6716552E+05   1.8219358E+05   5.4935910E+05   0.0000000E+00   0.0000000E+00   0.0000000E+00
   1.4492754E-01   3.7417037E+05   1.8791870E+05   5.6208907E+05   0.0000000E+00   0.0000000E+00   0.0000000E+00
   1.5942029E-01   3.7783506E+05   1.9081187E+05   5.6864694E+05   0.0000000E+00   0.0000000E+00   0.0000000E+00
   1.7391304E-01   3.9541226E+05   2.0048450E+05   5.9583361E+05   0.0000000E+00   0.0000000E+00   0.0000000E+00
   1.8840580E-01   4.0375708E+05   1.9782756E+05   6.0158464E+05   0.0000000E+00   0.0000000E+00   0.0000000E+00
   2.0289855E-01   4.1107215E+05   2.0897295E+05   6.2004510E+05   0.0000000E+00   0.0000000E+00   0.0000000E+00
   2.1739130E-01   4.1463351E+05   2.0898378E+05   6.2356678E+05   0.0000000E+00   0.0000000E+00   0.0000000E+00
   2.3188406E-01   4.2745821E+05   2.1372910E+05   6.4113995E+05   0.0000000E+00   0.0000000E+00   0.0000000E+00
   2.4637681E-01   4.3587688E+05   2.1354803E+05   6.4938034E+05   0.0000000E+00   0.0000000E+00   0.0000000E+00
   2.6086957E-01   4.3771922E+05   2.1667060E+05   6.5434772E+05   0.0000000E+00   0.0000000E+00   0.0000000E+00
   2.7536232E-01   4.4243846E+05   2.2520732E+05   6.6752614E+05   0.0000000E+00   0.0000000E+00   0.0000000E+00
   2.8985507E-01   4.4937574E+05   2.2622229E+05   6.7559803E+05   0.0000000E+00   0.0000000E+00   0.0000000E+00
   3.0434783E-01   4.5572449E+05   2.2360449E+05   6.7929290E+05   0.0000000E+00   0.0000000E+00   0.0000000E+00
   3.1884058E-01   4.5539975E+05   2.2949089E+05   6.8485619E+05   0.0000000E+00   0.0000000E+00   0.0000000E+00
   3.3333333E-01   4.5233586E+05   2.2501485E+05   6.7728482E+05   0.0000000E+00   0.0000000E+00   0.0000000E+00
   3.4782609E-01   4.4614905E+05   2.2659484E+05   6.7271231E+05   0.0000000E+00   0.0000000E+00   0.0000000E+00
   3.6231884E-01   4.5076240E+05   2.2277459E+05   6.7344606E+05   0.0000000E+00   0.0000000E+00   0.0000000E+00
   3.7681159E-01   4.5050360E+05   2.3058510E+05   6.8097213E+05   0.0000000E+00   0.0000000E+00   0.0000000E+00
   3.9130435E-01   4.4181662E+05   2.2443038E+05   6.6616280E+05   0.0000000E+00   0.0000000E+00   0.0000000E+00
   4.0579710E-01   4.3713288E+05   2.1692919E+05   6.5395382E+05   0.0000000E+00   0.0000000E+00   0.0000000E+00
   4.2028986E-01   4.2812123E+05   2.1227079E+05   6.4028750E+05   0.0000000E+00   0.0000000E+00   0.0000000E+00
   4.3478261E-01   4.1768972E+05   2.1188843E+05   6.2957815E+05   0.0000000E+00   0.0000000E+00   0.0000000E+00
   4.4927536E-01   4.1035108E+05   2.0867091E+05   6.1894866E+05   0.0000000E+00   0.0000000E+00   0.0000000E+00
   4.6376812E-01   4.0032176E+05   1.9779295E+05   5.9804368E+05   2.4922898E-06   7.5800789E-09   1.6707335E-06
   4.7826087E-01   3.8894854E+05   1.9251104E+05   5.8136773E+05   0.0000000E+00   0.0000000E+00   0.0000000E+00
   4.9275362E-01   3.7528024E+05   1.8716096E+05   5.6239662E+05   0.0000000E+00   0.0000000E+00   0.0000000E+00
   5.0724638E-01   3.6479609E+05   1.8577539E+05   5.5044158E+05   0.0000000E+00   0.0000000E+00   0.0000000E+00
   5.2173913E-01   3.5556794E+05   1.7587910E+05   5.3140495E+05   1.2842125E-05   0.0000000E+00   8.5927839E-06
   5.3623188E-01   3.4036713E+05   1.7311211E+05   5.1337684E+05   0.0000000E+00   0.0000000E+00   0.0000000E+00
   5.5072464E-01   3.2594642E+05   1.6325237E+05   4.8911903E+05   0.0000000E+00   0.0000000E+00   0.0000000E+00
   5.6521739E-01   3.0808796E+05   1.5362626E+05   4.6163650E+05   0.0000000E+00   0.0000000E+00   0.0000000E+00
   5.7971014E-01   2.9409655E+05   1.4665994E+05   4.4069966E+05   2.7478993E-05   0.0000000E+00   1.8337834E-05
   5.9420290E-01   2.8424366E+05   1.4413630E+05   4.2837997E+05   0.0000000E+00   0.0000000E+00   0.0000000E+00
   6.0869565E-01   2.7053004E+05   1.3606786E+05   4.0659790E+05   0.0000000E+00   0.0000000E+00   0.0000000E+00
   6.2318841E-01   2.5747188E+05   1.2825134E+05   3.8570559E+05   0.0000000E+00   0.0000000E+00   0.0000000E+00
   6.3768116E-01   2.3939313E+05   1.2142730E+05   3.6078599E+05   0.0000000E+00   0.0000000E+00   0.0000000E+00
   6.5217391E-01   2.2784300E+05   1.1266703E+05   3.4045951E+05   0.0000000E+00   0.0000000E+00   0.0000000E+00
   6.6666667E-01   2.1570787E+05   1.0779628E+05   3.2343826E+05   0.0000000E+00   0.0000000E+00   0.0000000E+00
   6.8115942E-01   2.0429871E+05   9.9327994E+04   3.0354609E+05   0.0000000E+00   0.0000000E+00   0.0000000E+00
   6.9565217E-01   1.8974989E+05   9.3091109E+04   2.8282522E+05   0.0000000E+00   0.0000000E+00   0.0000000E+00
   7.1014493E-01   1.7936710E+05   8.7881991E+04   2.6723363E+05   0.0000000E+00   0.0000000E+00   0.0000000E+00
   7.2463768E-01   1.6364081E+05   8.5715174E+04   2.4934083E+05   0.0000000E+00   0.0000000E+00   0.0000000E+00
   7.3913043E-01   1.5659891E+05   7.9710928E+04   2.3625041E+05   0.0000000E+00   0.0000000E+00   0.0000000E+00
   7.5362319E-01   1.4634518E+05   7.2203563E+04   2.1854875E+05   0.0000000E+00   0.0000000E+00   0.0000000E+00
   7.6811594E-01   1.3330447E+05   6.6738016E+04   2.0004248E+05   0.0000000E+00   0.0000000E+00   0.0000000E+00
   7.8260870E-01   1.2323044E+05   6.2541341E+04   1.8577178E+05   0.0000000E+00   0.0000000E+00   0.0000000E+00
   7.9710145E-01   1.1270989E+05   5.7891083E+04   1.7058719E+05   0.0000000E+00   0.0000000E+00   0.0000000E+00
   8.1159420E-01   1.0539305E+05   5.2162052E+04   1.5751451E+05   0.0000000E+00   0.0000000E+00   0.0000000E+00
   8.2608696E-01   9.6950415E+04   4.8295743E+04   1.4523286E+05   0.0000000E+00   0.0000000E+00   0.0000000E+00
   8.4057971E-01   8.7596974E+04   4.4066308E+04   1.3165022E+05   0.0000000E+00   0.0000000E+00   0.0000000E+00
   8.5507246E-01   8.1797033E+04   3.9209663E+04   1.2100670E+05   0.0000000E+00   0.0000000E+00   0.0000000E+00
   8.6956522E-01   7.3816182E+04   3.6788116E+04   1.1060430E+05   0.0000000E+00   0.0000000E+00   0.0000000E+00
   8.8405797E-01   6.5165355E+04   3.2955335E+04   9.8120690E+04   0.0000000E+00   0.0000000E+00   0.0000000E+00
   8.9855072E-01   5.6659149E+04   2.9673946E+04   8.6333096E+04   0.0000000E+00   0.0000000E+00   0.0000000E+00
   9.1304348E-01   5.0527807E+04   2.3946885E+04   7.4474691E+04   0.0000000E+00   0.0000000E+00   0.0000000E+00
   9.2753623E-01   4.1864952E+04   2.1039033E+04   6.2903984E+04   0.0000000E+00   1.5472779E-09   5.1750665E-10
   9.4202899E-01   3.6114896E+04   1.7707723E+04   5.3822620E+04   0.0000000E+00   0.0000000E+00   0.0000000E+00
   9.5652174E-01   2.6727439E+04   1.3375201E+04   4.0102640E+04   0.0000000E+00   0.0000000E+00   0.0000000E+00
   9.7101449E-01   1.9441035E+04   9.6696248E+03   2.9110660E+04   0.0000000E+00   0.0000000E+00   0.0000000E+00
   9.8550725E-01   6.9867780E+03   3.7106811E+03   1.0697459E+04   0.0000000E+00   0.0000000E+00   0.0000000E+00
   1.0000000E+00   0.0000000E+00   0.0000000E+00   0.0000000E+00   0.0000000E+00   0.0000000E+00   0.0000000E+00
