   0.0000000E+00   4.1827065E+05   1.5154734E+05   5.6981799E+05   0.0000000E+00   0.0000000E+00   0.0000000E+00
   1.4492754E-02   3.3037319E+05   1.6897528E+05   4.9934847E+05   0.0000000E+00   0.0000000E+00   0.0000000E+00
   2.8985507E-02   3.4969548E+05   1.7390057E+05   5.2359605E+05   0.0000000E+00   0.0000000E+00   0.0000000E+00
   4.3478261E-02   3.3921346E+05   1.8135165E+05   5.2056510E+05   0.0000000E+00   0.0000000E+00   0.0000000E+00
   5.7971014E-02   3.6750229E+05   1.6897528E+05   5.3647757E+05   0.0000000E+00   0.0000000E+00   0.0000000E+00
   7.2463768E-02   3.5780326E+05   1.7488563E+05   5.3268889E+05   0.0000000E+00   0.0000000E+00   0.0000000E+00
   8.6956522E-02   3.5929348E+05   1.7086962E+05   5.3016310E+05   0.0000000E+00   0.0000000E+00   0.0000000E+00
   1.0144928E-01   3.6977550E+05   1.7287221E+05   5.4264771E+05   0.0000000E+00   0.0000000E+00   0.0000000E+00
   1.1594203E-01   3.6844946E+05   1.8716096E+05   5.5561042E+05   0.0000000E+00   0.0000000E+00   0.0000000E+00
   1.3043478E-01   3.6480812E+05   1.9229673E+05   5.5710485E+05   0.0000000E+00   0.0000000E+00   0.0000000E+00
   1.4492754E-01   3.7750442E+05   1.8769138E+05   5.6519579E+05   0.0000000E+00   0.0000000E+00   0.0000000E+00
   1.5942029E-01   3.7266868E+05   1.8853866E+05   5.6120734E+05   0.0000000E+00   0.0000000E+00   0.0000000E+00
   1.7391304E-01   3.9989554E+05   1.9252826E+05   5.9242380E+05   0.0000000E+00   0.0000000E+00   0.0000000E+00
   1.8840580E-01   3.9752032E+05   1.9485490E+05   5.9225865E+05   0.0000000E+00   0.0000000E+00   0.0000000E+00
   2.0289855E-01   4.0906956E+05   2.0653737E+05   6.1549868E+05   0.0000000E+00   0.0000000E+00   0.0000000E+00
   2.1739130E-01   4.1271391E+05   2.1156008E+05   6.2422348E+05   0.0000000E+00   0.0000000E+00   0.0000000E+00
   2.3188406E-01   4.2243820E+05   2.0567815E+05   6.2806899E+05   0.0000000E+00   0.0000000E+00   0.0000000E+00
   2.4637681E-01   4.2870067E+05   2.1760415E+05   6.4621567E+05   0.0000000E+00   0.0000000E+00   0.0000000E+00
   2.6086957E-01   4.4702255E+05   2.1848074E+05   6.6546119E+05   0.0000000E+00   0.0000000E+00   0.0000000E+00
   2.7536232E-01   4.4052418E+05   2.2185732E+05   6.6238150E+05   0.0000000E+00   0.0000000E+00   0.0000000E+00
   2.8985507E-01   4.4668578E+05   2.2122122E+05   6.6786911E+05   0.0000000E+00   0.0000000E+00   0.0000000E+00
   3.0434783E-01   4.5413685E+05   2.2609419E+05   6.8008672E+05   0.0000000E+00   0.0000000E+00   0.0000000E+00
   3.1884058E-01   4.5801738E+05   2.2911202E+05   6.8709496E+05   0.0000000E+00   0.0000000E+00   0.0000000E+00
   3.3333333E-01   4.5368660E+05   2.3351468E+05   6.8720128E+05   0.0000000E+00   0.0000000E+00   0.0000000E+00
   3.4782609E-01   4.5331597E+05   2.2249043E+05   6.7574326E+05   0.0000000E+00   0.0000000E+00   0.0000000E+00
   3.6231884E-01   4.5127766E+05   2.2638141E+05   6.7762876E+05   0.0000000E+00   0.0000000E+00   0.0000000E+00
   3.7681159E-01   4.5044531E+05   2.2726272E+05   6.7764975E+05   0.0000000E+00   0.0000000E+00   0.0000000E+00
   3.9130435E-01   4.4423015E+05   2.1598302E+05   6.6012897E+05   0.0000000E+00   0.0000000E+00   0.0000000E+00
   4.0579710E-01   4.3380425E+05   2.2139442E+05   6.5509043E+05   0.0000000E+00   0.0000000E+00   0.0000000E+00
   4.2028986E-01   4.2697156E+05   2.1757494E+05   6.4449424E+05   0.0000000E+00   0.0000000E+00   0.0000000E+00
   4.3478261E-01   4.2019025E+05   2.0807449E+05   6.2823948E+05   0.0000000E+00   0.0000000E+00   0.0000000E+00
   4.4927536E-01   4.1193988E+05   2.0598216E+05   6.1787316E+05   0.0000000E+00   0.0000000E+00   0.0000000E+00
   4.6376812E-01   4.0067695E+05   1.9982937E+05   6.0041161E+05   0.0000000E+00   0.0000000E+00   0.0000000E+00
   4.7826087E-01   3.9163506E+05   1.9712635E+05   5.8869252E+05   0.0000000E+00   0.0000000E+00   0.0000000E+00
   4.9275362E-01   3.7423278E+05   1.8604664E+05   5.6027942E+05   0.0000000E+00   0.0000000E+00   0.0000000E+00
   5.0724638E-01   3.6001152E+05   1.8739911E+05   5.4741063E+05   0.0000000E+00   0.0000000E+00   0.0000000E+00
   5.2173913E-01   3.5664140E+05   1.7585806E+05   5.3241526E+05   0.0000000E+00   0.0000000E+00   0.0000000E+00
   5.3623188E-01   3.3461242E+05   1.6862713E+05   5.0315764E+05   0.0000000E+00   0.0000000E+00   0.0000000E+00
   5.5072464E-01   3.2453065E+05   1.6381071E+05   4.8828153E+05   0.0000000E+00   0.0000000E+00   0.0000000E+00
   5.6521739E-01   3.0937029E+05   1.5700693E+05   4.6637721E+05   0.0000000E+00   0.0000000E+00   0.0000000E+00
   5.7971014E-01   3.0197701E+05   1.4806175E+05   4.5001982E+05   0.0000000E+00   0.0000000E+00   0.0000000E+00
   5.9420290E-01   2.8112031E+05   1.3997799E+05   4.2106134E+05   0.0000000E+00   0.0000000E+00   0.0000000E+00
   6.0869565E-01   2.7083674E+05   1.3449826E+05   4.0533500E+05   0.0000000E+00   0.0000000E+00   0.0000000E+00
   6.2318841E-01   2.5070511E+05   1.2971395E+05   3.8036619E+05   0.0000000E+00   0.0000000E+00   0.0000000E+00
   6.3768116E-01   2.4271684E+05   1.2204727E+05   3.6476411E+05   0.0000000E+00   0.0000000E+00   0.0000000E+00
   6.5217391E-01   2.2641172E+05   1.1105052E+05   3.3741173E+05   0.0000000E+00   0.0000000E+00   0.0000000E+00
   6.6666667E-01   2.1518075E+05   1.0746683E+05   3.2258168E+05   0.0000000E+00   0.0000000E+00   0.0000000E+00
   6.8115942E-01   2.0196101E+05   1.0131101E+05   3.0325589E+05   0.0000000E+00   0.0000000E+00   0.0000000E+00
   6.9565217E-01   1.8872379E+05   9.3864632E+04   2.8258842E+05   0.0000000E+00   0.0000000E+00   0.0000000E+00
   7.1014493E-01   1.7731038E+05   8.6876830E+04   2.6415629E+05   0.0000000E+00   0.0000000E+00   0.0000000E+00
   7.2463768E-01   1.6644444E+05   8.3805677E+04   2.5021981E+05   0.0000000E+00   0.0000000E+00   0.0000000E+00
   7.3913043E-01   1.5385026E+05   7.9488064E+04   2.3333833E+05   0.0000000E+00   0.0000000E+00   0.0000000E+00
   7.5362319E-01   1.4396997E+05   7.2305566E+04   2.1626096E+05   0.0000000E+00   0.0000000E+00   0.0000000E+00
   7.6811594E-01   1.3460549E+05   6.7224111E+04   2.0181530E+05   0.0000000E+00   0.0000000E+00   0.0000000E+00
   7.8260870E-01   1.2641574E+05   6.2864080E+04   1.8926579E+05   0.0000000E+00   0.0000000E+00   0.0000000E+00
   7.9710145E-01   1.1412892E+05   5.7340001E+04   1.7146892E+05   0.0000000E+00   0.0000000E+00   0.0000000E+00
   8.1159420E-01   1.0717915E+05   5.2973913E+04   1.6013953E+05   0.0000000E+00   0.0000000E+00   0.0000000E+00
   8.2608696E-01   9.5940099E+04   4.8960425E+04   1.4490052E+05   0.0000000E+00   0.0000000E+00   0.0000000E+00
   8.4057971E-01   8.9569702E+04   4.4210016E+04   1.3377972E+05   0.0000000E+00   0.0000000E+00   0.0000000E+00
   8.5507246E-01   8.1989678E+04   3.9286721E+04   1.2127640E+05   0.0000000E+00   0.0000000E+00   0.0000000E+00
   8.6956522E-01   7.3550974E+04   3.8114155E+04   1.1166513E+05   0.0000000E+00   0.0000000E+00   0.0000000E+00
   8.8405797E-01   6.5562856E+04   3.1812519E+04   9.7375375E+04   0.0000000E+00   0.0000000E+00   0.0000000E+00
   8.9855072E-01   5.8504605E+04   2.8500677E+04   8.7005282E+04   0.0000000E+00   0.0000000E+00   0.0000000E+00
   9.1304348E-01   5.0708220E+04   2.4704621E+04   7.5388786E+04   0.0000000E+00   0.0000000E+00   0.0000000E+00
   9.2753623E-01   4.3427784E+04   2.0967995E+04   6.4395779E+04   0.0000000E+00   0.0000000E+00   0.0000000E+00
   9.4202899E-01   3.6161526E+04   1.8115735E+04   5.4277262E+04   0.0000000E+00   0.0000000E+00   0.0000000E+00
   9.5652174E-01   2.6922614E+04   1.3719626E+04   4.0642240E+04   0.0000000E+00   0.0000000E+00   0.0000000E+00
   9.7101449E-01   2.0447581E+04   9.1380782E+03   2.9585659E+04   0.0000000E+00   0.0000000E+00   0.0000000E+00
   9.8550725E-01   6.8753461E+03   3.3652423E+03   1.0240588E+04   0.0000000E+00   0.0000000E+00   0.0000000E+00
   1.0000000E+00   0.0000000E+00   0.0000000E+00   0.0000000E+00   0.0000000E+00   0.0000000E+00   0.0000000E+00
