   0.0000000E+00   3.4552793E+05   1.7579491E+05   5.2132284E+05   0.0000000E+00   0.0000000E+00   0.0000000E+00
   1.4492754E-02   3.6068266E+05   1.9701154E+05   5.5769420E+05   0.0000000E+00   0.0000000E+00   0.0000000E+00
   2.8985507E-02   3.4249698E+05   1.7465831E+05   5.1715529E+05   0.0000000E+00   0.0000000E+00   0.0000000E+00
   4.3478261E-02   3.5638882E+05   1.7983617E+05   5.3622499E+05   0.0000000E+00   0.0000000E+00   0.0000000E+00
   5.7971014E-02   3.5708341E+05   1.8128850E+05   5.3837191E+05   0.0000000E+00   0.0000000E+00   0.0000000E+00
   7.2463768E-02   3.6204659E+05   1.7352170E+05   5.3556829E+05   0.0000000E+00   0.0000000E+00   0.0000000E+00
   8.6956522E-02   3.6245071E+05   1.7667894E+05   5.3912965E+05   0.0000000E+00   0.0000000E+00   0.0000000E+00
   1.0144928E-01   3.5786821E+05   1.7850111E+05   5.3636932E+05   0.0000000E+00   0.0000000E+00   0.0000000E+00
   1.1594203E-01   3.7470079E+05   1.7768925E+05   5.5239004E+05   0.0000000E+00   0.0000000E+00   0.0000000E+00
   1.3043478E-01   3.7297483E+05   1.8387744E+05   5.5685227E+05   0.0000000E+00   0.0000000E+00   0.0000000E+00
   1.4492754E-01   3.7970185E+05   1.8988881E+05   5.6959067E+05   0.0000000E+00   0.0000000E+00   0.0000000E+00
   1.5942029E-01   3.8699679E+05   1.9156961E+05   5.7856640E+05   0.0000000E+00   0.0000000E+00   0.0000000E+00
   1.7391304E-01   3.9427565E+05   2.0206312E+05   5.9633877E+05   0.0000000E+00   0.0000000E+00   0.0000000E+00
   1.8840580E-01   4.1290821E+05   1.9969276E+05   6.1248439E+05   0.0000000E+00   0.0000000E+00   0.0000000E+00
   2.0289855E-01   4.1026029E+05   2.0496777E+05   6.1522806E+05   0.0000000E+00   0.0000000E+00   0.0000000E+00
   2.1739130E-01   4.2256449E+05   2.1464154E+05   6.3715552E+05   0.0000000E+00   0.0000000E+00   0.0000000E+00
   2.3188406E-01   4.2603745E+05   2.1353967E+05   6.3952976E+05   0.0000000E+00   0.0000000E+00   0.0000000E+00
   2.4637681E-01   4.3231106E+05   2.1287944E+05   6.4519050E+05   0.0000000E+00   0.0000000E+00   0.0000000E+00
   2.6086957E-01   4.3822438E+05   2.1734414E+05   6.5552642E+05   0.0000000E+00   0.0000000E+00   0.0000000E+00
   2.7536232E-01   4.4949738E+05   2.1950435E+05   6.6900173E+05   0.0000000E+00   0.0000000E+00   0.0000000E+00
   2.8985507E-01   4.4676155E+05   2.2576765E+05   6.7241553E+05   0.0000000E+00   0.0000000E+00   0.0000000E+00
   3.0434783E-01   4.6019875E+05   2.2717667E+05   6.8730326E+05   0.0000000E+00   0.0000000E+00   0.0000000E+00
   3.1884058E-01   4.5650191E+05   2.3358955E+05   6.9009146E+05   0.0000000E+00   0.0000000E+00   0.0000000E+00
   3.3333333E-01   4.5546564E+05   2.2774929E+05   6.8314904E+05   0.0000000E+00   0.0000000E+00   0.0000000E+00
   3.4782609E-01   4.5277924E+05   2.2571081E+05   6.7842691E+05   1.1757879E-05   0.0000000E+00   7.8471588E-06
   3.6231884E-01   4.5015621E+05   2.2444161E+05   6.7447658E+05   0.0000000E+00   0.0000000E+00   0.0000000E+00
   3.7681159E-01   4.4869669E+05   2.2490208E+05   6.7354048E+05   0.0000000E+00   0.0000000E+00   0.0000000E+00
   3.9130435E-01   4.4013276E+05   2.1820010E+05   6.5830479E+05   0.0000000E+00   0.0000000E+00   0.0000000E+00
   4.0579710E-01   4.3648339E+05   2.1663151E+05   6.5306077E+05   0.0000000E+00   0.0000000E+00   0.0000000E+00
   4.2028986E-01   4.2542995E+05   2.1569367E+05   6.4099298E+05   0.0000000E+00   0.0000000E+00   0.0000000E+00
   4.3478261E-01   4.1771498E+05   2.1353020E+05   6.3116940E+05   0.0000000E+00   0.0000000E+00   0.0000000E+00
   4.4927536E-01   4.1294205E+05   2.0559107E+05   6.1843535E+05   0.0000000E+00   0.0000000E+00   0.0000000E+00
   4.6376812E-01   4.0098478E+05   2.0136852E+05   6.0228227E+05   0.0000000E+00   0.0000000E+00   0.0000000E+00
   4.7826087E-01   3.8346069E+05   1.9370505E+05   5.7714277E+05   0.0000000E+00   0.0000000E+00   0.0000000E+00
   4.9275362E-01   3.7762031E+05   1.8455346E+05   5.6215147E+05   0.0000000E+00   0.0000000E+00   0.0000000E+00
   5.0724638E-01   3.6252288E+05   1.8064443E+05   5.4310236E+05   0.0000000E+00   0.0000000E+00   0.0000000E+00
   5.2173913E-01   3.4984282E+05   1.7739458E+05   5.2715320E+05   0.0000000E+00   0.0000000E+00   0.0000000E+00
   5.3623188E-01   3.3780721E+05   1.6489989E+05   5.0268661E+05   0.0000000E+00   0.0000000E+00   0.0000000E+00
   5.5072464E-01   3.2734225E+05   1.6357142E+05   4.9085385E+05   0.0000000E+00   0.0000000E+00   0.0000000E+00
   5.6521739E-01   3.0962287E+05   1.5832811E+05   4.6793155E+05   0.0000000E+00   0.0000000E+00   0.0000000E+00
   5.7971014E-01   2.9758214E+05   1.4861111E+05   4.4617430E+05   0.0000000E+00   0.0000000E+00   0.0000000E+00
   5.9420290E-01   2.8060283E+05   1.4143802E+05   4.2194844E+05   0.0000000E+00   0.0000000E+00   0.0000000E+00
   6.0869565E-01   2.7101715E+05   1.3453434E+05   4.0551542E+05   0.0000000E+00   0.0000000E+00   0.0000000E+00
   6.2318841E-01   2.5650268E+05   1.2895621E+05   3.8545889E+05   0.0000000E+00   0.0000000E+00   0.0000000E+00
   6.3768116E-01   2.3865261E+05   1.2053180E+05   3.5920163E+05   0.0000000E+00   0.0000000E+00   0.0000000E+00
   6.5217391E-01   2.2383542E+05   1.1329005E+05   3.3702444E+05   0.0000000E+00   0.0000000E+00   0.0000000E+00
   6.6666667E-01   2.1285812E+05   1.0764803E+05   3.2047320E+05   0.0000000E+00   0.0000000E+00   0.0000000E+00
   6.8115942E-01   1.9967168E+05   1.0135937E+05   3.0098268E+05   0.0000000E+00   0.0000000E+00   0.0000000E+00
   6.9565217E-01   1.8873958E+05   9.5585325E+04   2.8430912E+05   0.0000000E+00   0.0000000E+00   0.0000000E+00
   7.1014493E-01   1.7709389E+05   8.8206736E+04   2.6526970E+05   2.5459911E-09   0.0000000E+00   1.6997021E-09
   7.2463768E-01   1.6435309E+05   8.2487215E+04   2.4682515E+05   0.0000000E+00   0.0000000E+00   0.0000000E+00
   7.3913043E-01   1.5456343E+05   7.6085678E+04   2.3064910E+05   0.0000000E+00   0.0000000E+00   0.0000000E+00
   7.5362319E-01   1.4474228E+05   7.4214479E+04   2.1895676E+05   0.0000000E+00   0.0000000E+00   0.0000000E+00
   7.6811594E-01   1.3436244E+05   6.8396458E+04   2.0273031E+05   0.0000000E+00   0.0000000E+00   0.0000000E+00
   7.8260870E-01   1.2414253E+05   6.2274730E+04   1.8641726E+05   0.0000000E+00   0.0000000E+00   0.0000000E+00
   7.9710145E-01   1.1516220E+05   5.8924360E+04   1.7408656E+05   0.0000000E+00   0.0000000E+00   0.0000000E+00
   8.1159420E-01   1.0688147E+05   5.3880491E+04   1.6076196E+05   0.0000000E+00   0.0000000E+00   0.0000000E+00
   8.2608696E-01   9.9675608E+04   4.6873325E+04   1.4653564E+05   0.0000000E+00   0.0000000E+00   0.0000000E+00
   8.4057971E-01   8.8132615E+04   4.3373893E+04   1.3150651E+05   0.0000000E+00   0.0000000E+00   0.0000000E+00
   8.5507246E-01   7.8855987E+04   4.1482873E+04   1.2033886E+05   0.0000000E+00   0.0000000E+00   0.0000000E+00
   8.6956522E-01   7.3626748E+04   3.6649198E+04   1.1027595E+05   0.0000000E+00   0.0000000E+00   0.0000000E+00
   8.8405797E-01   6.6109420E+04   3.2371505E+04   9.8480925E+04   0.0000000E+00   0.0000000E+00   0.0000000E+00
   8.9855072E-01   5.7343557E+04   2.9673946E+04   8.7017503E+04   0.0000000E+00   0.0000000E+00   0.0000000E+00
   9.1304348E-01   4.9240857E+04   2.5702909E+04   7.4943766E+04   0.0000000E+00   0.0000000E+00   0.0000000E+00
   9.2753623E-01   4.3344906E+04   2.2128279E+04   6.5473185E+04   0.0000000E+00   0.0000000E+00   0.0000000E+00
   9.4202899E-01   3.5217270E+04   1.8232310E+04   5.3449580E+04   0.0000000E+00   0.0000000E+00   0.0000000E+00
   9.5652174E-01   2.7427772E+04   1.4328112E+04   4.1755884E+04   0.0000000E+00   0.0000000E+00   0.0000000E+00
   9.7101449E-01   1.9282702E+04   9.5112918E+03   2.8782684E+04   0.0000000E+00   0.0000000E+00   0.0000000E+00
   9.8550725E-01   6.1510390E+03   3.1646650E+03   9.3157039E+03   0.0000000E+00   0.0000000E+00   0.0000000E+00
   1.0000000E+00   0.0000000E+00   0.0000000E+00   0.0000000E+00   0.0000000E+00   0.0000000E+00   0.0000000E+00
