   0.0000000E+00   3.1521846E+05   1.8185680E+05   4.9707526E+05   0.0000000E+00   0.0000000E+00   0.0000000E+00
   1.4492754E-02   3.6219813E+05   1.6897528E+05   5.3117342E+05   0.0000000E+00   0.0000000E+00   0.0000000E+00
   2.8985507E-02   3.4514906E+05   1.7617378E+05   5.2132284E+05   0.0000000E+00   0.0000000E+00   0.0000000E+00
   4.3478261E-02   3.5083208E+05   1.8716096E+05   5.3799305E+05   0.0000000E+00   0.0000000E+00   0.0000000E+00
   5.7971014E-02   3.5083208E+05   1.7086962E+05   5.2170171E+05   0.0000000E+00   0.0000000E+00   0.0000000E+00
   7.2463768E-02   3.6341051E+05   1.7291551E+05   5.3632602E+05   0.0000000E+00   0.0000000E+00   0.0000000E+00
   8.6956522E-02   3.5739914E+05   1.7970988E+05   5.3710902E+05   0.0000000E+00   0.0000000E+00   0.0000000E+00
   1.0144928E-01   3.5267230E+05   1.8185680E+05   5.3452911E+05   0.0000000E+00   0.0000000E+00   0.0000000E+00
   1.1594203E-01   3.5623096E+05   1.7484774E+05   5.3107870E+05   0.0000000E+00   0.0000000E+00   0.0000000E+00
   1.3043478E-01   3.7263806E+05   1.9448575E+05   5.6712381E+05   0.0000000E+00   0.0000000E+00   0.0000000E+00
   1.4492754E-01   3.7015437E+05   1.8632745E+05   5.5648182E+05   0.0000000E+00   0.0000000E+00   0.0000000E+00
   1.5942029E-01   3.9174987E+05   2.0045580E+05   5.9220566E+05   0.0000000E+00   0.0000000E+00   0.0000000E+00
   1.7391304E-01   4.0860951E+05   2.0553608E+05   6.1414558E+05   0.0000000E+00   0.0000000E+00   0.0000000E+00
   1.8840580E-01   3.9757861E+05   2.0155796E+05   5.9913657E+05   0.0000000E+00   0.0000000E+00   0.0000000E+00
   2.0289855E-01   4.0977317E+05   2.0480540E+05   6.1457857E+05   0.0000000E+00   0.0000000E+00   0.0000000E+00
   2.1739130E-01   4.1478506E+05   2.1231782E+05   6.2710288E+05   0.0000000E+00   0.0000000E+00   0.0000000E+00
   2.3188406E-01   4.2262764E+05   2.1818081E+05   6.4076108E+05   0.0000000E+00   0.0000000E+00   0.0000000E+00
   2.4637681E-01   4.2834409E+05   2.2014479E+05   6.4848888E+05   0.0000000E+00   0.0000000E+00   0.0000000E+00
   2.6086957E-01   4.3801390E+05   2.1995412E+05   6.5788383E+05   0.0000000E+00   0.0000000E+00   0.0000000E+00
   2.7536232E-01   4.4542953E+05   2.2460911E+05   6.6991899E+05   0.0000000E+00   0.0000000E+00   0.0000000E+00
   2.8985507E-01   4.4596593E+05   2.2451738E+05   6.7040753E+05   0.0000000E+00   0.0000000E+00   0.0000000E+00
   3.0434783E-01   4.5594099E+05   2.2414573E+05   6.8005063E+05   0.0000000E+00   0.0000000E+00   0.0000000E+00
   3.1884058E-01   4.5464201E+05   2.3062749E+05   6.8523506E+05   0.0000000E+00   0.0000000E+00   0.0000000E+00
   3.3333333E-01   4.4864601E+05   2.2531136E+05   6.7385853E+05   0.0000000E+00   0.0000000E+00   0.0000000E+00
   3.4782609E-01   4.5546289E+05   2.2173270E+05   6.7716402E+05   0.0000000E+00   0.0000000E+00   0.0000000E+00
   3.6231884E-01   4.4770114E+05   2.2744224E+05   6.7511308E+05   0.0000000E+00   0.0000000E+00   0.0000000E+00
   3.7681159E-01   4.5178593E+05   2.2819532E+05   6.7992296E+05   0.0000000E+00   0.0000000E+00   0.0000000E+00
   3.9130435E-01   4.3743858E+05   2.2075395E+05   6.5819254E+05   0.0000000E+00   0.0000000E+00   0.0000000E+00
   4.0579710E-01   4.3548210E+05   2.1606320E+05   6.5154530E+05   0.0000000E+00   0.0000000E+00   0.0000000E+00
   4.2028986E-01   4.3039444E+05   2.1253208E+05   6.4274361E+05   5.8227381E-06   0.0000000E+00   3.8990261E-06
   4.3478261E-01   4.1357268E+05   2.0895852E+05   6.2243017E+05   0.0000000E+00   0.0000000E+00   0.0000000E+00
   4.4927536E-01   4.0910448E+05   2.0236458E+05   6.1144462E+05   0.0000000E+00   0.0000000E+00   0.0000000E+00
   4.6376812E-01   4.0789913E+05   1.9734305E+05   6.0519482E+05   0.0000000E+00   0.0000000E+00   0.0000000E+00
   4.7826087E-01   3.8506801E+05   1.9418725E+05   5.7914044E+05   0.0000000E+00   0.0000000E+00   0.0000000E+00
   4.9275362E-01   3.7552539E+05   1.8803013E+05   5.6353323E+05   0.0000000E+00   0.0000000E+00   0.0000000E+00
   5.0724638E-01   3.6241463E+05   1.8293929E+05   5.4526732E+05   0.0000000E+00   0.0000000E+00   0.0000000E+00
   5.2173913E-01   3.5022169E+05   1.7794183E+05   5.2805828E+05   0.0000000E+00   0.0000000E+00   0.0000000E+00
   5.3623188E-01   3.3723378E+05   1.7341930E+05   5.1061213E+05   0.0000000E+00   0.0000000E+00   0.0000000E+00
   5.5072464E-01   3.2429136E+05   1.6191637E+05   4.8616784E+05   0.0000000E+00   0.0000000E+00   0.0000000E+00
   5.6521739E-01   3.1055547E+05   1.5628805E+05   4.6682408E+05   0.0000000E+00   0.0000000E+00   0.0000000E+00
   5.7971014E-01   2.9288417E+05   1.5065700E+05   4.4352222E+05   0.0000000E+00   0.0000000E+00   0.0000000E+00
   5.9420290E-01   2.8150842E+05   1.3942355E+05   4.2091349E+05   0.0000000E+00   0.0000000E+00   0.0000000E+00
   6.0869565E-01   2.6785992E+05   1.3319928E+05   4.0100508E+05   0.0000000E+00   0.0000000E+00   0.0000000E+00
   6.2318841E-01   2.5512818E+05   1.2738787E+05   3.8248081E+05   0.0000000E+00   0.0000000E+00   0.0000000E+00
   6.3768116E-01   2.4295793E+05   1.2142730E+05   3.6436802E+05   0.0000000E+00   0.0000000E+00   0.0000000E+00
   6.5217391E-01   2.3142962E+05   1.1377837E+05   3.4512380E+05   0.0000000E+00   0.0000000E+00   0.0000000E+00
   6.6666667E-01   2.1270987E+05   1.0633022E+05   3.1902362E+05   3.4025766E-11   0.0000000E+00   2.2686772E-11
   6.8115942E-01   2.0263814E+05   1.0219772E+05   3.0480361E+05   0.0000000E+00   0.0000000E+00   0.0000000E+00
   6.9565217E-01   1.9006562E+05   9.3612053E+04   2.8366188E+05   0.0000000E+00   0.0000000E+00   0.0000000E+00
   7.1014493E-01   1.7819183E+05   8.7990239E+04   2.6615114E+05   0.0000000E+00   0.0000000E+00   0.0000000E+00
   7.2463768E-01   1.6911167E+05   8.2502370E+04   2.5159889E+05   0.0000000E+00   0.0000000E+00   0.0000000E+00
   7.3913043E-01   1.5499430E+05   7.9235485E+04   2.3422978E+05   0.0000000E+00   0.0000000E+00   0.0000000E+00
   7.5362319E-01   1.4533972E+05   7.0760949E+04   2.1610067E+05   1.1269062E-05   0.0000000E+00   7.5790714E-06
   7.6811594E-01   1.3607807E+05   6.9182789E+04   2.0523227E+05   0.0000000E+00   0.0000000E+00   0.0000000E+00
   7.8260870E-01   1.2516687E+05   6.2583437E+04   1.8775031E+05   0.0000000E+00   0.0000000E+00   0.0000000E+00
   7.9710145E-01   1.1703588E+05   5.7670650E+04   1.7469275E+05   0.0000000E+00   0.0000000E+00   0.0000000E+00
   8.1159420E-01   1.0709796E+05   5.2459734E+04   1.5955770E+05   0.0000000E+00   0.0000000E+00   0.0000000E+00
   8.2608696E-01   9.6923827E+04   4.8521735E+04   1.4544556E+05   0.0000000E+00   0.0000000E+00   0.0000000E+00
   8.4057971E-01   8.9870184E+04   4.4405983E+04   1.3426310E+05   0.0000000E+00   3.0482040E-09   1.0081586E-09
   8.5507246E-01   8.0512733E+04   4.0532491E+04   1.2103238E+05   0.0000000E+00   0.0000000E+00   0.0000000E+00
   8.6956522E-01   7.2881640E+04   3.7002808E+04   1.0987182E+05   0.0000000E+00   0.0000000E+00   0.0000000E+00
   8.8405797E-01   6.5662231E+04   3.1824941E+04   9.7487172E+04   0.0000000E+00   0.0000000E+00   0.0000000E+00
   8.9855072E-01   5.6292503E+04   2.9380629E+04   8.5673132E+04   0.0000000E+00   0.0000000E+00   0.0000000E+00
   9.1304348E-01   5.0599972E+04   2.4812870E+04   7.5412841E+04   0.0000000E+00   0.0000000E+00   0.0000000E+00
   9.2753623E-01   4.4007926E+04   2.2045402E+04   6.6053328E+04   0.0000000E+00   0.0000000E+00   0.0000000E+00
   9.4202899E-01   3.4727655E+04   1.7113192E+04   5.1840847E+04   0.0000000E+00   0.0000000E+00   0.0000000E+00
   9.5652174E-01   2.7599985E+04   1.3627779E+04   4.1227764E+04   0.0000000E+00   0.0000000E+00   0.0000000E+00
   9.7101449E-01   1.8943417E+04   9.9976004E+03   2.8941018E+04   0.0000000E+00   0.0000000E+00   0.0000000E+00
   9.8550725E-01   6.3627595E+03   3.0532331E+03   9.4159926E+03   0.0000000E+00   0.0000000E+00   0.0000000E+00
   1.0000000E+00   0.0000000E+00   0.0000000E+00   0.0000000E+00   0.0000000E+00   0.0000000E+00   0.0000000E+00
