   0.0000000E+00   3.2734225E+05   1.8185680E+05   5.0919905E+05   0.0000000E+00   0.0000000E+00   0.0000000E+00
   1.4492754E-02   3.5916719E+05   1.7200623E+05   5.3117342E+05   0.0000000E+00   0.0000000E+00   0.0000000E+00
   2.8985507E-02   3.6257700E+05   1.7579491E+05   5.3837191E+05   0.0000000E+00   0.0000000E+00   0.0000000E+00
   4.3478261E-02   3.4047635E+05   1.8514033E+05   5.2561668E+05   0.0000000E+00   0.0000000E+00   0.0000000E+00
   5.7971014E-02   3.3643509E+05   1.8109907E+05   5.1753416E+05   0.0000000E+00   0.0000000E+00   0.0000000E+00
   7.2463768E-02   3.6310742E+05   1.8079597E+05   5.4390339E+05   0.0000000E+00   0.0000000E+00   0.0000000E+00
   8.6956522E-02   3.6358732E+05   1.8160423E+05   5.4519154E+05   0.0000000E+00   0.0000000E+00   0.0000000E+00
   1.0144928E-01   3.7280645E+05   1.7915060E+05   5.5195705E+05   0.0000000E+00   0.0000000E+00   0.0000000E+00
   1.1594203E-01   3.6229285E+05   1.8507719E+05   5.4737004E+05   0.0000000E+00   0.0000000E+00   0.0000000E+00
   1.3043478E-01   3.6851261E+05   1.8640322E+05   5.5491583E+05   0.0000000E+00   0.0000000E+00   0.0000000E+00
   1.4492754E-01   3.7864102E+05   1.8678209E+05   5.6542311E+05   0.0000000E+00   0.0000000E+00   0.0000000E+00
   1.5942029E-01   3.9429862E+05   1.9274066E+05   5.8697039E+05   0.0000000E+00   0.0000000E+00   0.0000000E+00
   1.7391304E-01   3.9276018E+05   1.9707468E+05   5.8977172E+05   0.0000000E+00   0.0000000E+00   0.0000000E+00
   1.8840580E-01   4.0264962E+05   2.0569637E+05   6.0834598E+05   0.0000000E+00   0.0000000E+00   0.0000000E+00
   2.0289855E-01   4.1615981E+05   2.0453478E+05   6.2064047E+05   0.0000000E+00   0.0000000E+00   0.0000000E+00
   2.1739130E-01   4.1842220E+05   2.0948894E+05   6.2791113E+05   0.0000000E+00   0.0000000E+00   0.0000000E+00
   2.3188406E-01   4.2177518E+05   2.1188212E+05   6.3365730E+05   0.0000000E+00   0.0000000E+00   0.0000000E+00
   2.4637681E-01   4.3066187E+05   2.1287944E+05   6.4340759E+05   0.0000000E+00   0.0000000E+00   0.0000000E+00
   2.6086957E-01   4.3536182E+05   2.2336394E+05   6.5868366E+05   0.0000000E+00   0.0000000E+00   0.0000000E+00
   2.7536232E-01   4.4016525E+05   2.2205673E+05   6.6222198E+05   0.0000000E+00   0.0000000E+00   0.0000000E+00
   2.8985507E-01   4.5252035E+05   2.2186530E+05   6.7434776E+05   0.0000000E+00   0.0000000E+00   0.0000000E+00
   3.0434783E-01   4.4558525E+05   2.2764575E+05   6.7319492E+05   0.0000000E+00   0.0000000E+00   0.0000000E+00
   3.1884058E-01   4.5746630E+05   2.3124746E+05   6.8871376E+05   0.0000000E+00   0.0000000E+00   0.0000000E+00
   3.3333333E-01   4.5421372E+05   2.2366410E+05   6.7784488E+05   0.0000000E+00   0.0000000E+00   0.0000000E+00
   3.4782609E-01   4.4520187E+05   2.2457421E+05   6.6977608E+05   0.0000000E+00   0.0000000E+00   0.0000000E+00
   3.6231884E-01   4.4803455E+05   2.2995793E+05   6.7793186E+05   0.0000000E+00   0.0000000E+00   0.0000000E+00
   3.7681159E-01   4.4190621E+05   2.2475636E+05   6.6657513E+05   0.0000000E+00   0.0000000E+00   0.0000000E+00
   3.9130435E-01   4.4717690E+05   2.1999622E+05   6.6711699E+05   0.0000000E+00   0.0000000E+00   0.0000000E+00
   4.0579710E-01   4.3518441E+05   2.1841760E+05   6.5354789E+05   0.0000000E+00   0.0000000E+00   0.0000000E+00
   4.2028986E-01   4.2535157E+05   2.1488367E+05   6.3994782E+05   0.0000000E+00   0.0000000E+00   0.0000000E+00
   4.3478261E-01   4.1544177E+05   2.0941316E+05   6.2477915E+05   0.0000000E+00   0.0000000E+00   0.0000000E+00
   4.4927536E-01   4.1582634E+05   2.0395338E+05   6.1968195E+05   0.0000000E+00   0.0000000E+00   0.0000000E+00
   4.6376812E-01   4.0396837E+05   2.0136852E+05   6.0526586E+05   0.0000000E+00   0.0000000E+00   0.0000000E+00
   4.7826087E-01   3.8600944E+05   1.9889440E+05   5.8488087E+05   0.0000000E+00   0.0000000E+00   0.0000000E+00
   4.9275362E-01   3.7813289E+05   1.8974618E+05   5.6785679E+05   0.0000000E+00   0.0000000E+00   0.0000000E+00
   5.0724638E-01   3.6217649E+05   1.8406507E+05   5.4617660E+05   0.0000000E+00   0.0000000E+00   0.0000000E+00
   5.2173913E-01   3.4849573E+05   1.7478460E+05   5.2328033E+05   0.0000000E+00   0.0000000E+00   0.0000000E+00
   5.3623188E-01   3.3584119E+05   1.6332297E+05   4.9902080E+05   0.0000000E+00   0.0000000E+00   0.0000000E+00
   5.5072464E-01   3.2686368E+05   1.6420952E+05   4.9101337E+05   0.0000000E+00   0.0000000E+00   0.0000000E+00
   5.6521739E-01   3.1508246E+05   1.5420913E+05   4.6925273E+05   0.0000000E+00   0.0000000E+00   0.0000000E+00
   5.7971014E-01   3.0248848E+05   1.4900892E+05   4.5144057E+05   0.0000000E+00   0.0000000E+00   0.0000000E+00
   5.9420290E-01   2.8481659E+05   1.4212183E+05   4.2691994E+05   0.0000000E+00   0.0000000E+00   0.0000000E+00
   6.0869565E-01   2.6989859E+05   1.3641064E+05   4.0627315E+05   0.0000000E+00   0.0000000E+00   0.0000000E+00
   6.2318841E-01   2.5523391E+05   1.3036595E+05   3.8556462E+05   0.0000000E+00   0.0000000E+00   0.0000000E+00
   6.3768116E-01   2.3901426E+05   1.1894744E+05   3.5796170E+05   0.0000000E+00   0.0000000E+00   0.0000000E+00
   6.5217391E-01   2.2524986E+05   1.0958556E+05   3.3476807E+05   0.0000000E+00   0.0000000E+00   0.0000000E+00
   6.6666667E-01   2.1616910E+05   1.0684087E+05   3.2300997E+05   0.0000000E+00   0.0000000E+00   0.0000000E+00
   6.8115942E-01   2.0096144E+05   1.0068225E+05   3.0162757E+05   0.0000000E+00   0.0000000E+00   0.0000000E+00
   6.9565217E-01   1.8834492E+05   9.4290859E+04   2.8260421E+05   0.0000000E+00   0.0000000E+00   0.0000000E+00
   7.1014493E-01   1.7961452E+05   9.1206754E+04   2.7082128E+05   0.0000000E+00   1.8655443E-09   6.2827502E-10
   7.2463768E-01   1.6414092E+05   8.1729479E+04   2.4585524E+05   0.0000000E+00   0.0000000E+00   0.0000000E+00
   7.3913043E-01   1.5515773E+05   7.8121166E+04   2.3326404E+05   0.0000000E+00   0.0000000E+00   0.0000000E+00
   7.5362319E-01   1.4584974E+05   7.1518685E+04   2.1735385E+05   0.0000000E+00   0.0000000E+00   0.0000000E+00
   7.6811594E-01   1.3317580E+05   6.7095439E+04   2.0022834E+05   0.0000000E+00   0.0000000E+00   0.0000000E+00
   7.8260870E-01   1.2729976E+05   6.2092312E+04   1.8939207E+05   0.0000000E+00   0.0000000E+00   0.0000000E+00
   7.9710145E-01   1.1727008E+05   5.8414610E+04   1.7568469E+05   0.0000000E+00   0.0000000E+00   0.0000000E+00
   8.1159420E-01   1.0717915E+05   5.2392079E+04   1.5957123E+05   0.0000000E+00   0.0000000E+00   0.0000000E+00
   8.2608696E-01   9.8279777E+04   5.0342962E+04   1.4860945E+05   0.0000000E+00   0.0000000E+00   0.0000000E+00
   8.4057971E-01   9.0562598E+04   4.3778890E+04   1.3432842E+05   0.0000000E+00   0.0000000E+00   0.0000000E+00
   8.5507246E-01   8.1553016E+04   4.0095829E+04   1.2164885E+05   6.7430805E-05   0.0000000E+00   4.5205407E-05
   8.6956522E-01   7.1858696E+04   3.5386303E+04   1.0724500E+05   0.0000000E+00   0.0000000E+00   0.0000000E+00
   8.8405797E-01   6.5997623E+04   3.2073379E+04   9.8071002E+04   0.0000000E+00   0.0000000E+00   0.0000000E+00
   8.9855072E-01   5.6744700E+04   2.9930599E+04   8.6675299E+04   0.0000000E+00   0.0000000E+00   0.0000000E+00
   9.1304348E-01   5.0636055E+04   2.5402220E+04   7.6038275E+04   0.0000000E+00   0.0000000E+00   0.0000000E+00
   9.2753623E-01   4.2113584E+04   2.0778561E+04   6.2892145E+04   0.0000000E+00   0.0000000E+00   0.0000000E+00
   9.4202899E-01   3.5345502E+04   1.7894243E+04   5.3239745E+04   0.0000000E+00   0.0000000E+00   0.0000000E+00
   9.5652174E-01   2.7358887E+04   1.2663387E+04   4.0022274E+04   0.0000000E+00   0.0000000E+00   0.0000000E+00
   9.7101449E-01   1.8604132E+04   9.0136737E+03   2.7617806E+04   0.0000000E+00   0.0000000E+00   0.0000000E+00
   9.8550725E-01   6.3516163E+03   2.9863740E+03   9.3379903E+03   0.0000000E+00   0.0000000E+00   0.0000000E+00
   1.0000000E+00   0.0000000E+00   0.0000000E+00   0.0000000E+00   0.0000000E+00   0.0000000E+00   0.0000000E+00
