   0.0000000E+00   3.2734225E+05   1.5760923E+05   4.8495148E+05   0.0000000E+00   0.0000000E+00   0.0000000E+00
   1.4492754E-02   3.6750229E+05   1.6594433E+05   5.3344663E+05   0.0000000E+00   0.0000000E+00   0.0000000E+00
   2.8985507E-02   3.5878832E+05   1.8223567E+05   5.4102399E+05   0.0000000E+00   0.0000000E+00   0.0000000E+00
   4.3478261E-02   3.5765171E+05   1.7251139E+05   5.3016310E+05   0.0000000E+00   0.0000000E+00   0.0000000E+00
   5.7971014E-02   3.4912718E+05   1.8375115E+05   5.3287832E+05   0.0000000E+00   0.0000000E+00   0.0000000E+00
   7.2463768E-02   3.5750017E+05   1.8397847E+05   5.4147863E+05   0.0000000E+00   0.0000000E+00   0.0000000E+00
   8.6956522E-02   3.5954606E+05   1.7086962E+05   5.3041568E+05   0.0000000E+00   0.0000000E+00   0.0000000E+00
   1.0144928E-01   3.7237346E+05   1.8423826E+05   5.5650347E+05   0.0000000E+00   0.0000000E+00   0.0000000E+00
   1.1594203E-01   3.7091211E+05   1.8327756E+05   5.5418967E+05   0.0000000E+00   0.0000000E+00   0.0000000E+00
   1.3043478E-01   3.7339580E+05   1.9078126E+05   5.6417706E+05   0.0000000E+00   0.0000000E+00   0.0000000E+00
   1.4492754E-01   3.7038169E+05   1.9155583E+05   5.6193752E+05   0.0000000E+00   0.0000000E+00   0.0000000E+00
   1.5942029E-01   3.8920111E+05   1.9246512E+05   5.8166623E+05   0.0000000E+00   0.0000000E+00   0.0000000E+00
   1.7391304E-01   3.8720345E+05   2.0035821E+05   5.8756165E+05   0.0000000E+00   0.0000000E+00   0.0000000E+00
   1.8840580E-01   4.0276619E+05   2.0208254E+05   6.0479045E+05   0.0000000E+00   0.0000000E+00   0.0000000E+00
   2.0289855E-01   4.1096390E+05   2.0799872E+05   6.1885437E+05   0.0000000E+00   0.0000000E+00   0.0000000E+00
   2.1739130E-01   4.1771498E+05   2.0655902E+05   6.2427400E+05   0.0000000E+00   0.0000000E+00   0.0000000E+00
   2.3188406E-01   4.2499556E+05   2.1254514E+05   6.3744599E+05   0.0000000E+00   0.0000000E+00   0.0000000E+00
   2.4637681E-01   4.1902839E+05   2.1212170E+05   6.3110551E+05   0.0000000E+00   0.0000000E+00   0.0000000E+00
   2.6086957E-01   4.3999243E+05   2.2138540E+05   6.6137784E+05   0.0000000E+00   0.0000000E+00   0.0000000E+00
   2.7536232E-01   4.4279739E+05   2.2014245E+05   6.6286008E+05   0.0000000E+00   0.0000000E+00   0.0000000E+00
   2.8985507E-01   4.4668578E+05   2.2626017E+05   6.7294595E+05   0.0000000E+00   0.0000000E+00   0.0000000E+00
   3.0434783E-01   4.5222447E+05   2.2172819E+05   6.7384441E+05   0.0000000E+00   0.0000000E+00   0.0000000E+00
   3.1884058E-01   4.4909676E+05   2.2828540E+05   6.7734771E+05   0.0000000E+00   0.0000000E+00   0.0000000E+00
   3.3333333E-01   4.5365366E+05   2.2870470E+05   6.8232541E+05   0.0000000E+00   0.0000000E+00   0.0000000E+00
   3.4782609E-01   4.4687521E+05   2.2466893E+05   6.7151256E+05   0.0000000E+00   0.0000000E+00   0.0000000E+00
   3.6231884E-01   4.4936816E+05   2.2613894E+05   6.7547679E+05   0.0000000E+00   0.0000000E+00   0.0000000E+00
   3.7681159E-01   4.4732694E+05   2.2513523E+05   6.7243302E+05   0.0000000E+00   0.0000000E+00   0.0000000E+00
   3.9130435E-01   4.4582981E+05   2.1822817E+05   6.6405798E+05   0.0000000E+00   0.0000000E+00   0.0000000E+00
   4.0579710E-01   4.3753881E+05   2.1998720E+05   6.5747188E+05   0.0000000E+00   0.0000000E+00   0.0000000E+00
   4.2028986E-01   4.3400022E+05   2.1313304E+05   6.4705487E+05   0.0000000E+00   0.0000000E+00   0.0000000E+00
   4.3478261E-01   4.1945777E+05   2.1001935E+05   6.2942661E+05   0.0000000E+00   0.0000000E+00   0.0000000E+00
   4.4927536E-01   4.1682851E+05   2.0776651E+05   6.2442391E+05   0.0000000E+00   0.0000000E+00   0.0000000E+00
   4.6376812E-01   3.9994289E+05   2.0226834E+05   6.0216387E+05   0.0000000E+00   0.0000000E+00   0.0000000E+00
   4.7826087E-01   3.8809895E+05   1.9832036E+05   5.8630450E+05   0.0000000E+00   0.0000000E+00   0.0000000E+00
   4.9275362E-01   3.7819975E+05   1.9226454E+05   5.7044200E+05   0.0000000E+00   0.0000000E+00   0.0000000E+00
   5.0724638E-01   3.6652806E+05   1.8103412E+05   5.4749723E+05   0.0000000E+00   0.0000000E+00   0.0000000E+00
   5.2173913E-01   3.5329473E+05   1.7440573E+05   5.2757417E+05   0.0000000E+00   2.5951420E-09   8.5790332E-10
   5.3623188E-01   3.3678324E+05   1.7001973E+05   5.0663913E+05   0.0000000E+00   0.0000000E+00   0.0000000E+00
   5.5072464E-01   3.2544791E+05   1.6187648E+05   4.8730445E+05   0.0000000E+00   0.0000000E+00   0.0000000E+00
   5.6521739E-01   3.0709708E+05   1.5685149E+05   4.6389028E+05   0.0000000E+00   0.0000000E+00   0.0000000E+00
   5.7971014E-01   2.9794206E+05   1.4900892E+05   4.4695098E+05   0.0000000E+00   0.0000000E+00   0.0000000E+00
   5.9420290E-01   2.7862532E+05   1.4032914E+05   4.1889902E+05   0.0000000E+00   0.0000000E+00   0.0000000E+00
   6.0869565E-01   2.6984447E+05   1.3621219E+05   4.0602057E+05   0.0000000E+00   0.0000000E+00   0.0000000E+00
   6.2318841E-01   2.5267875E+05   1.2870951E+05   3.8138826E+05   0.0000000E+00   0.0000000E+00   0.0000000E+00
   6.3768116E-01   2.4316459E+05   1.1951574E+05   3.6262867E+05   0.0000000E+00   0.0000000E+00   0.0000000E+00
   6.5217391E-01   2.2666430E+05   1.1335741E+05   3.3993752E+05   0.0000000E+00   0.0000000E+00   0.0000000E+00
   6.6666667E-01   2.1442301E+05   1.0773039E+05   3.2213693E+05   0.0000000E+00   0.0000000E+00   0.0000000E+00
   6.8115942E-01   2.0217060E+05   1.0137550E+05   3.0352997E+05   0.0000000E+00   0.0000000E+00   0.0000000E+00
   6.9565217E-01   1.8716096E+05   9.4164569E+04   2.8132553E+05   0.0000000E+00   0.0000000E+00   0.0000000E+00
   7.1014493E-01   1.7885679E+05   9.2335627E+04   2.7117695E+05   0.0000000E+00   0.0000000E+00   0.0000000E+00
   7.2463768E-01   1.6444402E+05   8.2608453E+04   2.4700700E+05   0.0000000E+00   0.0000000E+00   0.0000000E+00
   7.3913043E-01   1.5338968E+05   7.8254885E+04   2.3164456E+05   0.0000000E+00   0.0000000E+00   0.0000000E+00
   7.5362319E-01   1.4450913E+05   7.2742722E+04   2.1723728E+05   0.0000000E+00   0.0000000E+00   0.0000000E+00
   7.6811594E-01   1.3560627E+05   6.5236839E+04   2.0082882E+05   0.0000000E+00   0.0000000E+00   0.0000000E+00
   7.8260870E-01   1.2685073E+05   6.2246665E+04   1.8909740E+05   0.0000000E+00   0.0000000E+00   0.0000000E+00
   7.9710145E-01   1.1601637E+05   5.7546657E+04   1.7354925E+05   0.0000000E+00   0.0000000E+00   0.0000000E+00
   8.1159420E-01   1.0555543E+05   5.2378548E+04   1.5793397E+05   0.0000000E+00   0.0000000E+00   0.0000000E+00
   8.2608696E-01   9.5687520E+04   4.9000306E+04   1.4468783E+05   0.0000000E+00   0.0000000E+00   0.0000000E+00
   8.4057971E-01   8.8707450E+04   4.4837109E+04   1.3354456E+05   0.0000000E+00   0.0000000E+00   0.0000000E+00
   8.5507246E-01   8.1463115E+04   4.0609549E+04   1.2205982E+05   0.0000000E+00   0.0000000E+00   0.0000000E+00
   8.6956522E-01   7.3247879E+04   3.6699713E+04   1.0993496E+05   0.0000000E+00   0.0000000E+00   0.0000000E+00
   8.8405797E-01   6.5923092E+04   3.1949160E+04   9.7859829E+04   0.0000000E+00   0.0000000E+00   0.0000000E+00
   8.9855072E-01   5.6341389E+04   3.0566120E+04   8.6907509E+04   0.0000000E+00   0.0000000E+00   0.0000000E+00
   9.1304348E-01   5.0118869E+04   2.4656511E+04   7.4775380E+04   0.0000000E+00   0.0000000E+00   0.0000000E+00
   9.2753623E-01   4.2385896E+04   2.1299505E+04   6.3685400E+04   0.0000000E+00   0.0000000E+00   0.0000000E+00
   9.4202899E-01   3.6231471E+04   1.7975846E+04   5.4207317E+04   0.0000000E+00   0.0000000E+00   0.0000000E+00
   9.5652174E-01   2.6440418E+04   1.3329277E+04   3.9769695E+04   0.0000000E+00   0.0000000E+00   0.0000000E+00
   9.7101449E-01   1.9090441E+04   9.6922439E+03   2.8782684E+04   0.0000000E+00   0.0000000E+00   0.0000000E+00
   9.8550725E-01   5.9504616E+03   3.2983832E+03   9.2488448E+03   0.0000000E+00   0.0000000E+00   0.0000000E+00
   1.0000000E+00   0.0000000E+00   0.0000000E+00   0.0000000E+00   0.0000000E+00   0.0000000E+00   0.0000000E+00
