   0.0000000E+00   3.4552793E+05   1.6973302E+05   5.1526095E+05   0.0000000E+00   0.0000000E+00   0.0000000E+00
   1.4492754E-02   3.3946603E+05   1.7882586E+05   5.1829189E+05   0.0000000E+00   0.0000000E+00   0.0000000E+00
   2.8985507E-02   3.6447135E+05   1.6859641E+05   5.3306776E+05   0.0000000E+00   0.0000000E+00   0.0000000E+00
   4.3478261E-02   3.4224440E+05   1.8766612E+05   5.2991052E+05   0.0000000E+00   0.0000000E+00   0.0000000E+00
   5.7971014E-02   3.5992492E+05   1.7655265E+05   5.3647757E+05   0.0000000E+00   0.0000000E+00   0.0000000E+00
   7.2463768E-02   3.5310529E+05   1.7564336E+05   5.2874866E+05   0.0000000E+00   0.0000000E+00   0.0000000E+00
   8.6956522E-02   3.5916719E+05   1.7200623E+05   5.3117342E+05   0.0000000E+00   0.0000000E+00   0.0000000E+00
   1.0144928E-01   3.5678573E+05   1.8932592E+05   5.4611165E+05   0.0000000E+00   0.0000000E+00   0.0000000E+00
   1.1594203E-01   3.6627097E+05   1.8204624E+05   5.4831721E+05   0.0000000E+00   0.0000000E+00   0.0000000E+00
   1.3043478E-01   3.8080478E+05   1.8227777E+05   5.6299836E+05   0.0000000E+00   0.0000000E+00   0.0000000E+00
   1.4492754E-01   3.7788328E+05   1.9860278E+05   5.7648607E+05   0.0000000E+00   0.0000000E+00   0.0000000E+00
   1.5942029E-01   3.8396584E+05   1.8888309E+05   5.7284893E+05   0.0000000E+00   0.0000000E+00   0.0000000E+00
   1.7391304E-01   3.8865577E+05   1.9745355E+05   5.8610933E+05   0.0000000E+00   0.0000000E+00   0.0000000E+00
   1.8840580E-01   4.0433995E+05   2.0068365E+05   6.0502360E+05   0.0000000E+00   0.0000000E+00   0.0000000E+00
   2.0289855E-01   4.1394073E+05   2.0918945E+05   6.2307605E+05   0.0000000E+00   0.0000000E+00   0.0000000E+00
   2.1739130E-01   4.1205721E+05   2.0463942E+05   6.1664611E+05   0.0000000E+00   0.0000000E+00   0.0000000E+00
   2.3188406E-01   4.2461669E+05   2.1316080E+05   6.3768278E+05   0.0000000E+00   0.0000000E+00   0.0000000E+00
   2.4637681E-01   4.2821037E+05   2.1519722E+05   6.4336302E+05   0.0000000E+00   0.0000000E+00   0.0000000E+00
   2.6086957E-01   4.3148895E+05   2.2134330E+05   6.5279015E+05   0.0000000E+00   0.0000000E+00   0.0000000E+00
   2.7536232E-01   4.4052418E+05   2.2101983E+05   6.6154401E+05   0.0000000E+00   0.0000000E+00   0.0000000E+00
   2.8985507E-01   4.4971672E+05   2.2273670E+05   6.7233976E+05   0.0000000E+00   0.0000000E+00   0.0000000E+00
   3.0434783E-01   4.5211622E+05   2.2562512E+05   6.7770526E+05   0.0000000E+00   0.0000000E+00   0.0000000E+00
   3.1884058E-01   4.5484867E+05   2.2583997E+05   6.8068864E+05   0.0000000E+00   0.0000000E+00   0.0000000E+00
   3.3333333E-01   4.5177579E+05   2.2577259E+05   6.7754838E+05   0.0000000E+00   0.0000000E+00   0.0000000E+00
   3.4782609E-01   4.5246352E+05   2.2684742E+05   6.7931094E+05   0.0000000E+00   0.0000000E+00   0.0000000E+00
   3.6231884E-01   4.5288406E+05   2.2371418E+05   6.7653762E+05   0.0000000E+00   0.0000000E+00   0.0000000E+00
   3.7681159E-01   4.4761837E+05   2.2356147E+05   6.7115070E+05   0.0000000E+00   0.0000000E+00   0.0000000E+00
   3.9130435E-01   4.4495982E+05   2.1912622E+05   6.6402991E+05   0.0000000E+00   0.0000000E+00   0.0000000E+00
   4.0579710E-01   4.4002852E+05   2.1863410E+05   6.5866261E+05   0.0000000E+00   0.0000000E+00   0.0000000E+00
   4.2028986E-01   4.2738962E+05   2.1409981E+05   6.4141104E+05   0.0000000E+00   0.0000000E+00   0.0000000E+00
   4.3478261E-01   4.2468615E+05   2.1459103E+05   6.3925192E+05   0.0000000E+00   0.0000000E+00   0.0000000E+00
   4.4927536E-01   4.0905559E+05   2.0651991E+05   6.1557550E+05   0.0000000E+00   0.0000000E+00   0.0000000E+00
   4.6376812E-01   4.0197931E+05   1.9902428E+05   6.0097991E+05   0.0000000E+00   0.0000000E+00   0.0000000E+00
   4.7826087E-01   3.9172690E+05   1.9956029E+05   5.9128719E+05   0.0000000E+00   0.0000000E+00   0.0000000E+00
   4.9275362E-01   3.7828890E+05   1.9148452E+05   5.6968427E+05   0.0000000E+00   0.0000000E+00   0.0000000E+00
   5.0724638E-01   3.6962395E+05   1.8692282E+05   5.5652512E+05   0.0000000E+00   0.0000000E+00   0.0000000E+00
   5.2173913E-01   3.5036902E+05   1.7360589E+05   5.2393282E+05   0.0000000E+00   0.0000000E+00   0.0000000E+00
   5.3623188E-01   3.3516537E+05   1.7419752E+05   5.0932193E+05   0.0000000E+00   0.0000000E+00   0.0000000E+00
   5.5072464E-01   3.2251666E+05   1.6018155E+05   4.8259851E+05   0.0000000E+00   0.0000000E+00   0.0000000E+00
   5.6521739E-01   3.1084690E+05   1.5393712E+05   4.6474517E+05   0.0000000E+00   0.0000000E+00   0.0000000E+00
   5.7971014E-01   2.9779052E+05   1.4582642E+05   4.4352222E+05   0.0000000E+00   0.0000000E+00   0.0000000E+00
   5.9420290E-01   2.8086157E+05   1.4177069E+05   4.2263226E+05   0.0000000E+00   0.0000000E+00   0.0000000E+00
   6.0869565E-01   2.7015117E+05   1.3471476E+05   4.0486593E+05   0.0000000E+00   0.0000000E+00   0.0000000E+00
   6.2318841E-01   2.5308405E+05   1.2698257E+05   3.8003138E+05   0.0000000E+00   0.0000000E+00   0.0000000E+00
   6.3768116E-01   2.4030586E+05   1.2251224E+05   3.6281810E+05   0.0000000E+00   0.0000000E+00   0.0000000E+00
   6.5217391E-01   2.2696739E+05   1.1224606E+05   3.3917978E+05   0.0000000E+00   0.0000000E+00   0.0000000E+00
   6.6666667E-01   2.1216627E+05   1.0547365E+05   3.1763992E+05   0.0000000E+00   0.0000000E+00   0.0000000E+00
   6.8115942E-01   2.0117103E+05   1.0153672E+05   3.0272387E+05   0.0000000E+00   0.0000000E+00   0.0000000E+00
   6.9565217E-01   1.8586649E+05   9.5648470E+04   2.8148339E+05   0.0000000E+00   0.0000000E+00   0.0000000E+00
   7.1014493E-01   1.7803719E+05   8.7186111E+04   2.6520784E+05   0.0000000E+00   0.0000000E+00   0.0000000E+00
   7.2463768E-01   1.6699001E+05   8.4048153E+04   2.5103816E+05   0.0000000E+00   0.0000000E+00   0.0000000E+00
   7.3913043E-01   1.5493487E+05   7.7526863E+04   2.3246173E+05   0.0000000E+00   0.0000000E+00   0.0000000E+00
   7.5362319E-01   1.4739436E+05   7.1810123E+04   2.1920448E+05   0.0000000E+00   0.0000000E+00   0.0000000E+00
   7.6811594E-01   1.3291845E+05   6.7252705E+04   2.0017116E+05   0.0000000E+00   0.0000000E+00   0.0000000E+00
   7.8260870E-01   1.2607896E+05   6.4758422E+04   1.9083739E+05   0.0000000E+00   0.0000000E+00   0.0000000E+00
   7.9710145E-01   1.1550662E+05   5.6830251E+04   1.7233688E+05   0.0000000E+00   0.0000000E+00   0.0000000E+00
   8.1159420E-01   1.0477063E+05   5.4340545E+04   1.5911117E+05   0.0000000E+00   0.0000000E+00   0.0000000E+00
   8.2608696E-01   9.8226603E+04   4.8495148E+04   1.4672175E+05   0.0000000E+00   0.0000000E+00   0.0000000E+00
   8.4057971E-01   8.9608895E+04   4.3961792E+04   1.3357069E+05   0.0000000E+00   0.0000000E+00   0.0000000E+00
   8.5507246E-01   8.1822719E+04   4.0160044E+04   1.2198276E+05   0.0000000E+00   0.0000000E+00   0.0000000E+00
   8.6956522E-01   7.1201990E+04   3.6257700E+04   1.0745969E+05   0.0000000E+00   0.0000000E+00   0.0000000E+00
   8.8405797E-01   6.4879651E+04   3.1837363E+04   9.6717013E+04   0.0000000E+00   0.0000000E+00   0.0000000E+00
   8.9855072E-01   5.8370168E+04   2.9576174E+04   8.7946342E+04   0.0000000E+00   0.0000000E+00   0.0000000E+00
   9.1304348E-01   5.0611999E+04   2.5029366E+04   7.5641365E+04   0.0000000E+00   0.0000000E+00   0.0000000E+00
   9.2753623E-01   4.2622688E+04   2.1595495E+04   6.4218184E+04   0.0000000E+00   0.0000000E+00   0.0000000E+00
   9.4202899E-01   3.5975006E+04   1.7567834E+04   5.3542840E+04   0.0000000E+00   0.0000000E+00   0.0000000E+00
   9.5652174E-01   2.7244078E+04   1.3868877E+04   4.1112956E+04   0.0000000E+00   0.0000000E+00   0.0000000E+00
   9.7101449E-01   1.9373178E+04   9.3416493E+03   2.8714827E+04   0.0000000E+00   0.0000000E+00   0.0000000E+00
   9.8550725E-01   6.8753461E+03   2.9529444E+03   9.8282905E+03   0.0000000E+00   0.0000000E+00   0.0000000E+00
   1.0000000E+00   0.0000000E+00   0.0000000E+00   0.0000000E+00   0.0000000E+00   0.0000000E+00   0.0000000E+00
