   0.0000000E+00   3.6977550E+05   1.6367112E+05   5.3344663E+05   0.0000000E+00   0.0000000E+00   0.0000000E+00
   1.4492754E-02   3.4249698E+05   1.7806812E+05   5.2056510E+05   0.0000000E+00   0.0000000E+00   0.0000000E+00
   2.8985507E-02   3.3454075E+05   1.7806812E+05   5.1260887E+05   0.0000000E+00   0.0000000E+00   0.0000000E+00
   4.3478261E-02   3.5563108E+05   1.8109907E+05   5.3673015E+05   0.0000000E+00   0.0000000E+00   0.0000000E+00
   5.7971014E-02   3.5196869E+05   1.8261454E+05   5.3458323E+05   0.0000000E+00   0.0000000E+00   0.0000000E+00
   7.2463768E-02   3.6583527E+05   1.8109907E+05   5.4693434E+05   0.0000000E+00   0.0000000E+00   0.0000000E+00
   8.6956522E-02   3.3959232E+05   1.8261454E+05   5.2220686E+05   0.0000000E+00   0.0000000E+00   0.0000000E+00
   1.0144928E-01   3.7940958E+05   1.7990834E+05   5.5931792E+05   0.0000000E+00   0.0000000E+00   0.0000000E+00
   1.1594203E-01   3.6646040E+05   1.8233039E+05   5.4879079E+05   0.0000000E+00   0.0000000E+00   0.0000000E+00
   1.3043478E-01   3.6775487E+05   1.8025714E+05   5.4801201E+05   0.0000000E+00   0.0000000E+00   0.0000000E+00
   1.4492754E-01   3.8174774E+05   1.9746618E+05   5.7921392E+05   0.0000000E+00   0.0000000E+00   0.0000000E+00
   1.5942029E-01   3.9422973E+05   1.9480721E+05   5.8903694E+05   0.0000000E+00   0.0000000E+00   0.0000000E+00
   1.7391304E-01   3.8701401E+05   1.9461204E+05   5.8156291E+05   0.0000000E+00   0.0000000E+00   0.0000000E+00
   1.8840580E-01   3.9956038E+05   1.9975105E+05   5.9931143E+05   0.0000000E+00   0.0000000E+00   0.0000000E+00
   2.0289855E-01   4.0463139E+05   2.0507602E+05   6.0970741E+05   0.0000000E+00   0.0000000E+00   0.0000000E+00
   2.1739130E-01   4.1483558E+05   2.1388381E+05   6.2871938E+05   0.0000000E+00   0.0000000E+00   0.0000000E+00
   2.3188406E-01   4.2542179E+05   2.0492041E+05   6.3029485E+05   0.0000000E+00   0.0000000E+00   0.0000000E+00
   2.4637681E-01   4.2936926E+05   2.1622239E+05   6.4559165E+05   0.0000000E+00   0.0000000E+00   0.0000000E+00
   2.6086957E-01   4.4651739E+05   2.1970154E+05   6.6621893E+05   0.0000000E+00   0.0000000E+00   0.0000000E+00
   2.7536232E-01   4.4279739E+05   2.1786924E+05   6.6066663E+05   0.0000000E+00   0.0000000E+00   0.0000000E+00
   2.8985507E-01   4.5066389E+05   2.2447949E+05   6.7514339E+05   0.0000000E+00   0.0000000E+00   0.0000000E+00
   3.0434783E-01   4.5583274E+05   2.2908906E+05   6.8484963E+05   0.0000000E+00   0.0000000E+00   0.0000000E+00
   3.1884058E-01   4.4895899E+05   2.2718323E+05   6.7614222E+05   0.0000000E+00   0.0000000E+00   0.0000000E+00
   3.3333333E-01   4.5276414E+05   2.2580553E+05   6.7850378E+05   0.0000000E+00   0.0000000E+00   0.0000000E+00
   3.4782609E-01   4.5265295E+05   2.2302716E+05   6.7568012E+05   0.0000000E+00   0.0000000E+00   0.0000000E+00
   3.6231884E-01   4.5051992E+05   2.2783627E+05   6.7826526E+05   0.0000000E+00   0.0000000E+00   0.0000000E+00
   3.7681159E-01   4.4849269E+05   2.2466893E+05   6.7316161E+05   0.0000000E+00   0.0000000E+00   0.0000000E+00
   3.9130435E-01   4.3477247E+05   2.1634786E+05   6.5109226E+05   0.0000000E+00   0.0000000E+00   0.0000000E+00
   4.0579710E-01   4.3707876E+05   2.1760574E+05   6.5460331E+05   0.0000000E+00   0.0000000E+00   0.0000000E+00
   4.2028986E-01   4.3044669E+05   2.1762720E+05   6.4794325E+05   0.0000000E+00   0.0000000E+00   0.0000000E+00
   4.3478261E-01   4.2059438E+05   2.1150957E+05   6.3200291E+05   0.0000000E+00   0.0000000E+00   0.0000000E+00
   4.4927536E-01   4.1558191E+05   2.0348896E+05   6.1902198E+05   0.0000000E+00   0.0000000E+00   0.0000000E+00
   4.6376812E-01   4.0311592E+05   1.9847965E+05   6.0157189E+05   0.0000000E+00   0.0000000E+00   0.0000000E+00
   4.7826087E-01   3.9032624E+05   1.9473833E+05   5.8499568E+05   0.0000000E+00   0.0000000E+00   0.0000000E+00
   4.9275362E-01   3.7329675E+05   1.9112794E+05   5.6442468E+05   0.0000000E+00   0.0000000E+00   0.0000000E+00
   5.0724638E-01   3.6672291E+05   1.8235475E+05   5.4903435E+05   0.0000000E+00   0.0000000E+00   0.0000000E+00
   5.2173913E-01   3.5255804E+05   1.8080439E+05   5.3332034E+05   0.0000000E+00   0.0000000E+00   0.0000000E+00
   5.3623188E-01   3.3989610E+05   1.6565762E+05   5.0553324E+05   0.0000000E+00   0.0000000E+00   0.0000000E+00
   5.5072464E-01   3.2506904E+05   1.6052053E+05   4.8552975E+05   0.0000000E+00   0.0000000E+00   0.0000000E+00
   5.6521739E-01   3.0985602E+05   1.5677378E+05   4.6661036E+05   0.0000000E+00   0.0000000E+00   0.0000000E+00
   5.7971014E-01   2.9409655E+05   1.5186937E+05   4.4596593E+05   0.0000000E+00   0.0000000E+00   0.0000000E+00
   5.9420290E-01   2.8019624E+05   1.4049547E+05   4.2069171E+05   0.0000000E+00   0.0000000E+00   0.0000000E+00
   6.0869565E-01   2.6807641E+05   1.3451630E+05   4.0252055E+05   0.0000000E+00   0.0000000E+00   0.0000000E+00
   6.2318841E-01   2.5301357E+05   1.2664776E+05   3.7962608E+05   0.0000000E+00   0.0000000E+00   0.0000000E+00
   6.3768116E-01   2.4046085E+05   1.1818970E+05   3.5865055E+05   0.0000000E+00   0.0000000E+00   0.0000000E+00
   6.5217391E-01   2.2513199E+05   1.1396360E+05   3.3906191E+05   0.0000000E+00   0.0000000E+00   0.0000000E+00
   6.6666667E-01   2.1180388E+05   1.0721974E+05   3.1902362E+05   0.0000000E+00   0.0000000E+00   0.0000000E+00
   6.8115942E-01   2.0184815E+05   1.0011797E+05   3.0195001E+05   0.0000000E+00   0.0000000E+00   0.0000000E+00
   6.9565217E-01   1.8960782E+05   9.3943563E+04   2.8355138E+05   0.0000000E+00   0.0000000E+00   0.0000000E+00
   7.1014493E-01   1.7975370E+05   8.8516016E+04   2.6825425E+05   0.0000000E+00   0.0000000E+00   0.0000000E+00
   7.2463768E-01   1.6459556E+05   8.2290204E+04   2.4685546E+05   0.0000000E+00   0.0000000E+00   0.0000000E+00
   7.3913043E-01   1.5483086E+05   7.8492606E+04   2.3330861E+05   1.0096798E-05   0.0000000E+00   6.7005495E-06
   7.5362319E-01   1.4311023E+05   7.3034159E+04   2.1611525E+05   0.0000000E+00   0.0000000E+00   0.0000000E+00
   7.6811594E-01   1.3626393E+05   6.7810285E+04   2.0404562E+05   0.0000000E+00   0.0000000E+00   0.0000000E+00
   7.8260870E-01   1.2532123E+05   6.3649881E+04   1.8895708E+05   0.0000000E+00   0.0000000E+00   0.0000000E+00
   7.9710145E-01   1.1612659E+05   5.8152846E+04   1.7427944E+05   0.0000000E+00   0.0000000E+00   0.0000000E+00
   8.1159420E-01   1.0657025E+05   5.2337955E+04   1.5889468E+05   0.0000000E+00   0.0000000E+00   0.0000000E+00
   8.2608696E-01   9.9130569E+04   4.7737411E+04   1.4686798E+05   0.0000000E+00   0.0000000E+00   0.0000000E+00
   8.4057971E-01   8.9190833E+04   4.5202913E+04   1.3436762E+05   0.0000000E+00   0.0000000E+00   0.0000000E+00
   8.5507246E-01   8.1116354E+04   4.0622392E+04   1.2173875E+05   0.0000000E+00   0.0000000E+00   0.0000000E+00
   8.6956522E-01   7.3550974E+04   3.7419563E+04   1.1097054E+05   0.0000000E+00   0.0000000E+00   0.0000000E+00
   8.8405797E-01   6.5724341E+04   3.2421193E+04   9.8133112E+04   0.0000000E+00   0.0000000E+00   0.0000000E+00
   8.9855072E-01   5.7392443E+04   2.9551731E+04   8.6944174E+04   0.0000000E+00   0.0000000E+00   0.0000000E+00
   9.1304348E-01   5.1646370E+04   2.4175408E+04   7.5821779E+04   0.0000000E+00   0.0000000E+00   0.0000000E+00
   9.2753623E-01   4.2291179E+04   2.1642854E+04   6.3934033E+04   0.0000000E+00   0.0000000E+00   0.0000000E+00
   9.4202899E-01   3.5205612E+04   1.8255625E+04   5.3461237E+04   0.0000000E+00   0.0000000E+00   0.0000000E+00
   9.5652174E-01   2.9161381E+04   1.4109976E+04   4.3271357E+04   0.0000000E+00   0.0000000E+00   0.0000000E+00
   9.7101449E-01   1.9169607E+04   9.7261724E+03   2.8884470E+04   0.0000000E+00   0.0000000E+00   0.0000000E+00
   9.8550725E-01   6.6079096E+03   3.2649537E+03   9.8728633E+03   0.0000000E+00   0.0000000E+00   0.0000000E+00
   1.0000000E+00   0.0000000E+00   0.0000000E+00   0.0000000E+00   0.0000000E+00   0.0000000E+00   0.0000000E+00
