   0.0000000E+00   2.9703278E+05   1.2729976E+05   4.2433254E+05   0.0000000E+00   0.0000000E+00   0.0000000E+00
   1.4492754E-02   3.4931661E+05   1.7124849E+05   5.2056510E+05   0.0000000E+00   0.0000000E+00   0.0000000E+00
   2.8985507E-02   3.6181927E+05   1.8109907E+05   5.4291833E+05   0.0000000E+00   0.0000000E+00   0.0000000E+00
   4.3478261E-02   3.5133724E+05   1.6922786E+05   5.2056510E+05   0.0000000E+00   0.0000000E+00   0.0000000E+00
   5.7971014E-02   3.4439132E+05   1.7427944E+05   5.1867076E+05   0.0000000E+00   0.0000000E+00   0.0000000E+00
   7.2463768E-02   3.5204446E+05   1.7488563E+05   5.2693009E+05   0.0000000E+00   0.0000000E+00   0.0000000E+00
   8.6956522E-02   3.6169298E+05   1.8236196E+05   5.4405494E+05   0.0000000E+00   0.0000000E+00   0.0000000E+00
   1.0144928E-01   3.6100741E+05   1.8824344E+05   5.4925085E+05   0.0000000E+00   0.0000000E+00   0.0000000E+00
   1.1594203E-01   3.5755700E+05   1.8166737E+05   5.3922437E+05   0.0000000E+00   0.0000000E+00   0.0000000E+00
   1.3043478E-01   3.6952292E+05   1.9297028E+05   5.6249320E+05   0.0000000E+00   0.0000000E+00   0.0000000E+00
   1.4492754E-01   3.7939876E+05   1.8913108E+05   5.6852983E+05   0.0000000E+00   0.0000000E+00   0.0000000E+00
   1.5942029E-01   3.8961443E+05   1.8915863E+05   5.7877306E+05   0.0000000E+00   0.0000000E+00   0.0000000E+00
   1.7391304E-01   3.9787490E+05   1.9764299E+05   5.9551789E+05   0.0000000E+00   0.0000000E+00   0.0000000E+00
   1.8840580E-01   4.0568056E+05   2.0511349E+05   6.1079405E+05   0.0000000E+00   0.0000000E+00   0.0000000E+00
   2.0289855E-01   4.0793296E+05   2.0572551E+05   6.1365847E+05   0.0000000E+00   0.0000000E+00   0.0000000E+00
   2.1739130E-01   4.1473455E+05   2.0908481E+05   6.2381935E+05   0.0000000E+00   0.0000000E+00   0.0000000E+00
   2.3188406E-01   4.2693726E+05   2.1353967E+05   6.4047693E+05   0.0000000E+00   0.0000000E+00   0.0000000E+00
   2.4637681E-01   4.4777781E+05   2.1461777E+05   6.6239558E+05   0.0000000E+00   0.0000000E+00   0.0000000E+00
   2.6086957E-01   4.3927679E+05   2.2113282E+05   6.6036752E+05   0.0000000E+00   0.0000000E+00   0.0000000E+00
   2.7536232E-01   4.4534977E+05   2.2257518E+05   6.6784518E+05   0.0000000E+00   0.0000000E+00   0.0000000E+00
   2.8985507E-01   4.4581438E+05   2.2186530E+05   6.6764179E+05   0.0000000E+00   0.0000000E+00   0.0000000E+00
   3.0434783E-01   4.4713681E+05   2.2154777E+05   6.6868458E+05   0.0000000E+00   0.0000000E+00   0.0000000E+00
   3.1884058E-01   4.5512421E+05   2.2449671E+05   6.7958648E+05   0.0000000E+00   0.0000000E+00   0.0000000E+00
   3.3333333E-01   4.5414783E+05   2.3045079E+05   6.8459862E+05   0.0000000E+00   0.0000000E+00   0.0000000E+00
   3.4782609E-01   4.4798024E+05   2.2899434E+05   6.7697458E+05   0.0000000E+00   0.0000000E+00   0.0000000E+00
   3.6231884E-01   4.5258097E+05   2.2338077E+05   6.7593143E+05   0.0000000E+00   0.0000000E+00   0.0000000E+00
   3.7681159E-01   4.5029960E+05   2.2338660E+05   6.7365706E+05   0.0000000E+00   0.0000000E+00   0.0000000E+00
   3.9130435E-01   4.4560530E+05   2.1999622E+05   6.6560152E+05   0.0000000E+00   0.0000000E+00   0.0000000E+00
   4.0579710E-01   4.3859423E+05   2.2142148E+05   6.5990747E+05   0.0000000E+00   0.0000000E+00   0.0000000E+00
   4.2028986E-01   4.2276481E+05   2.1545851E+05   6.3817106E+05   0.0000000E+00   0.0000000E+00   0.0000000E+00
   4.3478261E-01   4.2218562E+05   2.1125699E+05   6.3341735E+05   0.0000000E+00   0.0000000E+00   0.0000000E+00
   4.4927536E-01   4.1482417E+05   2.0175350E+05   6.1647990E+05   0.0000000E+00   0.0000000E+00   0.0000000E+00
   4.6376812E-01   3.9738553E+05   2.0084758E+05   5.9823311E+05   0.0000000E+00   0.0000000E+00   0.0000000E+00
   4.7826087E-01   3.8968331E+05   1.9310805E+05   5.8272247E+05   0.0000000E+00   0.0000000E+00   0.0000000E+00
   4.9275362E-01   3.8002723E+05   1.8709410E+05   5.6703219E+05   0.0000000E+00   0.0000000E+00   0.0000000E+00
   5.0724638E-01   3.6620331E+05   1.8467125E+05   5.5087457E+05   0.0000000E+00   0.0000000E+00   0.0000000E+00
   5.2173913E-01   3.5443133E+05   1.7783659E+05   5.3220478E+05   0.0000000E+00   0.0000000E+00   0.0000000E+00
   5.3623188E-01   3.3606646E+05   1.6764412E+05   5.0362866E+05   0.0000000E+00   0.0000000E+00   0.0000000E+00
   5.5072464E-01   3.2323452E+05   1.6205595E+05   4.8529047E+05   0.0000000E+00   0.0000000E+00   0.0000000E+00
   5.6521739E-01   3.1121606E+05   1.5731779E+05   4.6851442E+05   0.0000000E+00   0.0000000E+00   0.0000000E+00
   5.7971014E-01   2.9574463E+05   1.4844062E+05   4.4418524E+05   0.0000000E+00   0.0000000E+00   0.0000000E+00
   5.9420290E-01   2.8143449E+05   1.4217728E+05   4.2361177E+05   0.0000000E+00   0.0000000E+00   0.0000000E+00
   6.0869565E-01   2.6950168E+05   1.3404723E+05   4.0353087E+05   0.0000000E+00   0.0000000E+00   0.0000000E+00
   6.2318841E-01   2.5252016E+05   1.2844518E+05   3.8089485E+05   0.0000000E+00   0.0000000E+00   0.0000000E+00
   6.3768116E-01   2.4027141E+05   1.1800027E+05   3.5825446E+05   0.0000000E+00   0.0000000E+00   0.0000000E+00
   6.5217391E-01   2.2991415E+05   1.1615261E+05   3.4598257E+05   0.0000000E+00   0.0000000E+00   0.0000000E+00
   6.6666667E-01   2.1554314E+05   1.0560543E+05   3.2111563E+05   0.0000000E+00   0.0000000E+00   0.0000000E+00
   6.8115942E-01   2.0202550E+05   1.0232670E+05   3.0427158E+05   0.0000000E+00   0.0000000E+00   0.0000000E+00
   6.9565217E-01   1.9064971E+05   9.5064381E+04   2.8571409E+05   0.0000000E+00   0.0000000E+00   0.0000000E+00
   7.1014493E-01   1.7673822E+05   8.8005703E+04   2.6469753E+05   0.0000000E+00   0.0000000E+00   0.0000000E+00
   7.2463768E-01   1.6515629E+05   8.2972167E+04   2.4811330E+05   0.0000000E+00   0.0000000E+00   0.0000000E+00
   7.3913043E-01   1.5450400E+05   7.8522321E+04   2.3301146E+05   0.0000000E+00   0.0000000E+00   0.0000000E+00
   7.5362319E-01   1.4742350E+05   7.0644374E+04   2.1800959E+05   0.0000000E+00   0.0000000E+00   0.0000000E+00
   7.6811594E-01   1.3560627E+05   6.5579965E+04   2.0114335E+05   0.0000000E+00   0.0000000E+00   0.0000000E+00
   7.8260870E-01   1.2310415E+05   6.4674229E+04   1.8777838E+05   0.0000000E+00   0.0000000E+00   0.0000000E+00
   7.9710145E-01   1.1330230E+05   5.7119569E+04   1.7042187E+05   0.0000000E+00   0.0000000E+00   0.0000000E+00
   8.1159420E-01   1.0694912E+05   5.3528684E+04   1.6046427E+05   0.0000000E+00   0.0000000E+00   0.0000000E+00
   8.2608696E-01   9.7428985E+04   4.7976696E+04   1.4539239E+05   0.0000000E+00   0.0000000E+00   0.0000000E+00
   8.4057971E-01   8.9308413E+04   4.5202913E+04   1.3451133E+05   0.0000000E+00   0.0000000E+00   0.0000000E+00
   8.5507246E-01   8.1219098E+04   4.0018771E+04   1.2122503E+05   0.0000000E+00   0.0000000E+00   0.0000000E+00
   8.6956522E-01   7.2136532E+04   3.6623940E+04   1.0874784E+05   0.0000000E+00   0.0000000E+00   0.0000000E+00
   8.8405797E-01   6.4370352E+04   3.2806272E+04   9.7176624E+04   0.0000000E+00   0.0000000E+00   0.0000000E+00
   8.9855072E-01   5.7539102E+04   2.8525120E+04   8.6052000E+04   0.0000000E+00   0.0000000E+00   0.0000000E+00
   9.1304348E-01   4.9866290E+04   2.5546551E+04   7.5412841E+04   0.0000000E+00   0.0000000E+00   0.0000000E+00
   9.2753623E-01   4.1699197E+04   2.1275825E+04   6.2975022E+04   0.0000000E+00   0.0000000E+00   0.0000000E+00
   9.4202899E-01   3.4191411E+04   1.7066562E+04   5.1257972E+04   0.0000000E+00   0.0000000E+00   0.0000000E+00
   9.5652174E-01   2.7267040E+04   1.4041090E+04   4.1308130E+04   0.0000000E+00   0.0000000E+00   0.0000000E+00
   9.7101449E-01   1.9214845E+04   9.4547443E+03   2.8669589E+04   0.0000000E+00   0.0000000E+00   0.0000000E+00
   9.8550725E-01   6.4519050E+03   3.4432446E+03   9.8951496E+03   0.0000000E+00   0.0000000E+00   0.0000000E+00
   1.0000000E+00   0.0000000E+00   0.0000000E+00   0.0000000E+00   0.0000000E+00   0.0000000E+00   0.0000000E+00
