   0.0000000E+00   4.4858012E+05   1.6973302E+05   6.1831313E+05   0.0000000E+00   0.0000000E+00   0.0000000E+00
   1.4492754E-02   3.3264640E+05   1.7049075E+05   5.0313716E+05   0.0000000E+00   0.0000000E+00   0.0000000E+00
   2.8985507E-02   3.6219813E+05   1.7162736E+05   5.3382549E+05   0.0000000E+00   0.0000000E+00   0.0000000E+00
   4.3478261E-02   3.5133724E+05   1.7326912E+05   5.2460636E+05   0.0000000E+00   0.0000000E+00   0.0000000E+00
   5.7971014E-02   3.3946603E+05   1.7371113E+05   5.1317717E+05   0.0000000E+00   0.0000000E+00   0.0000000E+00
   7.2463768E-02   3.6219813E+05   1.7261242E+05   5.3481055E+05   0.0000000E+00   0.0000000E+00   0.0000000E+00
   8.6956522E-02   3.6434506E+05   1.7819441E+05   5.4253947E+05   0.0000000E+00   0.0000000E+00   0.0000000E+00
   1.0144928E-01   3.6133215E+05   1.8293929E+05   5.4427144E+05   0.0000000E+00   0.0000000E+00   0.0000000E+00
   1.1594203E-01   3.6655512E+05   1.8498247E+05   5.5153759E+05   0.0000000E+00   0.0000000E+00   0.0000000E+00
   1.3043478E-01   3.7289064E+05   1.9111803E+05   5.6392448E+05   0.0000000E+00   0.0000000E+00   0.0000000E+00
   1.4492754E-01   3.7273067E+05   1.9481410E+05   5.6746900E+05   0.0000000E+00   0.0000000E+00   0.0000000E+00
   1.5942029E-01   3.7149763E+05   1.9205181E+05   5.6354944E+05   0.0000000E+00   0.0000000E+00   0.0000000E+00
   1.7391304E-01   3.9181301E+05   2.0458890E+05   5.9633877E+05   0.0000000E+00   0.0000000E+00   0.0000000E+00
   1.8840580E-01   4.0760405E+05   2.0155796E+05   6.0916201E+05   0.0000000E+00   0.0000000E+00   0.0000000E+00
   2.0289855E-01   4.1518558E+05   2.0642912E+05   6.2156058E+05   0.0000000E+00   0.0000000E+00   0.0000000E+00
   2.1739130E-01   4.1751291E+05   2.1140853E+05   6.2887093E+05   0.0000000E+00   0.0000000E+00   0.0000000E+00
   2.3188406E-01   4.1964405E+05   2.1368174E+05   6.3332579E+05   0.0000000E+00   0.0000000E+00   0.0000000E+00
   2.4637681E-01   4.2803208E+05   2.2166027E+05   6.4969235E+05   0.0000000E+00   0.0000000E+00   0.0000000E+00
   2.6086957E-01   4.3717197E+05   2.2176427E+05   6.5893624E+05   0.0000000E+00   0.0000000E+00   0.0000000E+00
   2.7536232E-01   4.4315632E+05   2.2668291E+05   6.6983923E+05   0.0000000E+00   0.0000000E+00   0.0000000E+00
   2.8985507E-01   4.5305076E+05   2.2766199E+05   6.8067486E+05   0.0000000E+00   0.0000000E+00   0.0000000E+00
   3.0434783E-01   4.4565742E+05   2.2382098E+05   6.6937015E+05   0.0000000E+00   0.0000000E+00   0.0000000E+00
   3.1884058E-01   4.5161106E+05   2.2797541E+05   6.7958648E+05   0.0000000E+00   0.0000000E+00   0.0000000E+00
   3.3333333E-01   4.5737645E+05   2.3002250E+05   6.8733306E+05   0.0000000E+00   0.0000000E+00   0.0000000E+00
   3.4782609E-01   4.4485458E+05   2.2561610E+05   6.7047068E+05   0.0000000E+00   0.0000000E+00   0.0000000E+00
   3.6231884E-01   4.5382365E+05   2.2959422E+05   6.8329663E+05   0.0000000E+00   0.0000000E+00   0.0000000E+00
   3.7681159E-01   4.5231051E+05   2.2268715E+05   6.7499767E+05   0.0000000E+00   0.0000000E+00   0.0000000E+00
   3.9130435E-01   4.4016082E+05   2.1561818E+05   6.5566675E+05   0.0000000E+00   0.0000000E+00   0.0000000E+00
   4.0579710E-01   4.3875660E+05   2.1904003E+05   6.5763426E+05   0.0000000E+00   0.0000000E+00   0.0000000E+00
   4.2028986E-01   4.2947993E+05   2.1462238E+05   6.4407618E+05   0.0000000E+00   0.0000000E+00   0.0000000E+00
   4.3478261E-01   4.1529022E+05   2.0989306E+05   6.2515802E+05   0.0000000E+00   0.0000000E+00   0.0000000E+00
   4.4927536E-01   4.0966667E+05   2.0544441E+05   6.1503776E+05   0.0000000E+00   0.0000000E+00   0.0000000E+00
   4.6376812E-01   4.0271337E+05   1.9954522E+05   6.0225859E+05   0.0000000E+00   0.0000000E+00   0.0000000E+00
   4.7826087E-01   3.9188764E+05   1.9218958E+05   5.8403129E+05   0.0000000E+00   0.0000000E+00   0.0000000E+00
   4.9275362E-01   3.7536938E+05   1.9012505E+05   5.6549443E+05   0.0000000E+00   0.0000000E+00   0.0000000E+00
   5.0724638E-01   3.6882292E+05   1.8192175E+05   5.5072302E+05   0.0000000E+00   0.0000000E+00   0.0000000E+00
   5.2173913E-01   3.5474706E+05   1.7667894E+05   5.3136285E+05   0.0000000E+00   0.0000000E+00   0.0000000E+00
   5.3623188E-01   3.3958891E+05   1.6997877E+05   5.0956768E+05   0.0000000E+00   0.0000000E+00   0.0000000E+00
   5.5072464E-01   3.2698332E+05   1.6275386E+05   4.8967736E+05   0.0000000E+00   0.0000000E+00   0.0000000E+00
   5.6521739E-01   3.0826283E+05   1.5601604E+05   4.6424001E+05   0.0000000E+00   0.0000000E+00   0.0000000E+00
   5.7971014E-01   2.9286523E+05   1.4645156E+05   4.3927890E+05   0.0000000E+00   0.0000000E+00   0.0000000E+00
   5.9420290E-01   2.7947547E+05   1.4341553E+05   4.2287251E+05   0.0000000E+00   0.0000000E+00   0.0000000E+00
   6.0869565E-01   2.6901456E+05   1.3561683E+05   4.0461335E+05   0.0000000E+00   0.0000000E+00   0.0000000E+00
   6.2318841E-01   2.5405325E+05   1.2705306E+05   3.8107106E+05   0.0000000E+00   0.0000000E+00   0.0000000E+00
   6.3768116E-01   2.3882483E+05   1.2127231E+05   3.6006270E+05   0.0000000E+00   0.0000000E+00   0.0000000E+00
   6.5217391E-01   2.2873545E+05   1.1527701E+05   3.4394510E+05   0.0000000E+00   0.0000000E+00   0.0000000E+00
   6.6666667E-01   2.1183682E+05   1.0896583E+05   3.2076971E+05   0.0000000E+00   0.0000000E+00   0.0000000E+00
   6.8115942E-01   2.0123552E+05   1.0092408E+05   3.0215959E+05   0.0000000E+00   0.0000000E+00   0.0000000E+00
   6.9565217E-01   1.8837650E+05   9.4038280E+04   2.8241478E+05   0.0000000E+00   0.0000000E+00   0.0000000E+00
   7.1014493E-01   1.8113000E+05   8.9876849E+04   2.7100684E+05   0.0000000E+00   0.0000000E+00   0.0000000E+00
   7.2463768E-01   1.6515629E+05   8.1380920E+04   2.4653721E+05   0.0000000E+00   0.0000000E+00   0.0000000E+00
   7.3913043E-01   1.5652463E+05   7.8091451E+04   2.3455665E+05   0.0000000E+00   0.0000000E+00   0.0000000E+00
   7.5362319E-01   1.4286251E+05   7.1372967E+04   2.1423548E+05   0.0000000E+00   0.0000000E+00   0.0000000E+00
   7.6811594E-01   1.3437674E+05   6.7367080E+04   2.0174382E+05   0.0000000E+00   0.0000000E+00   0.0000000E+00
   7.8260870E-01   1.2143432E+05   6.2443116E+04   1.8386340E+05   0.0000000E+00   0.0000000E+00   0.0000000E+00
   7.9710145E-01   1.1608526E+05   5.8993245E+04   1.7506473E+05   0.0000000E+00   0.0000000E+00   0.0000000E+00
   8.1159420E-01   1.0720621E+05   5.2554451E+04   1.5974713E+05   0.0000000E+00   0.0000000E+00   0.0000000E+00
   8.2608696E-01   9.8851403E+04   4.8800901E+04   1.4765230E+05   0.0000000E+00   0.0000000E+00   0.0000000E+00
   8.4057971E-01   9.1307270E+04   4.3987921E+04   1.3528213E+05   0.0000000E+00   0.0000000E+00   0.0000000E+00
   8.5507246E-01   7.9883427E+04   4.0352689E+04   1.2023612E+05   0.0000000E+00   0.0000000E+00   0.0000000E+00
   8.6956522E-01   7.2010243E+04   3.7659513E+04   1.0966976E+05   7.4852053E-05   0.0000000E+00   4.9148596E-05
   8.8405797E-01   6.5165355E+04   3.1911894E+04   9.7077249E+04   0.0000000E+00   0.0000000E+00   0.0000000E+00
   8.9855072E-01   5.6866916E+04   2.9136198E+04   8.6003114E+04   0.0000000E+00   0.0000000E+00   0.0000000E+00
   9.1304348E-01   5.0611999E+04   2.5101531E+04   7.5713531E+04   0.0000000E+00   0.0000000E+00   0.0000000E+00
   9.2753623E-01   4.2800283E+04   2.0790400E+04   6.3590683E+04   0.0000000E+00   0.0000000E+00   0.0000000E+00
   9.4202899E-01   3.3853344E+04   1.7707723E+04   5.1561067E+04   0.0000000E+00   0.0000000E+00   0.0000000E+00
   9.5652174E-01   2.8277355E+04   1.3880358E+04   4.2157714E+04   0.0000000E+00   0.0000000E+00   0.0000000E+00
   9.7101449E-01   1.8954727E+04   9.7374819E+03   2.8692208E+04   0.0000000E+00   0.0000000E+00   0.0000000E+00
   9.8550725E-01   6.5856232E+03   3.2649537E+03   9.8505769E+03   0.0000000E+00   0.0000000E+00   0.0000000E+00
   1.0000000E+00   0.0000000E+00   0.0000000E+00   0.0000000E+00   0.0000000E+00   0.0000000E+00   0.0000000E+00
