   0.0000000E+00   4.3645633E+05   1.8185680E+05   6.1831313E+05   0.0000000E+00   0.0000000E+00   0.0000000E+00
   1.4492754E-02   3.8038382E+05   1.6897528E+05   5.4935910E+05   0.0000000E+00   0.0000000E+00   0.0000000E+00
   2.8985507E-02   3.5765171E+05   1.7390057E+05   5.3155228E+05   0.0000000E+00   0.0000000E+00   0.0000000E+00
   4.3478261E-02   3.4173924E+05   1.6922786E+05   5.1096710E+05   0.0000000E+00   0.0000000E+00   0.0000000E+00
   5.7971014E-02   3.4571736E+05   1.7465831E+05   5.2037567E+05   0.0000000E+00   0.0000000E+00   0.0000000E+00
   7.2463768E-02   3.5886409E+05   1.8094752E+05   5.3981161E+05   0.0000000E+00   0.0000000E+00   0.0000000E+00
   8.6956522E-02   3.4982177E+05   1.7225881E+05   5.2208058E+05   0.0000000E+00   0.0000000E+00   0.0000000E+00
   1.0144928E-01   3.6966725E+05   1.8640322E+05   5.5607048E+05   0.0000000E+00   0.0000000E+00   0.0000000E+00
   1.1594203E-01   3.6011436E+05   1.8649794E+05   5.4661230E+05   0.0000000E+00   0.0000000E+00   0.0000000E+00
   1.3043478E-01   3.8004704E+05   1.8185680E+05   5.6190385E+05   0.0000000E+00   0.0000000E+00   0.0000000E+00
   1.4492754E-01   3.7394305E+05   1.9390482E+05   5.6769632E+05   0.0000000E+00   0.0000000E+00   0.0000000E+00
   1.5942029E-01   3.8685902E+05   1.9432502E+05   5.8118404E+05   0.0000000E+00   0.0000000E+00   0.0000000E+00
   1.7391304E-01   3.9320219E+05   2.0427318E+05   5.9741223E+05   0.0000000E+00   0.0000000E+00   0.0000000E+00
   1.8840580E-01   3.9845292E+05   2.0266542E+05   6.0111834E+05   0.0000000E+00   0.0000000E+00   0.0000000E+00
   2.0289855E-01   4.0717522E+05   2.0421004E+05   6.1138526E+05   0.0000000E+00   0.0000000E+00   0.0000000E+00
   2.1739130E-01   4.1301701E+05   2.0787243E+05   6.2088944E+05   0.0000000E+00   0.0000000E+00   0.0000000E+00
   2.3188406E-01   4.2276971E+05   2.1481835E+05   6.3754070E+05   0.0000000E+00   0.0000000E+00   0.0000000E+00
   2.4637681E-01   4.3507457E+05   2.0686211E+05   6.4193669E+05   0.0000000E+00   0.0000000E+00   0.0000000E+00
   2.6086957E-01   4.3456199E+05   2.2109073E+05   6.5556852E+05   0.0000000E+00   0.0000000E+00   0.0000000E+00
   2.7536232E-01   4.4850036E+05   2.1755019E+05   6.6601066E+05   0.0000000E+00   0.0000000E+00   0.0000000E+00
   2.8985507E-01   4.5077755E+05   2.2447949E+05   6.7518127E+05   0.0000000E+00   0.0000000E+00   0.0000000E+00
   3.0434783E-01   4.5366778E+05   2.3071278E+05   6.8438056E+05   0.0000000E+00   0.0000000E+00   0.0000000E+00
   3.1884058E-01   4.5443535E+05   2.2676992E+05   6.8106751E+05   0.0000000E+00   0.0000000E+00   0.0000000E+00
   3.3333333E-01   4.5823302E+05   2.2570670E+05   6.8393972E+05   0.0000000E+00   0.0000000E+00   0.0000000E+00
   3.4782609E-01   4.4779081E+05   2.3199371E+05   6.7975295E+05   0.0000000E+00   0.0000000E+00   0.0000000E+00
   3.6231884E-01   4.4936816E+05   2.2901834E+05   6.7835619E+05   0.0000000E+00   0.0000000E+00   0.0000000E+00
   3.7681159E-01   4.5365112E+05   2.2198770E+05   6.7555140E+05   0.0000000E+00   0.0000000E+00   0.0000000E+00
   3.9130435E-01   4.4689626E+05   2.2670359E+05   6.7351565E+05   0.0000000E+00   0.0000000E+00   0.0000000E+00
   4.0579710E-01   4.3764706E+05   2.1498072E+05   6.5260072E+05   0.0000000E+00   0.0000000E+00   0.0000000E+00
   4.2028986E-01   4.2556060E+05   2.1383852E+05   6.3934686E+05   0.0000000E+00   0.0000000E+00   0.0000000E+00
   4.3478261E-01   4.2231191E+05   2.1294927E+05   6.3521066E+05   0.0000000E+00   0.0000000E+00   0.0000000E+00
   4.4927536E-01   4.0883561E+05   2.0045802E+05   6.0926918E+05   0.0000000E+00   0.0000000E+00   0.0000000E+00
   4.6376812E-01   4.0176620E+05   1.9968730E+05   6.0138246E+05   0.0000000E+00   0.0000000E+00   0.0000000E+00
   4.7826087E-01   3.8970627E+05   1.9526645E+05   5.8492680E+05   0.0000000E+00   0.0000000E+00   0.0000000E+00
   4.9275362E-01   3.7447793E+05   1.8903302E+05   5.6348866E+05   0.0000000E+00   0.0000000E+00   0.0000000E+00
   5.0724638E-01   3.6559713E+05   1.8512590E+05   5.5065807E+05   0.0000000E+00   0.0000000E+00   0.0000000E+00
   5.2173913E-01   3.5415771E+05   1.7760506E+05   5.3169962E+05   0.0000000E+00   0.0000000E+00   0.0000000E+00
   5.3623188E-01   3.4165733E+05   1.7190383E+05   5.1349972E+05   0.0000000E+00   0.0000000E+00   0.0000000E+00
   5.5072464E-01   3.2437112E+05   1.6087946E+05   4.8521070E+05   0.0000000E+00   0.0000000E+00   0.0000000E+00
   5.6521739E-01   3.1238181E+05   1.5430628E+05   4.6666865E+05   0.0000000E+00   0.0000000E+00   0.0000000E+00
   5.7971014E-01   2.9898395E+05   1.4726612E+05   4.4621219E+05   0.0000000E+00   0.0000000E+00   0.0000000E+00
   5.9420290E-01   2.8226616E+05   1.4225120E+05   4.2448039E+05   0.0000000E+00   0.0000000E+00   0.0000000E+00
   6.0869565E-01   2.6807641E+05   1.3540033E+05   4.0345870E+05   0.0000000E+00   0.0000000E+00   0.0000000E+00
   6.2318841E-01   2.5496958E+05   1.2826896E+05   3.8322092E+05   0.0000000E+00   0.0000000E+00   0.0000000E+00
   6.3768116E-01   2.3972033E+05   1.1951574E+05   3.5921885E+05   0.0000000E+00   0.0000000E+00   0.0000000E+00
   6.5217391E-01   2.2476154E+05   1.1293644E+05   3.3764747E+05   0.0000000E+00   0.0000000E+00   0.0000000E+00
   6.6666667E-01   2.1427476E+05   1.0656084E+05   3.2083560E+05   0.0000000E+00   0.0000000E+00   0.0000000E+00
   6.8115942E-01   2.0159020E+05   1.0202038E+05   3.0357834E+05   0.0000000E+00   0.0000000E+00   0.0000000E+00
   6.9565217E-01   1.8990776E+05   9.3312115E+04   2.8320409E+05   0.0000000E+00   0.0000000E+00   0.0000000E+00
   7.1014493E-01   1.7499078E+05   8.9196433E+04   2.6418721E+05   0.0000000E+00   0.0000000E+00   0.0000000E+00
   7.2463768E-01   1.6682331E+05   8.4169391E+04   2.5096239E+05   0.0000000E+00   0.0000000E+00   0.0000000E+00
   7.3913043E-01   1.5447428E+05   7.8997764E+04   2.3345719E+05   0.0000000E+00   0.0000000E+00   0.0000000E+00
   7.5362319E-01   1.4496086E+05   7.4301911E+04   2.1923362E+05   0.0000000E+00   0.0000000E+00   0.0000000E+00
   7.6811594E-01   1.3329017E+05   6.5937388E+04   1.9919897E+05   0.0000000E+00   0.0000000E+00   0.0000000E+00
   7.8260870E-01   1.2436704E+05   6.2485212E+04   1.8685225E+05   0.0000000E+00   0.0000000E+00   0.0000000E+00
   7.9710145E-01   1.1399115E+05   5.7036907E+04   1.7101428E+05   0.0000000E+00   0.0000000E+00   0.0000000E+00
   8.1159420E-01   1.0688147E+05   5.3217471E+04   1.6009894E+05   0.0000000E+00   0.0000000E+00   0.0000000E+00
   8.2608696E-01   9.5687520E+04   4.9292765E+04   1.4496699E+05   0.0000000E+00   0.0000000E+00   0.0000000E+00
   8.4057971E-01   8.9517444E+04   4.3021153E+04   1.3252553E+05   0.0000000E+00   0.0000000E+00   0.0000000E+00
   8.5507246E-01   8.0551262E+04   3.9877498E+04   1.2042876E+05   0.0000000E+00   0.0000000E+00   0.0000000E+00
   8.6956522E-01   7.3096332E+04   3.5095837E+04   1.0819217E+05   0.0000000E+00   0.0000000E+00   0.0000000E+00
   8.8405797E-01   6.6270905E+04   3.2247286E+04   9.8518191E+04   0.0000000E+00   0.0000000E+00   0.0000000E+00
   8.9855072E-01   5.6781365E+04   2.8647335E+04   8.5428700E+04   0.0000000E+00   0.0000000E+00   0.0000000E+00
   9.1304348E-01   4.9938456E+04   2.5738992E+04   7.5677448E+04   0.0000000E+00   0.0000000E+00   0.0000000E+00
   9.2753623E-01   4.2693726E+04   2.0541768E+04   6.3235494E+04   0.0000000E+00   0.0000000E+00   0.0000000E+00
   9.4202899E-01   3.5485392E+04   1.7323026E+04   5.2808418E+04   0.0000000E+00   0.0000000E+00   0.0000000E+00
   9.5652174E-01   2.7714793E+04   1.3708145E+04   4.1422939E+04   0.0000000E+00   0.0000000E+00   0.0000000E+00
   9.7101449E-01   1.9011274E+04   9.6809344E+03   2.8692208E+04   0.0000000E+00   0.0000000E+00   0.0000000E+00
   9.8550725E-01   6.6190528E+03   3.5323901E+03   1.0151443E+04   0.0000000E+00   0.0000000E+00   0.0000000E+00
   1.0000000E+00   0.0000000E+00   0.0000000E+00   0.0000000E+00   0.0000000E+00   0.0000000E+00   0.0000000E+00
