   0.0000000E+00   2.6066142E+05   7.2742722E+04   3.3340414E+05   0.0000000E+00   0.0000000E+00   0.0000000E+00
   1.4492754E-02   3.4552793E+05   1.6670207E+05   5.1223000E+05   0.0000000E+00   0.0000000E+00   0.0000000E+00
   2.8985507E-02   3.4401245E+05   1.8147794E+05   5.2549039E+05   0.0000000E+00   0.0000000E+00   0.0000000E+00
   4.3478261E-02   3.4906403E+05   1.7983617E+05   5.2890021E+05   0.0000000E+00   0.0000000E+00   0.0000000E+00
   5.7971014E-02   3.6390304E+05   1.7371113E+05   5.3761418E+05   0.0000000E+00   0.0000000E+00   0.0000000E+00
   7.2463768E-02   3.4855887E+05   1.7109694E+05   5.1965582E+05   0.0000000E+00   0.0000000E+00   0.0000000E+00
   8.6956522E-02   3.5714656E+05   1.7869957E+05   5.3584613E+05   0.0000000E+00   0.0000000E+00   0.0000000E+00
   1.0144928E-01   3.6306412E+05   1.8456301E+05   5.4762713E+05   0.0000000E+00   0.0000000E+00   0.0000000E+00
   1.1594203E-01   3.7650041E+05   1.8138322E+05   5.5788363E+05   0.0000000E+00   0.0000000E+00   0.0000000E+00
   1.3043478E-01   3.7263806E+05   1.8615065E+05   5.5878871E+05   0.0000000E+00   0.0000000E+00   0.0000000E+00
   1.4492754E-01   3.7045746E+05   1.8928262E+05   5.5974009E+05   0.0000000E+00   0.0000000E+00   0.0000000E+00
   1.5942029E-01   3.8603240E+05   1.8860755E+05   5.7463995E+05   0.0000000E+00   0.0000000E+00   0.0000000E+00
   1.7391304E-01   3.9257075E+05   1.9555921E+05   5.8812996E+05   0.0000000E+00   0.0000000E+00   0.0000000E+00
   1.8840580E-01   4.0672974E+05   1.9794414E+05   6.0455730E+05   0.0000000E+00   0.0000000E+00   0.0000000E+00
   2.0289855E-01   4.1269587E+05   2.0431828E+05   6.1701416E+05   0.0000000E+00   0.0000000E+00   0.0000000E+00
   2.1739130E-01   4.1382526E+05   2.0580128E+05   6.1952551E+05   0.0000000E+00   0.0000000E+00   0.0000000E+00
   2.3188406E-01   4.1571329E+05   2.1557609E+05   6.3124202E+05   0.0000000E+00   0.0000000E+00   0.0000000E+00
   2.4637681E-01   4.3538658E+05   2.1305773E+05   6.4844431E+05   0.0000000E+00   0.0000000E+00   0.0000000E+00
   2.6086957E-01   4.4327596E+05   2.1486045E+05   6.5813641E+05   0.0000000E+00   0.0000000E+00   0.0000000E+00
   2.7536232E-01   4.4251822E+05   2.1762995E+05   6.6006841E+05   0.0000000E+00   0.0000000E+00   0.0000000E+00
   2.8985507E-01   4.4801181E+05   2.2334289E+05   6.7124104E+05   0.0000000E+00   0.0000000E+00   0.0000000E+00
   3.0434783E-01   4.5106982E+05   2.2732101E+05   6.7839083E+05   0.0000000E+00   0.0000000E+00   0.0000000E+00
   3.1884058E-01   4.5136997E+05   2.2573665E+05   6.7707217E+05   0.0000000E+00   0.0000000E+00   0.0000000E+00
   3.3333333E-01   4.4742704E+05   2.2979189E+05   6.7721893E+05   0.0000000E+00   0.0000000E+00   0.0000000E+00
   3.4782609E-01   4.5726252E+05   2.2864704E+05   6.8587799E+05   0.0000000E+00   0.0000000E+00   0.0000000E+00
   3.6231884E-01   4.4612505E+05   2.2244118E+05   6.6853592E+05   0.0000000E+00   0.0000000E+00   0.0000000E+00
   3.7681159E-01   4.4910470E+05   2.2472721E+05   6.7380277E+05   0.0000000E+00   0.0000000E+00   0.0000000E+00
   3.9130435E-01   4.4333209E+05   2.2030492E+05   6.6358088E+05   0.0000000E+00   0.0000000E+00   0.0000000E+00
   4.0579710E-01   4.3507617E+05   2.1860703E+05   6.5368320E+05   0.0000000E+00   0.0000000E+00   0.0000000E+00
   4.2028986E-01   4.2639672E+05   2.1650366E+05   6.4279587E+05   0.0000000E+00   0.0000000E+00   0.0000000E+00
   4.3478261E-01   4.1801807E+05   2.1123173E+05   6.2924980E+05   0.0000000E+00   0.0000000E+00   0.0000000E+00
   4.4927536E-01   4.1369979E+05   2.0429559E+05   6.1792204E+05   0.0000000E+00   0.0000000E+00   0.0000000E+00
   4.6376812E-01   4.0434724E+05   1.9665635E+05   6.0090887E+05   0.0000000E+00   0.0000000E+00   0.0000000E+00
   4.7826087E-01   3.8954554E+05   2.0001952E+05   5.8947322E+05   0.0000000E+00   0.0000000E+00   0.0000000E+00
   4.9275362E-01   3.8029467E+05   1.8673752E+05   5.6698762E+05   0.0000000E+00   0.0000000E+00   0.0000000E+00
   5.0724638E-01   3.6709095E+05   1.8129391E+05   5.4836321E+05   0.0000000E+00   0.0000000E+00   0.0000000E+00
   5.2173913E-01   3.4723284E+05   1.7554233E+05   5.2275412E+05   0.0000000E+00   0.0000000E+00   0.0000000E+00
   5.3623188E-01   3.3496057E+05   1.7106418E+05   5.0594283E+05   0.0000000E+00   0.0000000E+00   0.0000000E+00
   5.5072464E-01   3.2774106E+05   1.6071994E+05   4.8838123E+05   0.0000000E+00   0.0000000E+00   0.0000000E+00
   5.6521739E-01   3.1028346E+05   1.5766752E+05   4.6781497E+05   0.0000000E+00   0.0000000E+00   0.0000000E+00
   5.7971014E-01   2.9652131E+05   1.4868688E+05   4.4517030E+05   0.0000000E+00   0.0000000E+00   0.0000000E+00
   5.9420290E-01   2.8173020E+05   1.3905392E+05   4.2076564E+05   0.0000000E+00   0.0000000E+00   0.0000000E+00
   6.0869565E-01   2.6957385E+05   1.3429981E+05   4.0381953E+05   0.0000000E+00   0.0000000E+00   0.0000000E+00
   6.2318841E-01   2.5556872E+05   1.2569618E+05   3.8119442E+05   0.0000000E+00   0.0000000E+00   0.0000000E+00
   6.3768116E-01   2.4158023E+05   1.2041125E+05   3.6195704E+05   0.0000000E+00   0.0000000E+00   0.0000000E+00
   6.5217391E-01   2.2858390E+05   1.1312167E+05   3.4165505E+05   0.0000000E+00   0.0000000E+00   0.0000000E+00
   6.6666667E-01   2.1345113E+05   1.0675851E+05   3.2019317E+05   0.0000000E+00   0.0000000E+00   0.0000000E+00
   6.8115942E-01   1.9891394E+05   1.0380993E+05   3.0272387E+05   0.0000000E+00   0.0000000E+00   0.0000000E+00
   6.9565217E-01   1.8894480E+05   9.6311490E+04   2.8524050E+05   0.0000000E+00   0.0000000E+00   0.0000000E+00
   7.1014493E-01   1.7891864E+05   8.9737673E+04   2.6864085E+05   0.0000000E+00   0.0000000E+00   0.0000000E+00
   7.2463768E-01   1.6415608E+05   8.4548259E+04   2.4864372E+05   0.0000000E+00   0.0000000E+00   0.0000000E+00
   7.3913043E-01   1.5769838E+05   7.7645724E+04   2.3529953E+05   0.0000000E+00   0.0000000E+00   0.0000000E+00
   7.5362319E-01   1.4493171E+05   7.1037814E+04   2.1596953E+05   0.0000000E+00   0.0000000E+00   0.0000000E+00
   7.6811594E-01   1.3373338E+05   6.7052548E+04   2.0078592E+05   0.0000000E+00   0.0000000E+00   0.0000000E+00
   7.8260870E-01   1.2541945E+05   6.1966022E+04   1.8734338E+05   0.0000000E+00   0.0000000E+00   0.0000000E+00
   7.9710145E-01   1.1554796E+05   5.8772813E+04   1.7430699E+05   0.0000000E+00   0.0000000E+00   0.0000000E+00
   8.1159420E-01   1.0514950E+05   5.4259359E+04   1.5939532E+05   0.0000000E+00   0.0000000E+00   0.0000000E+00
   8.2608696E-01   9.7189700E+04   4.8588203E+04   1.4576461E+05   0.0000000E+00   0.0000000E+00   0.0000000E+00
   8.4057971E-01   8.9073254E+04   4.5294364E+04   1.3436762E+05   0.0000000E+00   0.0000000E+00   0.0000000E+00
   8.5507246E-01   8.1874091E+04   4.1238856E+04   1.2311295E+05   0.0000000E+00   0.0000000E+00   0.0000000E+00
   8.6956522E-01   7.3727779E+04   3.5689398E+04   1.0941718E+05   0.0000000E+00   0.0000000E+00   0.0000000E+00
   8.8405797E-01   6.4693322E+04   3.2706897E+04   9.7400219E+04   0.0000000E+00   0.0000000E+00   0.0000000E+00
   8.9855072E-01   5.9017910E+04   2.8928431E+04   8.7946342E+04   0.0000000E+00   0.0000000E+00   0.0000000E+00
   9.1304348E-01   5.1550150E+04   2.4981255E+04   7.6531405E+04   0.0000000E+00   0.0000000E+00   0.0000000E+00
   9.2753623E-01   4.2563490E+04   2.2483468E+04   6.5046958E+04   0.0000000E+00   0.0000000E+00   0.0000000E+00
   9.4202899E-01   3.5333844E+04   1.8232310E+04   5.3566155E+04   0.0000000E+00   0.0000000E+00   0.0000000E+00
   9.5652174E-01   2.8242913E+04   1.3673703E+04   4.1916616E+04   0.0000000E+00   0.0000000E+00   0.0000000E+00
   9.7101449E-01   1.9203536E+04   9.8053389E+03   2.9008875E+04   0.0000000E+00   0.0000000E+00   0.0000000E+00
   9.8550725E-01   6.6859119E+03   3.2203809E+03   9.9062928E+03   0.0000000E+00   0.0000000E+00   0.0000000E+00
   1.0000000E+00   0.0000000E+00   0.0000000E+00   0.0000000E+00   0.0000000E+00   0.0000000E+00   0.0000000E+00
