   0.0000000E+00   3.3340414E+05   1.6973302E+05   5.0313716E+05   0.0000000E+00   0.0000000E+00   0.0000000E+00
   1.4492754E-02   3.3567735E+05   2.1065080E+05   5.4632815E+05   0.0000000E+00   0.0000000E+00   0.0000000E+00
   2.8985507E-02   3.4969548E+05   1.8753983E+05   5.3685644E+05   0.0000000E+00   0.0000000E+00   0.0000000E+00
   4.3478261E-02   3.6447135E+05   1.7453202E+05   5.3900336E+05   0.0000000E+00   0.0000000E+00   0.0000000E+00
   5.7971014E-02   3.5234756E+05   1.6878585E+05   5.2113340E+05   0.0000000E+00   0.0000000E+00   0.0000000E+00
   7.2463768E-02   3.5598469E+05   1.8185680E+05   5.3784150E+05   0.0000000E+00   0.0000000E+00   0.0000000E+00
   8.6956522E-02   3.5929348E+05   1.7743667E+05   5.3673015E+05   0.0000000E+00   0.0000000E+00   0.0000000E+00
   1.0144928E-01   3.6079091E+05   1.8283104E+05   5.4340545E+05   0.0000000E+00   0.0000000E+00   0.0000000E+00
   1.1594203E-01   3.5992492E+05   1.8763455E+05   5.4755947E+05   0.0000000E+00   0.0000000E+00   0.0000000E+00
   1.3043478E-01   3.6581843E+05   1.8631903E+05   5.5213746E+05   0.0000000E+00   0.0000000E+00   0.0000000E+00
   1.4492754E-01   3.7689823E+05   1.9701154E+05   5.7390976E+05   0.0000000E+00   0.0000000E+00   0.0000000E+00
   1.5942029E-01   3.8623905E+05   1.9253400E+05   5.7877306E+05   0.0000000E+00   0.0000000E+00   0.0000000E+00
   1.7391304E-01   3.9831692E+05   1.9278084E+05   5.9109776E+05   0.0000000E+00   0.0000000E+00   0.0000000E+00
   1.8840580E-01   4.0579714E+05   2.0155796E+05   6.0723852E+05   0.0000000E+00   0.0000000E+00   0.0000000E+00
   2.0289855E-01   4.0793296E+05   2.0588788E+05   6.1376671E+05   0.0000000E+00   0.0000000E+00   0.0000000E+00
   2.1739130E-01   4.2084695E+05   2.1105492E+05   6.3185136E+05   0.0000000E+00   0.0000000E+00   0.0000000E+00
   2.3188406E-01   4.2982613E+05   2.1273457E+05   6.4251335E+05   0.0000000E+00   0.0000000E+00   0.0000000E+00
   2.4637681E-01   4.3774894E+05   2.1528636E+05   6.5299073E+05   0.0000000E+00   0.0000000E+00   0.0000000E+00
   2.6086957E-01   4.3531972E+05   2.1814397E+05   6.5342160E+05   0.0000000E+00   0.0000000E+00   0.0000000E+00
   2.7536232E-01   4.3689502E+05   2.1906566E+05   6.5588092E+05   0.0000000E+00   0.0000000E+00   0.0000000E+00
   2.8985507E-01   4.5161106E+05   2.2281247E+05   6.7442354E+05   0.0000000E+00   0.0000000E+00   0.0000000E+00
   3.0434783E-01   4.5897193E+05   2.2818699E+05   6.8712284E+05   0.0000000E+00   0.0000000E+00   0.0000000E+00
   3.1884058E-01   4.5543419E+05   2.2160354E+05   6.7700328E+05   0.0000000E+00   0.0000000E+00   0.0000000E+00
   3.3333333E-01   4.4914018E+05   2.2837525E+05   6.7748249E+05   0.0000000E+00   0.0000000E+00   0.0000000E+00
   3.4782609E-01   4.5457887E+05   2.2327974E+05   6.7785861E+05   0.0000000E+00   0.0000000E+00   0.0000000E+00
   3.6231884E-01   4.5249004E+05   2.2889710E+05   6.8135683E+05   0.0000000E+00   0.0000000E+00   0.0000000E+00
   3.7681159E-01   4.4313024E+05   2.2239572E+05   6.6549681E+05   0.0000000E+00   0.0000000E+00   0.0000000E+00
   3.9130435E-01   4.4535272E+05   2.1999622E+05   6.6523668E+05   0.0000000E+00   0.0000000E+00   0.0000000E+00
   4.0579710E-01   4.3142279E+05   2.2096143E+05   6.5224891E+05   0.0000000E+00   0.0000000E+00   0.0000000E+00
   4.2028986E-01   4.2736349E+05   2.1551076E+05   6.4279587E+05   0.0000000E+00   0.0000000E+00   0.0000000E+00
   4.3478261E-01   4.2243820E+05   2.1401010E+05   6.3634727E+05   0.0000000E+00   0.0000000E+00   0.0000000E+00
   4.4927536E-01   4.1445752E+05   2.0559107E+05   6.1987749E+05   0.0000000E+00   0.0000000E+00   0.0000000E+00
   4.6376812E-01   4.0110318E+05   2.0151060E+05   6.0259010E+05   0.0000000E+00   0.0000000E+00   0.0000000E+00
   4.7826087E-01   3.8862707E+05   1.9682784E+05   5.8536307E+05   0.0000000E+00   0.0000000E+00   0.0000000E+00
   4.9275362E-01   3.7133555E+05   1.8901073E+05   5.6034628E+05   0.0000000E+00   0.0000000E+00   0.0000000E+00
   5.0724638E-01   3.6598682E+05   1.7852276E+05   5.4433638E+05   0.0000000E+00   0.0000000E+00   0.0000000E+00
   5.2173913E-01   3.5308425E+05   1.7594225E+05   5.2900545E+05   0.0000000E+00   0.0000000E+00   0.0000000E+00
   5.3623188E-01   3.3575927E+05   1.6670207E+05   5.0242038E+05   0.0000000E+00   0.0000000E+00   0.0000000E+00
   5.5072464E-01   3.2443094E+05   1.6321249E+05   4.8760356E+05   0.0000000E+00   0.0000000E+00   0.0000000E+00
   5.6521739E-01   3.1057489E+05   1.5805610E+05   4.6861157E+05   0.0000000E+00   0.0000000E+00   0.0000000E+00
   5.7971014E-01   2.9566885E+05   1.4925518E+05   4.4484826E+05   0.0000000E+00   0.0000000E+00   0.0000000E+00
   5.9420290E-01   2.8113879E+05   1.4188157E+05   4.2300188E+05   0.0000000E+00   0.0000000E+00   0.0000000E+00
   6.0869565E-01   2.6610991E+05   1.3377661E+05   3.9986847E+05   0.0000000E+00   0.0000000E+00   0.0000000E+00
   6.2318841E-01   2.5236156E+05   1.2597813E+05   3.7832207E+05   0.0000000E+00   0.0000000E+00   0.0000000E+00
   6.3768116E-01   2.3718880E+05   1.1844802E+05   3.5563682E+05   0.0000000E+00   0.0000000E+00   0.0000000E+00
   6.5217391E-01   2.2696739E+05   1.1335741E+05   3.4029113E+05   0.0000000E+00   0.0000000E+00   0.0000000E+00
   6.6666667E-01   2.1467010E+05   1.0954237E+05   3.2419599E+05   0.0000000E+00   0.0000000E+00   0.0000000E+00
   6.8115942E-01   2.0081634E+05   1.0193977E+05   3.0269162E+05   0.0000000E+00   0.0000000E+00   0.0000000E+00
   6.9565217E-01   1.8978147E+05   9.6895578E+04   2.8666126E+05   0.0000000E+00   0.0000000E+00   0.0000000E+00
   7.1014493E-01   1.7932071E+05   9.1144898E+04   2.7046560E+05   0.0000000E+00   0.0000000E+00   0.0000000E+00
   7.2463768E-01   1.6656568E+05   8.4790735E+04   2.5132610E+05   0.0000000E+00   0.0000000E+00   0.0000000E+00
   7.3913043E-01   1.5431085E+05   7.8269742E+04   2.3256573E+05   0.0000000E+00   0.0000000E+00   0.0000000E+00
   7.5362319E-01   1.4726321E+05   7.2626147E+04   2.1987479E+05   0.0000000E+00   0.0000000E+00   0.0000000E+00
   7.6811594E-01   1.3510588E+05   6.7467159E+04   2.0255874E+05   0.0000000E+00   0.0000000E+00   0.0000000E+00
   7.8260870E-01   1.2401624E+05   6.3495528E+04   1.8751176E+05   0.0000000E+00   0.0000000E+00   0.0000000E+00
   7.9710145E-01   1.1634702E+05   5.7532880E+04   1.7387990E+05   0.0000000E+00   0.0000000E+00   0.0000000E+00
   8.1159420E-01   1.0713855E+05   5.1661405E+04   1.5879996E+05   0.0000000E+00   0.0000000E+00   0.0000000E+00
   8.2608696E-01   9.7083351E+04   4.9930859E+04   1.4701421E+05   0.0000000E+00   0.0000000E+00   0.0000000E+00
   8.4057971E-01   8.8250195E+04   4.5150655E+04   1.3340085E+05   0.0000000E+00   0.0000000E+00   0.0000000E+00
   8.5507246E-01   8.0371460E+04   3.9517895E+04   1.1988936E+05   0.0000000E+00   0.0000000E+00   0.0000000E+00
   8.6956522E-01   7.1555601E+04   3.6459763E+04   1.0800274E+05   0.0000000E+00   0.0000000E+00   0.0000000E+00
   8.8405797E-01   6.6333015E+04   3.2396349E+04   9.8729363E+04   0.0000000E+00   0.0000000E+00   0.0000000E+00
   8.9855072E-01   5.6940245E+04   2.7364072E+04   8.4304317E+04   0.0000000E+00   0.0000000E+00   0.0000000E+00
   9.1304348E-01   4.9709932E+04   2.5318027E+04   7.5027959E+04   0.0000000E+00   0.0000000E+00   0.0000000E+00
   9.2753623E-01   4.2326698E+04   2.2116439E+04   6.4431297E+04   0.0000000E+00   0.0000000E+00   0.0000000E+00
   9.4202899E-01   3.6091581E+04   1.7229766E+04   5.3321348E+04   0.0000000E+00   0.0000000E+00   0.0000000E+00
   9.5652174E-01   2.7978853E+04   1.3616299E+04   4.1595152E+04   0.0000000E+00   0.0000000E+00   0.0000000E+00
   9.7101449E-01   1.9757701E+04   9.9297434E+03   2.9687445E+04   0.0000000E+00   0.0000000E+00   0.0000000E+00
   9.8550725E-01   6.2624708E+03   3.0532331E+03   9.3157039E+03   0.0000000E+00   0.0000000E+00   0.0000000E+00
   1.0000000E+00   0.0000000E+00   0.0000000E+00   0.0000000E+00   0.0000000E+00   0.0000000E+00   0.0000000E+00
