   0.0000000E+00   2.8490899E+05   2.0004248E+05   4.8495148E+05   0.0000000E+00   0.0000000E+00   0.0000000E+00
   1.4492754E-02   3.7962608E+05   1.6594433E+05   5.4557041E+05   0.0000000E+00   0.0000000E+00   0.0000000E+00
   2.8985507E-02   3.5196869E+05   1.6935415E+05   5.2132284E+05   0.0000000E+00   0.0000000E+00   0.0000000E+00
   4.3478261E-02   3.4199182E+05   1.6973302E+05   5.1172484E+05   0.0000000E+00   0.0000000E+00   0.0000000E+00
   5.7971014E-02   3.5935662E+05   1.7579491E+05   5.3515153E+05   0.0000000E+00   0.0000000E+00   0.0000000E+00
   7.2463768E-02   3.5295375E+05   1.6442886E+05   5.1738261E+05   0.0000000E+00   0.0000000E+00   0.0000000E+00
   8.6956522E-02   3.7078582E+05   1.7465831E+05   5.4544412E+05   0.0000000E+00   0.0000000E+00   0.0000000E+00
   1.0144928E-01   3.7659513E+05   1.8477950E+05   5.6137463E+05   0.0000000E+00   0.0000000E+00   0.0000000E+00
   1.1594203E-01   3.7526909E+05   1.8403530E+05   5.5930439E+05   0.0000000E+00   0.0000000E+00   0.0000000E+00
   1.3043478E-01   3.7019647E+05   1.8404582E+05   5.5424229E+05   0.0000000E+00   0.0000000E+00   0.0000000E+00
   1.4492754E-01   3.7492811E+05   1.9208625E+05   5.6701436E+05   0.0000000E+00   0.0000000E+00   0.0000000E+00
   1.5942029E-01   3.8796118E+05   1.9370505E+05   5.8166623E+05   0.0000000E+00   0.0000000E+00   0.0000000E+00
   1.7391304E-01   3.8947666E+05   1.9776927E+05   5.8711964E+05   0.0000000E+00   0.0000000E+00   0.0000000E+00
   1.8840580E-01   3.9839463E+05   1.9695325E+05   5.9534788E+05   0.0000000E+00   0.0000000E+00   0.0000000E+00
   2.0289855E-01   4.1626806E+05   2.0799872E+05   6.2426678E+05   0.0000000E+00   0.0000000E+00   0.0000000E+00
   2.1739130E-01   4.2493873E+05   2.0979203E+05   6.3468025E+05   0.0000000E+00   0.0000000E+00   0.0000000E+00
   2.3188406E-01   4.2082801E+05   2.1235571E+05   6.3318372E+05   0.0000000E+00   0.0000000E+00   0.0000000E+00
   2.4637681E-01   4.3262307E+05   2.1706927E+05   6.4964777E+05   0.0000000E+00   0.0000000E+00   0.0000000E+00
   2.6086957E-01   4.4357064E+05   2.2100653E+05   6.6457717E+05   0.0000000E+00   0.0000000E+00   0.0000000E+00
   2.7536232E-01   4.4467179E+05   2.2708172E+05   6.7175351E+05   0.0000000E+00   0.0000000E+00   0.0000000E+00
   2.8985507E-01   4.4816336E+05   2.2739678E+05   6.7556014E+05   0.0000000E+00   0.0000000E+00   0.0000000E+00
   3.0434783E-01   4.5402860E+05   2.2079004E+05   6.7471039E+05   0.0000000E+00   0.0000000E+00   0.0000000E+00
   3.1884058E-01   4.5502088E+05   2.2663215E+05   6.8165303E+05   0.0000000E+00   0.0000000E+00   0.0000000E+00
   3.3333333E-01   4.6182404E+05   2.3022017E+05   6.9201126E+05   0.0000000E+00   0.0000000E+00   0.0000000E+00
   3.4782609E-01   4.5069547E+05   2.2514251E+05   6.7580641E+05   0.0000000E+00   0.0000000E+00   0.0000000E+00
   3.6231884E-01   4.4736774E+05   2.2601770E+05   6.7335513E+05   0.0000000E+00   0.0000000E+00   0.0000000E+00
   3.7681159E-01   4.4677321E+05   2.2201685E+05   6.6867348E+05   0.0000000E+00   0.0000000E+00   0.0000000E+00
   3.9130435E-01   4.3878567E+05   2.2434619E+05   6.6313186E+05   0.0000000E+00   0.0000000E+00   0.0000000E+00
   4.0579710E-01   4.3515735E+05   2.1554902E+05   6.5062519E+05   0.0000000E+00   0.0000000E+00   0.0000000E+00
   4.2028986E-01   4.2780768E+05   2.1801913E+05   6.4574843E+05   0.0000000E+00   0.0000000E+00   0.0000000E+00
   4.3478261E-01   4.2210985E+05   2.1001935E+05   6.3212920E+05   0.0000000E+00   0.0000000E+00   0.0000000E+00
   4.4927536E-01   4.1653519E+05   2.0561552E+05   6.2210182E+05   0.0000000E+00   0.0000000E+00   0.0000000E+00
   4.6376812E-01   4.0186091E+05   2.0574919E+05   6.0758642E+05   0.0000000E+00   0.0000000E+00   0.0000000E+00
   4.7826087E-01   3.8979812E+05   1.9372801E+05   5.8345725E+05   0.0000000E+00   0.0000000E+00   0.0000000E+00
   4.9275362E-01   3.7463393E+05   1.8901073E+05   5.6360009E+05   0.0000000E+00   0.0000000E+00   0.0000000E+00
   5.0724638E-01   3.6380021E+05   1.7992999E+05   5.4370855E+05   0.0000000E+00   0.0000000E+00   0.0000000E+00
   5.2173913E-01   3.4988491E+05   1.7796288E+05   5.2778465E+05   0.0000000E+00   0.0000000E+00   0.0000000E+00
   5.3623188E-01   3.3455099E+05   1.6975350E+05   5.0418161E+05   0.0000000E+00   0.0000000E+00   0.0000000E+00
   5.5072464E-01   3.2482975E+05   1.6099910E+05   4.8578898E+05   0.0000000E+00   0.0000000E+00   0.0000000E+00
   5.6521739E-01   3.0954515E+05   1.5389826E+05   4.6340456E+05   0.0000000E+00   0.0000000E+00   0.0000000E+00
   5.7971014E-01   2.9191806E+05   1.4630001E+05   4.3818018E+05   0.0000000E+00   0.0000000E+00   0.0000000E+00
   5.9420290E-01   2.8056587E+05   1.4470923E+05   4.2525661E+05   0.0000000E+00   0.0000000E+00   0.0000000E+00
   6.0869565E-01   2.6850941E+05   1.3507558E+05   4.0354891E+05   0.0000000E+00   0.0000000E+00   0.0000000E+00
   6.2318841E-01   2.5720755E+05   1.2992541E+05   3.8708009E+05   0.0000000E+00   0.0000000E+00   0.0000000E+00
   6.3768116E-01   2.4114970E+05   1.2068679E+05   3.6181927E+05   0.0000000E+00   0.0000000E+00   0.0000000E+00
   6.5217391E-01   2.2811242E+05   1.1665777E+05   3.4473651E+05   0.0000000E+00   0.0000000E+00   0.0000000E+00
   6.6666667E-01   2.1397825E+05   1.0641259E+05   3.2037436E+05   0.0000000E+00   0.0000000E+00   0.0000000E+00
   6.8115942E-01   2.0150959E+05   1.0005349E+05   3.0156308E+05   0.0000000E+00   0.0000000E+00   0.0000000E+00
   6.9565217E-01   1.8813970E+05   9.3312115E+04   2.8142025E+05   2.1278391E-05   0.0000000E+00   1.4225381E-05
   7.1014493E-01   1.7491346E+05   8.8052095E+04   2.6293463E+05   0.0000000E+00   0.0000000E+00   0.0000000E+00
   7.2463768E-01   1.6418638E+05   8.5108984E+04   2.4926506E+05   0.0000000E+00   0.0000000E+00   0.0000000E+00
   7.3913043E-01   1.5579661E+05   7.7081136E+04   2.3286288E+05   0.0000000E+00   0.0000000E+00   0.0000000E+00
   7.5362319E-01   1.4373682E+05   7.0862952E+04   2.1458520E+05   0.0000000E+00   0.0000000E+00   0.0000000E+00
   7.6811594E-01   1.3380486E+05   6.8425052E+04   2.0222991E+05   0.0000000E+00   0.0000000E+00   0.0000000E+00
   7.8260870E-01   1.2680864E+05   6.1755540E+04   1.8855014E+05   0.0000000E+00   0.0000000E+00   0.0000000E+00
   7.9710145E-01   1.1604393E+05   5.8786590E+04   1.7483052E+05   0.0000000E+00   0.0000000E+00   0.0000000E+00
   8.1159420E-01   1.0627257E+05   5.3636932E+04   1.5990950E+05   0.0000000E+00   0.0000000E+00   0.0000000E+00
   8.2608696E-01   9.7774619E+04   4.6979674E+04   1.4475429E+05   0.0000000E+00   0.0000000E+00   0.0000000E+00
   8.4057971E-01   8.8433097E+04   4.5777747E+04   1.3421084E+05   0.0000000E+00   0.0000000E+00   0.0000000E+00
   8.5507246E-01   8.0641163E+04   4.0275631E+04   1.2091679E+05   0.0000000E+00   0.0000000E+00   0.0000000E+00
   8.6956522E-01   7.2982672E+04   3.6914405E+04   1.0989708E+05   0.0000000E+00   0.0000000E+00   0.0000000E+00
   8.8405797E-01   6.6469656E+04   3.2682053E+04   9.9151708E+04   0.0000000E+00   0.0000000E+00   0.0000000E+00
   8.9855072E-01   5.6720257E+04   2.8732886E+04   8.5453143E+04   0.0000000E+00   0.0000000E+00   0.0000000E+00
   9.1304348E-01   4.8759754E+04   2.5173697E+04   7.3933451E+04   0.0000000E+00   0.0000000E+00   0.0000000E+00
   9.2753623E-01   4.2504292E+04   2.1228467E+04   6.3732759E+04   0.0000000E+00   0.0000000E+00   0.0000000E+00
   9.4202899E-01   3.5776829E+04   1.7416286E+04   5.3193115E+04   0.0000000E+00   0.0000000E+00   0.0000000E+00
   9.5652174E-01   2.7404810E+04   1.4408478E+04   4.1813288E+04   0.0000000E+00   0.0000000E+00   0.0000000E+00
   9.7101449E-01   1.8242228E+04   9.9749814E+03   2.8217209E+04   0.0000000E+00   0.0000000E+00   0.0000000E+00
   9.8550725E-01   6.1621822E+03   3.0643763E+03   9.2265584E+03   0.0000000E+00   0.0000000E+00   0.0000000E+00
   1.0000000E+00   0.0000000E+00   0.0000000E+00   0.0000000E+00   0.0000000E+00   0.0000000E+00   0.0000000E+00
