   0.0000000E+00   2.9097089E+05   1.8185680E+05   4.7282769E+05   0.0000000E+00   0.0000000E+00   0.0000000E+00
   1.4492754E-02   3.3719282E+05   1.9398059E+05   5.3117342E+05   0.0000000E+00   0.0000000E+00   0.0000000E+00
   2.8985507E-02   3.4249698E+05   1.6518660E+05   5.0768358E+05   0.0000000E+00   0.0000000E+00   0.0000000E+00
   4.3478261E-02   3.4426503E+05   1.7832070E+05   5.2258573E+05   0.0000000E+00   0.0000000E+00   0.0000000E+00
   5.7971014E-02   3.4552793E+05   1.8488775E+05   5.3041568E+05   0.0000000E+00   0.0000000E+00   0.0000000E+00
   7.2463768E-02   3.5931874E+05   1.7427944E+05   5.3359817E+05   0.0000000E+00   0.0000000E+00   0.0000000E+00
   8.6956522E-02   3.5436819E+05   1.8387744E+05   5.3824562E+05   0.0000000E+00   0.0000000E+00   0.0000000E+00
   1.0144928E-01   3.5711047E+05   1.7839287E+05   5.3550334E+05   0.0000000E+00   0.0000000E+00   0.0000000E+00
   1.1594203E-01   3.6674456E+05   1.8223567E+05   5.4898023E+05   0.0000000E+00   0.0000000E+00   0.0000000E+00
   1.3043478E-01   3.7171194E+05   1.8530872E+05   5.5702066E+05   0.0000000E+00   0.0000000E+00   0.0000000E+00
   1.4492754E-01   3.8288435E+05   1.9170738E+05   5.7459173E+05   0.0000000E+00   0.0000000E+00   0.0000000E+00
   1.5942029E-01   3.8072824E+05   1.9301620E+05   5.7367555E+05   0.0000000E+00   0.0000000E+00   0.0000000E+00
   1.7391304E-01   3.8720345E+05   1.9221254E+05   5.7935284E+05   0.0000000E+00   0.0000000E+00   0.0000000E+00
   1.8840580E-01   4.0165873E+05   2.0499692E+05   6.0653907E+05   0.0000000E+00   0.0000000E+00   0.0000000E+00
   2.0289855E-01   4.1843302E+05   2.0296518E+05   6.2134408E+05   0.0000000E+00   0.0000000E+00   0.0000000E+00
   2.1739130E-01   4.1625002E+05   2.0681160E+05   6.2301110E+05   0.0000000E+00   0.0000000E+00   0.0000000E+00
   2.3188406E-01   4.2693726E+05   2.1813345E+05   6.4497599E+05   0.0000000E+00   0.0000000E+00   0.0000000E+00
   2.4637681E-01   4.3605518E+05   2.1622239E+05   6.5227757E+05   0.0000000E+00   0.0000000E+00   0.0000000E+00
   2.6086957E-01   4.3014186E+05   2.1885961E+05   6.4895937E+05   0.0000000E+00   0.0000000E+00   0.0000000E+00
   2.7536232E-01   4.4371465E+05   2.2233590E+05   6.6593090E+05   0.0000000E+00   0.0000000E+00   0.0000000E+00
   2.8985507E-01   4.5683945E+05   2.2334289E+05   6.8006867E+05   0.0000000E+00   0.0000000E+00   0.0000000E+00
   3.0434783E-01   4.4941002E+05   2.2403748E+05   6.7341142E+05   0.0000000E+00   0.0000000E+00   0.0000000E+00
   3.1884058E-01   4.4926897E+05   2.2928423E+05   6.7855320E+05   0.0000000E+00   0.0000000E+00   0.0000000E+00
   3.3333333E-01   4.5256647E+05   2.2656327E+05   6.7906385E+05   0.0000000E+00   0.0000000E+00   0.0000000E+00
   3.4782609E-01   4.4722251E+05   2.2766830E+05   6.7489081E+05   0.0000000E+00   0.0000000E+00   0.0000000E+00
   3.6231884E-01   4.4315472E+05   2.2732101E+05   6.7038480E+05   0.0000000E+00   0.0000000E+00   0.0000000E+00
   3.7681159E-01   4.4744351E+05   2.2525180E+05   6.7260788E+05   0.0000000E+00   0.0000000E+00   0.0000000E+00
   3.9130435E-01   4.4549304E+05   2.2165201E+05   6.6711699E+05   0.0000000E+00   0.0000000E+00   0.0000000E+00
   4.0579710E-01   4.4254529E+05   2.1411474E+05   6.5663296E+05   0.0000000E+00   0.0000000E+00   0.0000000E+00
   4.2028986E-01   4.2448932E+05   2.1564141E+05   6.3994782E+05   0.0000000E+00   0.0000000E+00   0.0000000E+00
   4.3478261E-01   4.2185727E+05   2.1183792E+05   6.3369519E+05   0.0000000E+00   0.0000000E+00   0.0000000E+00
   4.4927536E-01   4.1360201E+05   2.0845092E+05   6.2202849E+05   0.0000000E+00   0.0000000E+00   0.0000000E+00
   4.6376812E-01   4.0103214E+05   2.0075286E+05   6.0176132E+05   0.0000000E+00   0.0000000E+00   0.0000000E+00
   4.7826087E-01   3.8208298E+05   1.9143184E+05   5.7346890E+05   0.0000000E+00   0.0000000E+00   0.0000000E+00
   4.9275362E-01   3.7679571E+05   1.8961246E+05   5.6636360E+05   0.0000000E+00   0.0000000E+00   0.0000000E+00
   5.0724638E-01   3.6726415E+05   1.8542899E+05   5.5269314E+05   0.0000000E+00   0.0000000E+00   0.0000000E+00
   5.2173913E-01   3.5571528E+05   1.7699466E+05   5.3268889E+05   0.0000000E+00   0.0000000E+00   0.0000000E+00
   5.3623188E-01   3.4192356E+05   1.7296876E+05   5.1489232E+05   0.0000000E+00   0.0000000E+00   0.0000000E+00
   5.5072464E-01   3.2688362E+05   1.6219553E+05   4.8901933E+05   0.0000000E+00   0.0000000E+00   0.0000000E+00
   5.6521739E-01   3.1034174E+05   1.5665720E+05   4.6697952E+05   0.0000000E+00   0.0000000E+00   0.0000000E+00
   5.7971014E-01   2.9758214E+05   1.4974771E+05   4.4725408E+05   0.0000000E+00   0.0000000E+00   0.0000000E+00
   5.9420290E-01   2.8429911E+05   1.4450593E+05   4.2880504E+05   0.0000000E+00   0.0000000E+00   0.0000000E+00
   6.0869565E-01   2.6859961E+05   1.3271217E+05   4.0129374E+05   0.0000000E+00   0.0000000E+00   0.0000000E+00
   6.2318841E-01   2.5683749E+05   1.2742312E+05   3.8424299E+05   0.0000000E+00   0.0000000E+00   0.0000000E+00
   6.3768116E-01   2.3779155E+05   1.1918854E+05   3.5698008E+05   0.0000000E+00   0.0000000E+00   0.0000000E+00
   6.5217391E-01   2.2693372E+05   1.1574849E+05   3.4261485E+05   0.0000000E+00   0.0000000E+00   0.0000000E+00
   6.6666667E-01   2.1799755E+05   1.0423821E+05   3.2221929E+05   0.0000000E+00   0.0000000E+00   0.0000000E+00
   6.8115942E-01   2.0015534E+05   9.8602501E+04   2.9872560E+05   0.0000000E+00   0.0000000E+00   0.0000000E+00
   6.9565217E-01   1.8635587E+05   9.6785075E+04   2.8314094E+05   0.0000000E+00   0.0000000E+00   0.0000000E+00
   7.1014493E-01   1.7664543E+05   8.9845921E+04   2.6647589E+05   0.0000000E+00   0.0000000E+00   0.0000000E+00
   7.2463768E-01   1.6500474E+05   8.1517312E+04   2.4650690E+05   0.0000000E+00   0.0000000E+00   0.0000000E+00
   7.3913043E-01   1.5278052E+05   7.7734869E+04   2.3048567E+05   0.0000000E+00   0.0000000E+00   0.0000000E+00
   7.5362319E-01   1.4134704E+05   7.0950383E+04   2.1228285E+05   0.0000000E+00   0.0000000E+00   0.0000000E+00
   7.6811594E-01   1.3407650E+05   6.7567237E+04   2.0164374E+05   0.0000000E+00   0.0000000E+00   0.0000000E+00
   7.8260870E-01   1.2438107E+05   6.2976338E+04   1.8735741E+05   0.0000000E+00   0.0000000E+00   0.0000000E+00
   7.9710145E-01   1.1433558E+05   5.8414610E+04   1.7272263E+05   0.0000000E+00   0.0000000E+00   0.0000000E+00
   8.1159420E-01   1.0390464E+05   5.4408200E+04   1.5831284E+05   0.0000000E+00   0.0000000E+00   0.0000000E+00
   8.2608696E-01   9.8266484E+04   4.8455267E+04   1.4672175E+05   0.0000000E+00   0.0000000E+00   0.0000000E+00
   8.4057971E-01   8.7596974E+04   4.2694543E+04   1.3027845E+05   0.0000000E+00   0.0000000E+00   0.0000000E+00
   8.5507246E-01   8.0153130E+04   4.0147201E+04   1.2030033E+05   0.0000000E+00   0.0000000E+00   0.0000000E+00
   8.6956522E-01   7.4308711E+04   3.7747916E+04   1.1205663E+05   0.0000000E+00   0.0000000E+00   0.0000000E+00
   8.8405797E-01   6.5736763E+04   3.3477055E+04   9.9213818E+04   0.0000000E+00   0.0000000E+00   0.0000000E+00
   8.9855072E-01   5.8357946E+04   2.9331743E+04   8.7677467E+04   0.0000000E+00   0.0000000E+00   0.0000000E+00
   9.1304348E-01   5.1189323E+04   2.4620428E+04   7.5809751E+04   0.0000000E+00   0.0000000E+00   0.0000000E+00
   9.2753623E-01   4.2977878E+04   2.1275825E+04   6.4253703E+04   0.0000000E+00   0.0000000E+00   0.0000000E+00
   9.4202899E-01   3.4785943E+04   1.8442145E+04   5.3228088E+04   0.0000000E+00   0.0000000E+00   0.0000000E+00
   9.5652174E-01   2.8541415E+04   1.4419959E+04   4.2961374E+04   0.0000000E+00   0.0000000E+00   0.0000000E+00
   9.7101449E-01   1.9904725E+04   1.0325576E+04   3.0230301E+04   0.0000000E+00   0.0000000E+00   0.0000000E+00
   9.8550725E-01   5.9393184E+03   3.0978059E+03   9.0371243E+03   0.0000000E+00   0.0000000E+00   0.0000000E+00
   1.0000000E+00   0.0000000E+00   0.0000000E+00   0.0000000E+00   0.0000000E+00   0.0000000E+00   0.0000000E+00
