   0.0000000E+00   2.7278521E+05   1.6367112E+05   4.3645633E+05   0.0000000E+00   0.0000000E+00   0.0000000E+00
   1.4492754E-02   3.5158982E+05   1.7655265E+05   5.2814247E+05   0.0000000E+00   0.0000000E+00   0.0000000E+00
   2.8985507E-02   3.5992492E+05   1.8223567E+05   5.4216060E+05   0.0000000E+00   0.0000000E+00   0.0000000E+00
   4.3478261E-02   3.4679082E+05   1.8034133E+05   5.2713215E+05   0.0000000E+00   0.0000000E+00   0.0000000E+00
   5.7971014E-02   3.5803058E+05   1.8848700E+05   5.4651758E+05   0.0000000E+00   0.0000000E+00   0.0000000E+00
   7.2463768E-02   3.5871255E+05   1.7609801E+05   5.3481055E+05   0.0000000E+00   0.0000000E+00   0.0000000E+00
   8.6956522E-02   3.5626253E+05   1.7491088E+05   5.3117342E+05   0.0000000E+00   0.0000000E+00   0.0000000E+00
   1.0144928E-01   3.6750229E+05   1.7720214E+05   5.4470443E+05   0.0000000E+00   0.0000000E+00   0.0000000E+00
   1.1594203E-01   3.6267172E+05   1.8574020E+05   5.4841193E+05   0.0000000E+00   0.0000000E+00   0.0000000E+00
   1.3043478E-01   3.7289064E+05   1.8783450E+05   5.6072515E+05   0.0000000E+00   0.0000000E+00   0.0000000E+00
   1.4492754E-01   3.8636994E+05   1.8875221E+05   5.7512214E+05   0.0000000E+00   0.0000000E+00   0.0000000E+00
   1.5942029E-01   3.8238148E+05   1.9329174E+05   5.7567322E+05   0.0000000E+00   0.0000000E+00   0.0000000E+00
   1.7391304E-01   3.9219188E+05   1.9480147E+05   5.8693021E+05   0.0000000E+00   0.0000000E+00   0.0000000E+00
   1.8840580E-01   4.0031812E+05   2.0243227E+05   6.0269210E+05   0.0000000E+00   0.0000000E+00   0.0000000E+00
   2.0289855E-01   4.1031441E+05   2.0707861E+05   6.1733890E+05   0.0000000E+00   0.0000000E+00   0.0000000E+00
   2.1739130E-01   4.2013973E+05   2.0857965E+05   6.2871938E+05   0.0000000E+00   0.0000000E+00   0.0000000E+00
   2.3188406E-01   4.1699197E+05   2.1429741E+05   6.3124202E+05   0.0000000E+00   0.0000000E+00   0.0000000E+00
   2.4637681E-01   4.3240021E+05   2.1733671E+05   6.4964777E+05   0.0000000E+00   0.0000000E+00   0.0000000E+00
   2.6086957E-01   4.4205516E+05   2.2016460E+05   6.6221977E+05   0.0000000E+00   0.0000000E+00   0.0000000E+00
   2.7536232E-01   4.4207953E+05   2.1998292E+05   6.6206246E+05   0.0000000E+00   0.0000000E+00   0.0000000E+00
   2.8985507E-01   4.4820125E+05   2.1803873E+05   6.6616421E+05   0.0000000E+00   0.0000000E+00   0.0000000E+00
   3.0434783E-01   4.4901311E+05   2.3020762E+05   6.7896815E+05   0.0000000E+00   0.0000000E+00   0.0000000E+00
   3.1884058E-01   4.4678910E+05   2.2260237E+05   6.6935703E+05   0.0000000E+00   0.0000000E+00   0.0000000E+00
   3.3333333E-01   4.5510324E+05   2.2491601E+05   6.7995337E+05   0.0000000E+00   0.0000000E+00   0.0000000E+00
   3.4782609E-01   4.5416843E+05   2.2760516E+05   6.8167886E+05   0.0000000E+00   0.0000000E+00   0.0000000E+00
   3.6231884E-01   4.5164137E+05   2.3095814E+05   6.8253890E+05   0.0000000E+00   0.0000000E+00   0.0000000E+00
   3.7681159E-01   4.4962929E+05   2.2399862E+05   6.7356962E+05   0.0000000E+00   0.0000000E+00   0.0000000E+00
   3.9130435E-01   4.4277080E+05   2.1982783E+05   6.6248638E+05   0.0000000E+00   0.0000000E+00   0.0000000E+00
   4.0579710E-01   4.3699757E+05   2.2282871E+05   6.5974509E+05   0.0000000E+00   0.0000000E+00   0.0000000E+00
   4.2028986E-01   4.2313062E+05   2.1543238E+05   6.3851074E+05   0.0000000E+00   0.0000000E+00   0.0000000E+00
   4.3478261E-01   4.2142789E+05   2.0711469E+05   6.2846681E+05   0.0000000E+00   0.0000000E+00   0.0000000E+00
   4.4927536E-01   4.1391977E+05   2.0742431E+05   6.2129519E+05   0.0000000E+00   0.0000000E+00   0.0000000E+00
   4.6376812E-01   4.0474979E+05   1.9914267E+05   6.0382142E+05   0.0000000E+00   0.0000000E+00   0.0000000E+00
   4.7826087E-01   3.9315053E+05   1.9889440E+05   5.9190716E+05   0.0000000E+00   0.0000000E+00   0.0000000E+00
   4.9275362E-01   3.7938093E+05   1.8615807E+05   5.6547214E+05   0.0000000E+00   0.0000000E+00   0.0000000E+00
   5.0724638E-01   3.6709095E+05   1.8168361E+05   5.4866631E+05   0.0000000E+00   0.0000000E+00   0.0000000E+00
   5.2173913E-01   3.5449448E+05   1.7411105E+05   5.2860553E+05   0.0000000E+00   0.0000000E+00   0.0000000E+00
   5.3623188E-01   3.3772529E+05   1.6866809E+05   5.0633194E+05   0.0000000E+00   0.0000000E+00   0.0000000E+00
   5.5072464E-01   3.2275595E+05   1.6341190E+05   4.8602826E+05   0.0000000E+00   0.0000000E+00   0.0000000E+00
   5.6521739E-01   3.1071090E+05   1.5547202E+05   4.6616349E+05   0.0000000E+00   0.0000000E+00   0.0000000E+00
   5.7971014E-01   2.9945754E+05   1.4969088E+05   4.4912948E+05   0.0000000E+00   0.0000000E+00   0.0000000E+00
   5.9420290E-01   2.8319022E+05   1.4016281E+05   4.2335303E+05   0.0000000E+00   0.0000000E+00   0.0000000E+00
   6.0869565E-01   2.6874394E+05   1.3384877E+05   4.0257468E+05   0.0000000E+00   0.0000000E+00   0.0000000E+00
   6.2318841E-01   2.5424709E+05   1.2717641E+05   3.8137064E+05   0.0000000E+00   0.0000000E+00   0.0000000E+00
   6.3768116E-01   2.3854929E+05   1.2132398E+05   3.5987326E+05   0.0000000E+00   0.0000000E+00   0.0000000E+00
   6.5217391E-01   2.2585605E+05   1.1394676E+05   3.3978597E+05   0.0000000E+00   0.0000000E+00   0.0000000E+00
   6.6666667E-01   2.1475246E+05   1.0601725E+05   3.2073676E+05   0.0000000E+00   0.0000000E+00   0.0000000E+00
   6.8115942E-01   2.0083247E+05   1.0024695E+05   3.0107942E+05   0.0000000E+00   0.0000000E+00   0.0000000E+00
   6.9565217E-01   1.9136009E+05   9.4669727E+04   2.8604560E+05   0.0000000E+00   0.0000000E+00   0.0000000E+00
   7.1014493E-01   1.7512996E+05   8.9026328E+04   2.6415629E+05   0.0000000E+00   0.0000000E+00   0.0000000E+00
   7.2463768E-01   1.6315586E+05   8.3381345E+04   2.4652205E+05   0.0000000E+00   0.0000000E+00   0.0000000E+00
   7.3913043E-01   1.5536574E+05   7.6249111E+04   2.3157027E+05   0.0000000E+00   0.0000000E+00   0.0000000E+00
   7.5362319E-01   1.4617032E+05   7.3034159E+04   2.1920448E+05   0.0000000E+00   0.0000000E+00   0.0000000E+00
   7.6811594E-01   1.3421947E+05   6.6952470E+04   2.0115764E+05   0.0000000E+00   0.0000000E+00   0.0000000E+00
   7.8260870E-01   1.2352511E+05   6.3663914E+04   1.8714693E+05   0.0000000E+00   0.0000000E+00   0.0000000E+00
   7.9710145E-01   1.1626436E+05   5.6609819E+04   1.7287418E+05   0.0000000E+00   0.0000000E+00   0.0000000E+00
   8.1159420E-01   1.0873521E+05   5.3515153E+04   1.6222331E+05   0.0000000E+00   0.0000000E+00   0.0000000E+00
   8.2608696E-01   9.8359539E+04   4.7950109E+04   1.4630965E+05   0.0000000E+00   0.0000000E+00   0.0000000E+00
   8.4057971E-01   8.7309556E+04   4.3922599E+04   1.3123216E+05   0.0000000E+00   0.0000000E+00   0.0000000E+00
   8.5507246E-01   8.0243031E+04   4.0571020E+04   1.2080121E+05   0.0000000E+00   0.0000000E+00   0.0000000E+00
   8.6956522E-01   7.3462572E+04   3.6131411E+04   1.0959398E+05   0.0000000E+00   0.0000000E+00   0.0000000E+00
   8.8405797E-01   6.4792697E+04   3.3886978E+04   9.8667254E+04   0.0000000E+00   0.0000000E+00   0.0000000E+00
   8.9855072E-01   5.7453551E+04   2.9185084E+04   8.6638635E+04   0.0000000E+00   0.0000000E+00   0.0000000E+00
   9.1304348E-01   5.0082787E+04   2.5077476E+04   7.5160263E+04   5.9367455E-05   0.0000000E+00   3.9559303E-05
   9.2753623E-01   4.2030707E+04   2.0115541E+04   6.2146248E+04   0.0000000E+00   0.0000000E+00   0.0000000E+00
   9.4202899E-01   3.4750970E+04   1.8232310E+04   5.2983280E+04   0.0000000E+00   0.0000000E+00   0.0000000E+00
   9.5652174E-01   2.8219951E+04   1.3673703E+04   4.1893654E+04   0.0000000E+00   0.0000000E+00   0.0000000E+00
   9.7101449E-01   1.9271393E+04   9.3642683E+03   2.8635661E+04   0.0000000E+00   0.0000000E+00   0.0000000E+00
   9.8550725E-01   6.6747687E+03   3.6215356E+03   1.0296304E+04   0.0000000E+00   0.0000000E+00   0.0000000E+00
   1.0000000E+00   0.0000000E+00   0.0000000E+00   0.0000000E+00   0.0000000E+00   0.0000000E+00   0.0000000E+00
