   0.0000000E+00   3.2734225E+05   1.2729976E+05   4.5464201E+05   0.0000000E+00   0.0000000E+00   0.0000000E+00
   1.4492754E-02   3.4628566E+05   1.7503717E+05   5.2132284E+05   0.0000000E+00   0.0000000E+00   0.0000000E+00
   2.8985507E-02   3.3529848E+05   1.9928475E+05   5.3458323E+05   0.0000000E+00   0.0000000E+00   0.0000000E+00
   4.3478261E-02   3.5739914E+05   1.7150107E+05   5.2890021E+05   0.0000000E+00   0.0000000E+00   0.0000000E+00
   5.7971014E-02   3.4117094E+05   1.6310282E+05   5.0427376E+05   0.0000000E+00   0.0000000E+00   0.0000000E+00
   7.2463768E-02   3.5371148E+05   1.7094540E+05   5.2465688E+05   0.0000000E+00   0.0000000E+00   0.0000000E+00
   8.6956522E-02   3.3870830E+05   1.7819441E+05   5.1690271E+05   0.0000000E+00   0.0000000E+00   0.0000000E+00
   1.0144928E-01   3.6187339E+05   1.8770220E+05   5.4957559E+05   0.0000000E+00   0.0000000E+00   0.0000000E+00
   1.1594203E-01   3.6674456E+05   1.9142323E+05   5.5816778E+05   0.0000000E+00   0.0000000E+00   0.0000000E+00
   1.3043478E-01   3.7979446E+05   1.8623484E+05   5.6602930E+05   0.0000000E+00   0.0000000E+00   0.0000000E+00
   1.4492754E-01   3.8189929E+05   1.8594858E+05   5.6784787E+05   0.0000000E+00   0.0000000E+00   0.0000000E+00
   1.5942029E-01   3.7721510E+05   1.8853866E+05   5.6575376E+05   0.0000000E+00   0.0000000E+00   0.0000000E+00
   1.7391304E-01   3.9351792E+05   1.9581179E+05   5.8932971E+05   0.0000000E+00   0.0000000E+00   0.0000000E+00
   1.8840580E-01   4.0486454E+05   2.0616267E+05   6.1096892E+05   0.0000000E+00   0.0000000E+00   0.0000000E+00
   2.0289855E-01   4.0614686E+05   2.1130029E+05   6.1739303E+05   0.0000000E+00   0.0000000E+00   0.0000000E+00
   2.1739130E-01   4.2185727E+05   2.0822604E+05   6.3008331E+05   0.0000000E+00   0.0000000E+00   0.0000000E+00
   2.3188406E-01   4.2419047E+05   2.1027193E+05   6.3436768E+05   0.0000000E+00   0.0000000E+00   0.0000000E+00
   2.4637681E-01   4.2041014E+05   2.1573209E+05   6.3609766E+05   0.0000000E+00   0.0000000E+00   0.0000000E+00
   2.6086957E-01   4.3304651E+05   2.1860703E+05   6.5165355E+05   0.0000000E+00   0.0000000E+00   0.0000000E+00
   2.7536232E-01   4.4235870E+05   2.2767993E+05   6.6999875E+05   0.0000000E+00   0.0000000E+00   0.0000000E+00
   2.8985507E-01   4.4907265E+05   2.2330500E+05   6.7233976E+05   0.0000000E+00   0.0000000E+00   0.0000000E+00
   3.0434783E-01   4.4789455E+05   2.2699626E+05   6.7481864E+05   0.0000000E+00   0.0000000E+00   0.0000000E+00
   3.1884058E-01   4.5412537E+05   2.2732101E+05   6.8141193E+05   0.0000000E+00   0.0000000E+00   0.0000000E+00
   3.3333333E-01   4.5098511E+05   2.3022017E+05   6.8120528E+05   0.0000000E+00   0.0000000E+00   0.0000000E+00
   3.4782609E-01   4.5240037E+05   2.2643698E+05   6.7880578E+05   0.0000000E+00   0.0000000E+00   0.0000000E+00
   3.6231884E-01   4.5064116E+05   2.2062261E+05   6.7126377E+05   0.0000000E+00   0.0000000E+00   0.0000000E+00
   3.7681159E-01   4.4884241E+05   2.2484379E+05   6.7362791E+05   0.0000000E+00   0.0000000E+00   0.0000000E+00
   3.9130435E-01   4.4274274E+05   2.2123105E+05   6.6391766E+05   0.0000000E+00   0.0000000E+00   0.0000000E+00
   4.0579710E-01   4.3835067E+05   2.2180035E+05   6.6006984E+05   0.0000000E+00   0.0000000E+00   0.0000000E+00
   4.2028986E-01   4.2511641E+05   2.0960564E+05   6.3453915E+05   0.0000000E+00   0.0000000E+00   0.0000000E+00
   4.3478261E-01   4.1917993E+05   2.1340391E+05   6.3258384E+05   0.0000000E+00   0.0000000E+00   0.0000000E+00
   4.4927536E-01   4.1470195E+05   2.0412449E+05   6.1877755E+05   0.0000000E+00   0.0000000E+00   0.0000000E+00
   4.6376812E-01   4.0115054E+05   2.0177107E+05   6.0287425E+05   0.0000000E+00   0.0000000E+00   0.0000000E+00
   4.7826087E-01   3.9370161E+05   1.9586345E+05   5.8951914E+05   0.0000000E+00   0.0000000E+00   0.0000000E+00
   4.9275362E-01   3.7481222E+05   1.8967932E+05   5.6444697E+05   0.0000000E+00   0.0000000E+00   0.0000000E+00
   5.0724638E-01   3.6473114E+05   1.8099082E+05   5.4570031E+05   0.0000000E+00   0.0000000E+00   0.0000000E+00
   5.2173913E-01   3.5403142E+05   1.7533185E+05   5.2927907E+05   0.0000000E+00   0.0000000E+00   0.0000000E+00
   5.3623188E-01   3.4251746E+05   1.7372649E+05   5.1620300E+05   0.0000000E+00   0.0000000E+00   0.0000000E+00
   5.5072464E-01   3.2953570E+05   1.6127827E+05   4.9071426E+05   0.0000000E+00   0.0000000E+00   0.0000000E+00
   5.6521739E-01   3.1047775E+05   1.5737608E+05   4.6777611E+05   0.0000000E+00   0.0000000E+00   0.0000000E+00
   5.7971014E-01   2.9457014E+05   1.4984243E+05   4.4437468E+05   0.0000000E+00   0.0000000E+00   0.0000000E+00
   5.9420290E-01   2.8411429E+05   1.4049547E+05   4.2455432E+05   0.0000000E+00   0.0000000E+00   0.0000000E+00
   6.0869565E-01   2.6993467E+05   1.3422764E+05   4.0416231E+05   0.0000000E+00   0.0000000E+00   0.0000000E+00
   6.2318841E-01   2.5438806E+05   1.2758171E+05   3.8196978E+05   0.0000000E+00   0.0000000E+00   0.0000000E+00
   6.3768116E-01   2.4170078E+05   1.2046291E+05   3.6214647E+05   0.0000000E+00   0.0000000E+00   0.0000000E+00
   6.5217391E-01   2.2464367E+05   1.1403095E+05   3.3867462E+05   0.0000000E+00   0.0000000E+00   0.0000000E+00
   6.6666667E-01   2.1356644E+05   1.0641259E+05   3.1997902E+05   0.0000000E+00   0.0000000E+00   0.0000000E+00
   6.8115942E-01   2.0055839E+05   1.0111754E+05   3.0165981E+05   0.0000000E+00   0.0000000E+00   0.0000000E+00
   6.9565217E-01   1.9003405E+05   9.5727401E+04   2.8574566E+05   0.0000000E+00   0.0000000E+00   0.0000000E+00
   7.1014493E-01   1.7602687E+05   8.8778904E+04   2.6480578E+05   0.0000000E+00   0.0000000E+00   0.0000000E+00
   7.2463768E-01   1.6591402E+05   8.2866084E+04   2.4876495E+05   0.0000000E+00   0.0000000E+00   0.0000000E+00
   7.3913043E-01   1.5642062E+05   7.7274284E+04   2.3368005E+05   0.0000000E+00   0.0000000E+00   0.0000000E+00
   7.5362319E-01   1.4625775E+05   7.1882982E+04   2.1814073E+05   0.0000000E+00   0.0000000E+00   0.0000000E+00
   7.6811594E-01   1.3496291E+05   6.8253489E+04   2.0318781E+05   0.0000000E+00   0.0000000E+00   0.0000000E+00
   7.8260870E-01   1.2623332E+05   6.2008119E+04   1.8822741E+05   0.0000000E+00   0.0000000E+00   0.0000000E+00
   7.9710145E-01   1.1357784E+05   5.7670650E+04   1.7124849E+05   0.0000000E+00   0.0000000E+00   0.0000000E+00
   8.1159420E-01   1.0658378E+05   5.2446203E+04   1.5902999E+05   0.0000000E+00   0.0000000E+00   0.0000000E+00
   8.2608696E-01   9.7402398E+04   4.7883641E+04   1.4527275E+05   0.0000000E+00   0.0000000E+00   0.0000000E+00
   8.4057971E-01   9.1477108E+04   4.3491473E+04   1.3495552E+05   0.0000000E+00   0.0000000E+00   0.0000000E+00
   8.5507246E-01   8.0461361E+04   3.9980242E+04   1.2042876E+05   0.0000000E+00   0.0000000E+00   0.0000000E+00
   8.6956522E-01   7.3146848E+04   3.5866203E+04   1.0900042E+05   0.0000000E+00   0.0000000E+00   0.0000000E+00
   8.8405797E-01   6.3252380E+04   3.2321817E+04   9.5561776E+04   0.0000000E+00   0.0000000E+00   0.0000000E+00
   8.9855072E-01   5.7196898E+04   2.8940653E+04   8.6137551E+04   0.0000000E+00   0.0000000E+00   0.0000000E+00
   9.1304348E-01   4.8771782E+04   2.5606689E+04   7.4378471E+04   0.0000000E+00   0.0000000E+00   0.0000000E+00
   9.2753623E-01   4.2658207E+04   2.1098231E+04   6.3756438E+04   0.0000000E+00   0.0000000E+00   0.0000000E+00
   9.4202899E-01   3.6732743E+04   1.7124849E+04   5.3857592E+04   0.0000000E+00   0.0000000E+00   0.0000000E+00
   9.5652174E-01   2.8908803E+04   1.4431440E+04   4.3340242E+04   0.0000000E+00   0.0000000E+00   0.0000000E+00
   9.7101449E-01   1.9146988E+04   9.4886728E+03   2.8635661E+04   0.0000000E+00   0.0000000E+00   0.0000000E+00
   9.8550725E-01   6.3293299E+03   3.1535218E+03   9.4828517E+03   0.0000000E+00   0.0000000E+00   0.0000000E+00
   1.0000000E+00   0.0000000E+00   0.0000000E+00   0.0000000E+00   0.0000000E+00   0.0000000E+00   0.0000000E+00
