   0.0000000E+00   4.4858012E+05   1.8791870E+05   6.3649881E+05   0.0000000E+00   0.0000000E+00   0.0000000E+00
   1.4492754E-02   3.5083208E+05   1.6064018E+05   5.1147226E+05   0.0000000E+00   0.0000000E+00   0.0000000E+00
   2.8985507E-02   3.3870830E+05   1.6404999E+05   5.0275829E+05   0.0000000E+00   0.0000000E+00   0.0000000E+00
   4.3478261E-02   3.7583740E+05   1.7023818E+05   5.4607557E+05   0.0000000E+00   0.0000000E+00   0.0000000E+00
   5.7971014E-02   3.4723284E+05   1.6708094E+05   5.1431377E+05   0.0000000E+00   0.0000000E+00   0.0000000E+00
   7.2463768E-02   3.7113943E+05   1.6912683E+05   5.4026626E+05   0.0000000E+00   0.0000000E+00   0.0000000E+00
   8.6956522E-02   3.6661827E+05   1.8766612E+05   5.5428438E+05   0.0000000E+00   0.0000000E+00   0.0000000E+00
   1.0144928E-01   3.6349711E+05   1.8542899E+05   5.4892610E+05   0.0000000E+00   0.0000000E+00   0.0000000E+00
   1.1594203E-01   3.6873361E+05   1.8251982E+05   5.5125344E+05   0.0000000E+00   0.0000000E+00   0.0000000E+00
   1.3043478E-01   3.7381676E+05   1.8598226E+05   5.5979902E+05   0.0000000E+00   0.0000000E+00   0.0000000E+00
   1.4492754E-01   3.8106578E+05   1.9072232E+05   5.7178810E+05   0.0000000E+00   0.0000000E+00   0.0000000E+00
   1.5942029E-01   3.8589463E+05   1.9398059E+05   5.7987522E+05   0.0000000E+00   0.0000000E+00   0.0000000E+00
   1.7391304E-01   3.8922408E+05   1.9391745E+05   5.8314152E+05   0.0000000E+00   0.0000000E+00   0.0000000E+00
   1.8840580E-01   3.9926895E+05   2.0097508E+05   6.0018574E+05   0.0000000E+00   0.0000000E+00   0.0000000E+00
   2.0289855E-01   4.1015204E+05   2.1092142E+05   6.2107346E+05   0.0000000E+00   0.0000000E+00   0.0000000E+00
   2.1739130E-01   4.1751291E+05   2.1009512E+05   6.2755752E+05   0.0000000E+00   0.0000000E+00   0.0000000E+00
   2.3188406E-01   4.2717406E+05   2.1353967E+05   6.4061901E+05   0.0000000E+00   0.0000000E+00   0.0000000E+00
   2.4637681E-01   4.3400483E+05   2.1996650E+05   6.5392676E+05   0.0000000E+00   0.0000000E+00   0.0000000E+00
   2.6086957E-01   4.3346748E+05   2.1654431E+05   6.4996969E+05   0.0000000E+00   0.0000000E+00   0.0000000E+00
   2.7536232E-01   4.4247834E+05   2.2046149E+05   6.6286008E+05   0.0000000E+00   1.5794841E-08   5.2532269E-09
   2.8985507E-01   4.4543551E+05   2.2906380E+05   6.7449931E+05   0.0000000E+00   0.0000000E+00   0.0000000E+00
   3.0434783E-01   4.4637907E+05   2.2356840E+05   6.6980315E+05   0.0000000E+00   0.0000000E+00   0.0000000E+00
   3.1884058E-01   4.5288544E+05   2.2794097E+05   6.8082641E+05   0.0000000E+00   0.0000000E+00   0.0000000E+00
   3.3333333E-01   4.5339010E+05   2.3331701E+05   6.8670711E+05   0.0000000E+00   0.0000000E+00   0.0000000E+00
   3.4782609E-01   4.5366327E+05   2.2978365E+05   6.8338377E+05   0.0000000E+00   0.0000000E+00   0.0000000E+00
   3.6231884E-01   4.5176261E+05   2.2613894E+05   6.7781062E+05   0.0000000E+00   0.0000000E+00   0.0000000E+00
   3.7681159E-01   4.4385883E+05   2.2580553E+05   6.6963522E+05   0.0000000E+00   0.0000000E+00   0.0000000E+00
   3.9130435E-01   4.3985211E+05   2.2134330E+05   6.6111122E+05   0.0000000E+00   0.0000000E+00   0.0000000E+00
   4.0579710E-01   4.2917665E+05   2.2163798E+05   6.5078756E+05   0.0000000E+00   0.0000000E+00   0.0000000E+00
   4.2028986E-01   4.2992412E+05   2.1357723E+05   6.4337070E+05   0.0000000E+00   0.0000000E+00   0.0000000E+00
   4.3478261E-01   4.2036705E+05   2.0880697E+05   6.2914877E+05   0.0000000E+00   0.0000000E+00   0.0000000E+00
   4.4927536E-01   4.1120659E+05   2.0339119E+05   6.1450001E+05   0.0000000E+00   0.0000000E+00   0.0000000E+00
   4.6376812E-01   3.9684091E+05   2.0091862E+05   5.9768849E+05   0.0000000E+00   0.0000000E+00   0.0000000E+00
   4.7826087E-01   3.9232391E+05   1.9480721E+05   5.8710816E+05   0.0000000E+00   0.0000000E+00   0.0000000E+00
   4.9275362E-01   3.7503509E+05   1.8834214E+05   5.6331037E+05   0.0000000E+00   0.0000000E+00   0.0000000E+00
   5.0724638E-01   3.6542393E+05   1.8910943E+05   5.5446841E+05   0.0000000E+00   0.0000000E+00   0.0000000E+00
   5.2173913E-01   3.4895879E+05   1.7842594E+05   5.2736368E+05   0.0000000E+00   0.0000000E+00   0.0000000E+00
   5.3623188E-01   3.4493403E+05   1.7006069E+05   5.1485136E+05   0.0000000E+00   0.0000000E+00   0.0000000E+00
   5.5072464E-01   3.2283571E+05   1.6361130E+05   4.8634731E+05   0.0000000E+00   0.0000000E+00   0.0000000E+00
   5.6521739E-01   3.1162407E+05   1.5591889E+05   4.6748468E+05   0.0000000E+00   0.0000000E+00   0.0000000E+00
   5.7971014E-01   2.9794206E+05   1.5221036E+05   4.5011453E+05   0.0000000E+00   0.0000000E+00   0.0000000E+00
   5.9420290E-01   2.8426214E+05   1.4021825E+05   4.2444343E+05   0.0000000E+00   0.0000000E+00   0.0000000E+00
   6.0869565E-01   2.6811250E+05   1.3480496E+05   4.0286334E+05   0.0000000E+00   0.0000000E+00   0.0000000E+00
   6.2318841E-01   2.5028219E+05   1.2631294E+05   3.7659513E+05   0.0000000E+00   0.0000000E+00   0.0000000E+00
   6.3768116E-01   2.3744712E+05   1.2153063E+05   3.5894331E+05   0.0000000E+00   0.0000000E+00   0.0000000E+00
   6.5217391E-01   2.2647908E+05   1.1445192E+05   3.4086364E+05   0.0000000E+00   0.0000000E+00   0.0000000E+00
   6.6666667E-01   2.1345113E+05   1.0759861E+05   3.2101679E+05   0.0000000E+00   0.0000000E+00   0.0000000E+00
   6.8115942E-01   2.0186428E+05   1.0089183E+05   3.0270774E+05   0.0000000E+00   0.0000000E+00   0.0000000E+00
   6.9565217E-01   1.8921316E+05   9.3217398E+04   2.8243056E+05   0.0000000E+00   0.0000000E+00   0.0000000E+00
   7.1014493E-01   1.7667636E+05   8.6954150E+04   2.6361505E+05   0.0000000E+00   0.0000000E+00   0.0000000E+00
   7.2463768E-01   1.6612619E+05   8.0274624E+04   2.4640081E+05   0.0000000E+00   0.0000000E+00   0.0000000E+00
   7.3913043E-01   1.5691092E+05   7.8269742E+04   2.3515095E+05   0.0000000E+00   0.0000000E+00   0.0000000E+00
   7.5362319E-01   1.4832696E+05   7.2932156E+04   2.2125911E+05   0.0000000E+00   0.0000000E+00   0.0000000E+00
   7.6811594E-01   1.3523455E+05   6.8067629E+04   2.0328789E+05   0.0000000E+00   0.0000000E+00   0.0000000E+00
   7.8260870E-01   1.2440914E+05   6.3369238E+04   1.8777838E+05   0.0000000E+00   0.0000000E+00   0.0000000E+00
   7.9710145E-01   1.1514842E+05   5.8703927E+04   1.7385235E+05   0.0000000E+00   0.0000000E+00   0.0000000E+00
   8.1159420E-01   1.0435117E+05   5.1485501E+04   1.5583667E+05   0.0000000E+00   0.0000000E+00   0.0000000E+00
   8.2608696E-01   9.7535334E+04   4.8388799E+04   1.4592413E+05   0.0000000E+00   0.0000000E+00   0.0000000E+00
   8.4057971E-01   8.9282284E+04   4.2981960E+04   1.3226424E+05   0.0000000E+00   0.0000000E+00   0.0000000E+00
   8.5507246E-01   7.8843144E+04   3.9826126E+04   1.1865643E+05   0.0000000E+00   0.0000000E+00   0.0000000E+00
   8.6956522E-01   7.3209993E+04   3.7432192E+04   1.1064218E+05   0.0000000E+00   0.0000000E+00   0.0000000E+00
   8.8405797E-01   6.6010045E+04   3.2669631E+04   9.8667254E+04   0.0000000E+00   0.0000000E+00   0.0000000E+00
   8.9855072E-01   5.7942413E+04   2.9441737E+04   8.7371928E+04   0.0000000E+00   0.0000000E+00   0.0000000E+00
   9.1304348E-01   5.0227117E+04   2.4668539E+04   7.4895656E+04   0.0000000E+00   0.0000000E+00   0.0000000E+00
   9.2753623E-01   4.2823962E+04   2.1394222E+04   6.4218184E+04   0.0000000E+00   0.0000000E+00   0.0000000E+00
   9.4202899E-01   3.5252242E+04   1.7369656E+04   5.2621898E+04   0.0000000E+00   0.0000000E+00   0.0000000E+00
   9.5652174E-01   2.7335925E+04   1.3754069E+04   4.1089994E+04   0.0000000E+00   0.0000000E+00   0.0000000E+00
   9.7101449E-01   1.9056512E+04   9.9184339E+03   2.8974946E+04   0.0000000E+00   0.0000000E+00   0.0000000E+00
   9.8550725E-01   6.3850459E+03   3.5658197E+03   9.9508656E+03   0.0000000E+00   0.0000000E+00   0.0000000E+00
   1.0000000E+00   0.0000000E+00   0.0000000E+00   0.0000000E+00   0.0000000E+00   0.0000000E+00   0.0000000E+00
