   0.0000000E+00   3.2128035E+05   1.6367112E+05   4.8495148E+05   0.0000000E+00   0.0000000E+00   0.0000000E+00
   1.4492754E-02   3.4931661E+05   1.6442886E+05   5.1374547E+05   0.0000000E+00   0.0000000E+00   0.0000000E+00
   2.8985507E-02   3.6826003E+05   1.7579491E+05   5.4405494E+05   0.0000000E+00   0.0000000E+00   0.0000000E+00
   4.3478261E-02   3.3592993E+05   1.7832070E+05   5.1425063E+05   0.0000000E+00   0.0000000E+00   0.0000000E+00
   5.7971014E-02   3.5140039E+05   1.7996246E+05   5.3136285E+05   0.0000000E+00   0.0000000E+00   0.0000000E+00
   7.2463768E-02   3.5553005E+05   1.7579491E+05   5.3132496E+05   0.0000000E+00   0.0000000E+00   0.0000000E+00
   8.6956522E-02   3.5525222E+05   1.7920473E+05   5.3445694E+05   0.0000000E+00   0.0000000E+00   0.0000000E+00
   1.0144928E-01   3.6079091E+05   1.7189798E+05   5.3268889E+05   0.0000000E+00   0.0000000E+00   0.0000000E+00
   1.1594203E-01   3.7735287E+05   1.8877115E+05   5.6612402E+05   0.0000000E+00   0.0000000E+00   0.0000000E+00
   1.3043478E-01   3.7019647E+05   1.8800289E+05   5.5819936E+05   0.0000000E+00   0.0000000E+00   0.0000000E+00
   1.4492754E-01   3.8091423E+05   1.9155583E+05   5.7247006E+05   0.0000000E+00   0.0000000E+00   0.0000000E+00
   1.5942029E-01   3.8300145E+05   2.0252235E+05   5.8552380E+05   0.0000000E+00   0.0000000E+00   0.0000000E+00
   1.7391304E-01   3.9111842E+05   1.9581179E+05   5.8693021E+05   0.0000000E+00   0.0000000E+00   0.0000000E+00
   1.8840580E-01   4.1180074E+05   2.0132481E+05   6.1312555E+05   0.0000000E+00   0.0000000E+00   0.0000000E+00
   2.0289855E-01   4.1210051E+05   2.0047548E+05   6.1257599E+05   0.0000000E+00   0.0000000E+00   0.0000000E+00
   2.1739130E-01   4.1933148E+05   2.1257040E+05   6.3185136E+05   0.0000000E+00   0.0000000E+00   0.0000000E+00
   2.3188406E-01   4.2797915E+05   2.1496043E+05   6.4293958E+05   0.0000000E+00   0.0000000E+00   0.0000000E+00
   2.4637681E-01   4.2682862E+05   2.2237343E+05   6.4915747E+05   0.0000000E+00   0.0000000E+00   0.0000000E+00
   2.6086957E-01   4.3388844E+05   2.1751252E+05   6.5140097E+05   0.0000000E+00   0.0000000E+00   0.0000000E+00
   2.7536232E-01   4.4491108E+05   2.2309363E+05   6.6800471E+05   0.0000000E+00   0.0000000E+00   0.0000000E+00
   2.8985507E-01   4.5312654E+05   2.2141066E+05   6.7446142E+05   0.0000000E+00   0.0000000E+00   0.0000000E+00
   3.0434783E-01   4.5550800E+05   2.2522821E+05   6.8066404E+05   0.0000000E+00   0.0000000E+00   0.0000000E+00
   3.1884058E-01   4.5057779E+05   2.2787209E+05   6.7834655E+05   0.0000000E+00   0.0000000E+00   0.0000000E+00
   3.3333333E-01   4.5111689E+05   2.2857292E+05   6.7968981E+05   0.0000000E+00   0.0000000E+00   0.0000000E+00
   3.4782609E-01   4.5173735E+05   2.2842604E+05   6.8013182E+05   0.0000000E+00   0.0000000E+00   0.0000000E+00
   3.6231884E-01   4.6121916E+05   2.2619955E+05   6.8741872E+05   0.0000000E+00   0.0000000E+00   0.0000000E+00
   3.7681159E-01   4.4036159E+05   2.2402777E+05   6.6436021E+05   0.0000000E+00   0.0000000E+00   0.0000000E+00
   3.9130435E-01   4.4344435E+05   2.2330781E+05   6.6672409E+05   0.0000000E+00   0.0000000E+00   0.0000000E+00
   4.0579710E-01   4.3209934E+05   2.1489954E+05   6.4697182E+05   0.0000000E+00   0.0000000E+00   0.0000000E+00
   4.2028986E-01   4.3010702E+05   2.1044177E+05   6.4044427E+05   0.0000000E+00   0.0000000E+00   0.0000000E+00
   4.3478261E-01   4.2372635E+05   2.1057502E+05   6.3427612E+05   0.0000000E+00   0.0000000E+00   0.0000000E+00
   4.4927536E-01   4.1039997E+05   2.0637325E+05   6.1674877E+05   0.0000000E+00   0.0000000E+00   0.0000000E+00
   4.6376812E-01   4.0271337E+05   2.0262353E+05   6.0528953E+05   0.0000000E+00   0.0000000E+00   0.0000000E+00
   4.7826087E-01   3.8644571E+05   1.9680488E+05   5.8322763E+05   0.0000000E+00   0.0000000E+00   0.0000000E+00
   4.9275362E-01   3.7728601E+05   1.8981304E+05   5.6707676E+05   0.0000000E+00   0.0000000E+00   0.0000000E+00
   5.0724638E-01   3.6743734E+05   1.8441146E+05   5.5176220E+05   0.0000000E+00   0.0000000E+00   0.0000000E+00
   5.2173913E-01   3.5649406E+05   1.7888900E+05   5.3534097E+05   0.0000000E+00   0.0000000E+00   0.0000000E+00
   5.3623188E-01   3.4028521E+05   1.6993781E+05   5.1018206E+05   0.0000000E+00   0.0000000E+00   0.0000000E+00
   5.5072464E-01   3.2357350E+05   1.6395029E+05   4.8746397E+05   0.0000000E+00   0.0000000E+00   0.0000000E+00
   5.6521739E-01   3.1306183E+05   1.5531659E+05   4.6835899E+05   0.0000000E+00   0.0000000E+00   0.0000000E+00
   5.7971014E-01   2.9635082E+05   1.4762605E+05   4.4392004E+05   0.0000000E+00   0.0000000E+00   0.0000000E+00
   5.9420290E-01   2.7886558E+05   1.4068028E+05   4.1945346E+05   0.0000000E+00   0.0000000E+00   0.0000000E+00
   6.0869565E-01   2.6612795E+05   1.3585136E+05   4.0196127E+05   0.0000000E+00   0.0000000E+00   0.0000000E+00
   6.2318841E-01   2.5447617E+05   1.2726452E+05   3.8168783E+05   0.0000000E+00   0.0000000E+00   0.0000000E+00
   6.3768116E-01   2.3990977E+05   1.1984295E+05   3.5973549E+05   0.0000000E+00   0.0000000E+00   0.0000000E+00
   6.5217391E-01   2.2609179E+05   1.1286909E+05   3.3892720E+05   0.0000000E+00   0.0000000E+00   0.0000000E+00
   6.6666667E-01   2.1602085E+05   1.0542423E+05   3.2142861E+05   0.0000000E+00   0.0000000E+00   0.0000000E+00
   6.8115942E-01   2.0155796E+05   9.9199017E+04   3.0075698E+05   0.0000000E+00   0.0000000E+00   0.0000000E+00
   6.9565217E-01   1.9117065E+05   9.3043750E+04   2.8419862E+05   0.0000000E+00   0.0000000E+00   0.0000000E+00
   7.1014493E-01   1.7737224E+05   8.8206736E+04   2.6556351E+05   0.0000000E+00   0.0000000E+00   0.0000000E+00
   7.2463768E-01   1.6630805E+05   8.2517525E+04   2.4882557E+05   0.0000000E+00   0.0000000E+00   0.0000000E+00
   7.3913043E-01   1.5414741E+05   7.6130250E+04   2.3026281E+05   0.0000000E+00   0.0000000E+00   0.0000000E+00
   7.5362319E-01   1.4475685E+05   7.1795551E+04   2.1655240E+05   0.0000000E+00   0.0000000E+00   0.0000000E+00
   7.6811594E-01   1.3624963E+05   6.5737232E+04   2.0197257E+05   0.0000000E+00   0.0000000E+00   0.0000000E+00
   7.8260870E-01   1.2471785E+05   6.2415051E+04   1.8713290E+05   0.0000000E+00   0.0000000E+00   0.0000000E+00
   7.9710145E-01   1.1575461E+05   5.7395110E+04   1.7312217E+05   0.0000000E+00   0.0000000E+00   0.0000000E+00
   8.1159420E-01   1.0704384E+05   5.3663994E+04   1.6070783E+05   0.0000000E+00   0.0000000E+00   0.0000000E+00
   8.2608696E-01   9.5940099E+04   4.8814195E+04   1.4475429E+05   0.0000000E+00   0.0000000E+00   0.0000000E+00
   8.4057971E-01   8.7296492E+04   4.4771786E+04   1.3206828E+05   0.0000000E+00   0.0000000E+00   0.0000000E+00
   8.5507246E-01   8.1090668E+04   4.0275631E+04   1.2136630E+05   0.0000000E+00   0.0000000E+00   0.0000000E+00
   8.6956522E-01   7.1505085E+04   3.5941977E+04   1.0744706E+05   0.0000000E+00   0.0000000E+00   0.0000000E+00
   8.8405797E-01   6.4755432E+04   3.2756584E+04   9.7512016E+04   0.0000000E+00   0.0000000E+00   0.0000000E+00
   8.9855072E-01   5.7869084E+04   2.8671778E+04   8.6540862E+04   0.0000000E+00   0.0000000E+00   0.0000000E+00
   9.1304348E-01   4.9613711E+04   2.4464070E+04   7.4077782E+04   0.0000000E+00   0.0000000E+00   0.0000000E+00
   9.2753623E-01   4.1592640E+04   2.2033562E+04   6.3626202E+04   0.0000000E+00   0.0000000E+00   0.0000000E+00
   9.4202899E-01   3.5158982E+04   1.8185680E+04   5.3344663E+04   0.0000000E+00   0.0000000E+00   0.0000000E+00
   9.5652174E-01   2.8495492E+04   1.4006648E+04   4.2502139E+04   0.0000000E+00   0.0000000E+00   0.0000000E+00
   9.7101449E-01   1.8344013E+04   9.8053389E+03   2.8149352E+04   0.0000000E+00   0.0000000E+00   0.0000000E+00
   9.8550725E-01   6.8196302E+03   3.2872400E+03   1.0106870E+04   0.0000000E+00   0.0000000E+00   0.0000000E+00
   1.0000000E+00   0.0000000E+00   0.0000000E+00   0.0000000E+00   0.0000000E+00   0.0000000E+00   0.0000000E+00
