   0.0000000E+00   3.6977550E+05   2.0004248E+05   5.6981799E+05   0.0000000E+00   0.0000000E+00   0.0000000E+00
   1.4492754E-02   3.7356419E+05   1.9625380E+05   5.6981799E+05   0.0000000E+00   0.0000000E+00   0.0000000E+00
   2.8985507E-02   3.6750229E+05   1.7541604E+05   5.4291833E+05   0.0000000E+00   0.0000000E+00   0.0000000E+00
   4.3478261E-02   3.4754856E+05   1.7175365E+05   5.1930221E+05   0.0000000E+00   0.0000000E+00   0.0000000E+00
   5.7971014E-02   3.4003434E+05   1.7181679E+05   5.1185113E+05   0.0000000E+00   0.0000000E+00   0.0000000E+00
   7.2463768E-02   3.6189504E+05   1.8109907E+05   5.4299411E+05   0.0000000E+00   0.0000000E+00   0.0000000E+00
   8.6956522E-02   3.6194556E+05   1.7642636E+05   5.3837191E+05   0.0000000E+00   0.0000000E+00   0.0000000E+00
   1.0144928E-01   3.6490434E+05   1.8077432E+05   5.4567866E+05   0.0000000E+00   0.0000000E+00   0.0000000E+00
   1.1594203E-01   3.7081739E+05   1.8782398E+05   5.5864137E+05   0.0000000E+00   0.0000000E+00   0.0000000E+00
   1.3043478E-01   3.8493024E+05   1.8413001E+05   5.6906025E+05   0.0000000E+00   0.0000000E+00   0.0000000E+00
   1.4492754E-01   3.7856525E+05   1.9602648E+05   5.7459173E+05   0.0000000E+00   0.0000000E+00   0.0000000E+00
   1.5942029E-01   3.7962608E+05   1.9274066E+05   5.7236674E+05   0.0000000E+00   0.0000000E+00   0.0000000E+00
   1.7391304E-01   3.8676143E+05   1.9638009E+05   5.8307838E+05   0.0000000E+00   0.0000000E+00   0.0000000E+00
   1.8840580E-01   4.0276619E+05   1.9689496E+05   5.9960287E+05   0.0000000E+00   0.0000000E+00   0.0000000E+00
   2.0289855E-01   4.0430664E+05   2.0426416E+05   6.0857081E+05   0.0000000E+00   0.0000000E+00   0.0000000E+00
   2.1739130E-01   4.1271391E+05   2.1267143E+05   6.2538534E+05   0.0000000E+00   0.0000000E+00   0.0000000E+00
   2.3188406E-01   4.2684255E+05   2.1633382E+05   6.4317637E+05   0.0000000E+00   0.0000000E+00   0.0000000E+00
   2.4637681E-01   4.3627804E+05   2.1073994E+05   6.4701798E+05   0.0000000E+00   0.0000000E+00   0.0000000E+00
   2.6086957E-01   4.4432837E+05   2.2062766E+05   6.6495604E+05   0.0000000E+00   0.0000000E+00   0.0000000E+00
   2.7536232E-01   4.3657597E+05   2.2125911E+05   6.5779520E+05   0.0000000E+00   0.0000000E+00   0.0000000E+00
   2.8985507E-01   4.4119218E+05   2.2106968E+05   6.6226186E+05   0.0000000E+00   0.0000000E+00   0.0000000E+00
   3.0434783E-01   4.5770904E+05   2.2190860E+05   6.7961764E+05   0.0000000E+00   0.0000000E+00   0.0000000E+00
   3.1884058E-01   4.5539975E+05   2.2704546E+05   6.8237633E+05   0.0000000E+00   0.0000000E+00   0.0000000E+00
   3.3333333E-01   4.5635515E+05   2.2603615E+05   6.8232541E+05   0.0000000E+00   0.0000000E+00   0.0000000E+00
   3.4782609E-01   4.5530503E+05   2.2552138E+05   6.8070012E+05   0.0000000E+00   0.0000000E+00   0.0000000E+00
   3.6231884E-01   4.5003497E+05   2.1947085E+05   6.6941490E+05   0.0000000E+00   0.0000000E+00   0.0000000E+00
   3.7681159E-01   4.5123220E+05   2.2219171E+05   6.7330733E+05   0.0000000E+00   0.0000000E+00   0.0000000E+00
   3.9130435E-01   4.3965566E+05   2.1991202E+05   6.5953962E+05   0.0000000E+00   0.0000000E+00   0.0000000E+00
   4.0579710E-01   4.3155810E+05   2.1292401E+05   6.4445505E+05   0.0000000E+00   0.0000000E+00   0.0000000E+00
   4.2028986E-01   4.3363441E+05   2.1373400E+05   6.4723777E+05   0.0000000E+00   0.0000000E+00   0.0000000E+00
   4.3478261E-01   4.1885158E+05   2.1211576E+05   6.3086631E+05   0.0000000E+00   0.0000000E+00   0.0000000E+00
   4.4927536E-01   4.0761345E+05   2.0510221E+05   6.1269122E+05   0.0000000E+00   0.0000000E+00   0.0000000E+00
   4.6376812E-01   4.0446563E+05   2.0089494E+05   6.0526586E+05   0.0000000E+00   0.0000000E+00   0.0000000E+00
   4.7826087E-01   3.8821376E+05   1.9469240E+05   5.8283728E+05   0.0000000E+00   0.0000000E+00   0.0000000E+00
   4.9275362E-01   3.7938093E+05   1.8731697E+05   5.6667561E+05   0.0000000E+00   0.0000000E+00   0.0000000E+00
   5.0724638E-01   3.6724250E+05   1.8499600E+05   5.5217355E+05   0.0000000E+00   0.0000000E+00   0.0000000E+00
   5.2173913E-01   3.5224232E+05   1.7827860E+05   5.3043673E+05   0.0000000E+00   0.0000000E+00   0.0000000E+00
   5.3623188E-01   3.3913836E+05   1.6811515E+05   5.0723303E+05   0.0000000E+00   0.0000000E+00   0.0000000E+00
   5.5072464E-01   3.2335416E+05   1.6163720E+05   4.8491160E+05   0.0000000E+00   0.0000000E+00   0.0000000E+00
   5.6521739E-01   3.1092462E+05   1.5403427E+05   4.6495889E+05   0.0000000E+00   0.0000000E+00   0.0000000E+00
   5.7971014E-01   2.9688123E+05   1.4952039E+05   4.4634479E+05   0.0000000E+00   0.0000000E+00   0.0000000E+00
   5.9420290E-01   2.8910427E+05   1.4112384E+05   4.3019114E+05   0.0000000E+00   0.0000000E+00   0.0000000E+00
   6.0869565E-01   2.6885219E+05   1.3374052E+05   4.0253859E+05   0.0000000E+00   0.0000000E+00   0.0000000E+00
   6.2318841E-01   2.5081084E+05   1.2624246E+05   3.7703568E+05   0.0000000E+00   0.0000000E+00   0.0000000E+00
   6.3768116E-01   2.4078805E+05   1.2032514E+05   3.6109597E+05   0.0000000E+00   0.0000000E+00   0.0000000E+00
   6.5217391E-01   2.2796087E+05   1.1618629E+05   3.4411349E+05   0.0000000E+00   0.0000000E+00   0.0000000E+00
   6.6666667E-01   2.1574081E+05   1.0601725E+05   3.2174159E+05   0.0000000E+00   0.0000000E+00   0.0000000E+00
   6.8115942E-01   1.9965556E+05   9.9263506E+04   2.9890294E+05   0.0000000E+00   0.0000000E+00   0.0000000E+00
   6.9565217E-01   1.9112329E+05   9.4953878E+04   2.8601403E+05   0.0000000E+00   0.0000000E+00   0.0000000E+00
   7.1014493E-01   1.7862483E+05   8.8423232E+04   2.6701713E+05   0.0000000E+00   0.0000000E+00   0.0000000E+00
   7.2463768E-01   1.6553516E+05   8.4593723E+04   2.5012888E+05   0.0000000E+00   0.0000000E+00   0.0000000E+00
   7.3913043E-01   1.5431085E+05   7.7497148E+04   2.3173371E+05   0.0000000E+00   0.0000000E+00   0.0000000E+00
   7.5362319E-01   1.4539801E+05   7.2174419E+04   2.1757243E+05   0.0000000E+00   0.0000000E+00   0.0000000E+00
   7.6811594E-01   1.3540612E+05   6.8053332E+04   2.0344515E+05   0.0000000E+00   0.0000000E+00   0.0000000E+00
   7.8260870E-01   1.2567203E+05   6.0632967E+04   1.8627693E+05   0.0000000E+00   0.0000000E+00   0.0000000E+00
   7.9710145E-01   1.1568573E+05   5.5989852E+04   1.7166180E+05   0.0000000E+00   0.0000000E+00   0.0000000E+00
   8.1159420E-01   1.0773392E+05   5.3393374E+04   1.6112729E+05   0.0000000E+00   0.0000000E+00   0.0000000E+00
   8.2608696E-01   9.7801207E+04   4.9252884E+04   1.4705409E+05   0.0000000E+00   0.0000000E+00   0.0000000E+00
   8.4057971E-01   8.8955674E+04   4.4915495E+04   1.3385810E+05   0.0000000E+00   0.0000000E+00   0.0000000E+00
   8.5507246E-01   8.1514487E+04   4.0648078E+04   1.2216257E+05   0.0000000E+00   0.0000000E+00   0.0000000E+00
   8.6956522E-01   7.2414369E+04   3.7002808E+04   1.0940455E+05   0.0000000E+00   0.0000000E+00   0.0000000E+00
   8.8405797E-01   6.5637388E+04   3.2371505E+04   9.7996471E+04   0.0000000E+00   0.0000000E+00   0.0000000E+00
   8.9855072E-01   5.7966856E+04   2.8402904E+04   8.6369760E+04   0.0000000E+00   0.0000000E+00   0.0000000E+00
   9.1304348E-01   5.0263200E+04   2.5330055E+04   7.5593255E+04   0.0000000E+00   0.0000000E+00   0.0000000E+00
   9.2753623E-01   4.3640897E+04   2.1228467E+04   6.4869364E+04   0.0000000E+00   0.0000000E+00   0.0000000E+00
   9.4202899E-01   3.5590309E+04   1.7078219E+04   5.2668528E+04   0.0000000E+00   0.0000000E+00   0.0000000E+00
   9.5652174E-01   2.7657389E+04   1.3834435E+04   4.1480343E+04   0.0000000E+00   0.0000000E+00   0.0000000E+00
   9.7101449E-01   1.8219609E+04   1.0110695E+04   2.8330304E+04   0.0000000E+00   0.0000000E+00   0.0000000E+00
   9.8550725E-01   6.7193415E+03   3.2203809E+03   9.9397224E+03   0.0000000E+00   0.0000000E+00   0.0000000E+00
   1.0000000E+00   0.0000000E+00   0.0000000E+00   0.0000000E+00   0.0000000E+00   0.0000000E+00   0.0000000E+00
