   0.0000000E+00   4.1827065E+05   2.3035195E+05   6.4862260E+05   0.0000000E+00   0.0000000E+00   0.0000000E+00
   1.4492754E-02   3.4401245E+05   1.6745981E+05   5.1147226E+05   0.0000000E+00   0.0000000E+00   0.0000000E+00
   2.8985507E-02   3.4742227E+05   1.6859641E+05   5.1601868E+05   0.0000000E+00   0.0000000E+00   0.0000000E+00
   4.3478261E-02   3.4628566E+05   1.7731038E+05   5.2359605E+05   0.0000000E+00   0.0000000E+00   0.0000000E+00
   5.7971014E-02   3.6598682E+05   1.8924474E+05   5.5523156E+05   0.0000000E+00   0.0000000E+00   0.0000000E+00
   7.2463768E-02   3.6128885E+05   1.7412789E+05   5.3541674E+05   0.0000000E+00   0.0000000E+00   0.0000000E+00
   8.6956522E-02   3.6800745E+05   1.8450888E+05   5.5251633E+05   0.0000000E+00   0.0000000E+00   0.0000000E+00
   1.0144928E-01   3.6522908E+05   1.8250629E+05   5.4773537E+05   0.0000000E+00   0.0000000E+00   0.0000000E+00
   1.1594203E-01   3.6930192E+05   1.8270926E+05   5.5201117E+05   0.0000000E+00   0.0000000E+00   0.0000000E+00
   1.3043478E-01   3.7322741E+05   1.8008875E+05   5.5323197E+05   0.0000000E+00   0.0000000E+00   0.0000000E+00
   1.4492754E-01   3.8152042E+05   1.8488775E+05   5.6640817E+05   0.0000000E+00   0.0000000E+00   0.0000000E+00
   1.5942029E-01   3.8417250E+05   1.8840089E+05   5.7257339E+05   0.0000000E+00   0.0000000E+00   0.0000000E+00
   1.7391304E-01   3.9389679E+05   1.9612751E+05   5.9002430E+05   0.0000000E+00   0.0000000E+00   0.0000000E+00
   1.8840580E-01   4.0603029E+05   2.0738670E+05   6.1335870E+05   0.0000000E+00   0.0000000E+00   0.0000000E+00
   2.0289855E-01   4.0360303E+05   2.0383117E+05   6.0743420E+05   0.0000000E+00   0.0000000E+00   0.0000000E+00
   2.1739130E-01   4.1867478E+05   2.0782191E+05   6.2644617E+05   0.0000000E+00   0.0000000E+00   0.0000000E+00
   2.3188406E-01   4.2272235E+05   2.1657062E+05   6.3929297E+05   0.0000000E+00   0.0000000E+00   0.0000000E+00
   2.4637681E-01   4.3431684E+05   2.1599953E+05   6.5031637E+05   0.0000000E+00   0.0000000E+00   0.0000000E+00
   2.6086957E-01   4.3687729E+05   2.1965945E+05   6.5649464E+05   0.0000000E+00   0.0000000E+00   0.0000000E+00
   2.7536232E-01   4.4315632E+05   2.2253530E+05   6.6565174E+05   0.0000000E+00   0.0000000E+00   0.0000000E+00
   2.8985507E-01   4.5085333E+05   2.2561610E+05   6.7643154E+05   0.0000000E+00   0.0000000E+00   0.0000000E+00
   3.0434783E-01   4.5662656E+05   2.3053237E+05   6.8715892E+05   0.0000000E+00   0.0000000E+00   0.0000000E+00
   3.1884058E-01   4.5378095E+05   2.2983531E+05   6.8358182E+05   0.0000000E+00   0.0000000E+00   0.0000000E+00
   3.3333333E-01   4.5391722E+05   2.2725512E+05   6.8117233E+05   0.0000000E+00   0.0000000E+00   0.0000000E+00
   3.4782609E-01   4.5413685E+05   2.2754201E+05   6.8161572E+05   0.0000000E+00   0.0000000E+00   0.0000000E+00
   3.6231884E-01   4.4042687E+05   2.2504780E+05   6.6544436E+05   0.0000000E+00   0.0000000E+00   0.0000000E+00
   3.7681159E-01   4.4616119E+05   2.2379462E+05   6.6992666E+05   0.0000000E+00   0.0000000E+00   0.0000000E+00
   3.9130435E-01   4.4341628E+05   2.2358845E+05   6.6694860E+05   0.0000000E+00   0.0000000E+00   0.0000000E+00
   4.0579710E-01   4.3448080E+05   2.2415475E+05   6.5850024E+05   0.0000000E+00   0.0000000E+00   0.0000000E+00
   4.2028986E-01   4.2869606E+05   2.1579818E+05   6.4441586E+05   0.0000000E+00   0.0000000E+00   0.0000000E+00
   4.3478261E-01   4.2236243E+05   2.0852914E+05   6.3079053E+05   0.0000000E+00   0.0000000E+00   0.0000000E+00
   4.4927536E-01   4.1284428E+05   2.0715543E+05   6.1997527E+05   0.0000000E+00   0.0000000E+00   0.0000000E+00
   4.6376812E-01   3.9729082E+05   1.9784031E+05   5.9508377E+05   0.0000000E+00   0.0000000E+00   0.0000000E+00
   4.7826087E-01   3.8858115E+05   1.9411836E+05   5.8269951E+05   0.0000000E+00   0.0000000E+00   0.0000000E+00
   4.9275362E-01   3.8000495E+05   1.9072678E+05   5.7066487E+05   0.0000000E+00   0.0000000E+00   0.0000000E+00
   5.0724638E-01   3.5988163E+05   1.8174856E+05   5.4160853E+05   0.0000000E+00   0.0000000E+00   0.0000000E+00
   5.2173913E-01   3.5346311E+05   1.7630007E+05   5.2974214E+05   0.0000000E+00   0.0000000E+00   0.0000000E+00
   5.3623188E-01   3.3885165E+05   1.7149424E+05   5.1024350E+05   0.0000000E+00   0.0000000E+00   0.0000000E+00
   5.5072464E-01   3.2568719E+05   1.6339196E+05   4.8903927E+05   0.0000000E+00   0.0000000E+00   0.0000000E+00
   5.6521739E-01   3.0585361E+05   1.5417027E+05   4.6000445E+05   0.0000000E+00   0.0000000E+00   0.0000000E+00
   5.7971014E-01   2.9720327E+05   1.4921730E+05   4.4640162E+05   0.0000000E+00   0.0000000E+00   0.0000000E+00
   5.9420290E-01   2.8261730E+05   1.4143802E+05   4.2405532E+05   0.0000000E+00   0.0000000E+00   0.0000000E+00
   6.0869565E-01   2.6814858E+05   1.3689776E+05   4.0502830E+05   0.0000000E+00   0.0000000E+00   0.0000000E+00
   6.2318841E-01   2.5449380E+05   1.2708830E+05   3.8156447E+05   0.0000000E+00   0.0000000E+00   0.0000000E+00
   6.3768116E-01   2.3863539E+05   1.2044569E+05   3.5906386E+05   0.0000000E+00   0.0000000E+00   0.0000000E+00
   6.5217391E-01   2.2765778E+05   1.1140413E+05   3.3902823E+05   0.0000000E+00   0.0000000E+00   0.0000000E+00
   6.6666667E-01   2.1383000E+05   1.1043189E+05   3.2426188E+05   0.0000000E+00   0.0000000E+00   0.0000000E+00
   6.8115942E-01   1.9991351E+05   1.0139162E+05   3.0124064E+05   0.0000000E+00   0.0000000E+00   0.0000000E+00
   6.9565217E-01   1.9060235E+05   9.3833059E+04   2.8440384E+05   0.0000000E+00   0.0000000E+00   0.0000000E+00
   7.1014493E-01   1.8148567E+05   8.7974775E+04   2.6942952E+05   0.0000000E+00   0.0000000E+00   0.0000000E+00
   7.2463768E-01   1.6317102E+05   8.3093405E+04   2.4626442E+05   0.0000000E+00   0.0000000E+00   0.0000000E+00
   7.3913043E-01   1.5603433E+05   7.5179365E+04   2.3119883E+05   0.0000000E+00   0.0000000E+00   0.0000000E+00
   7.5362319E-01   1.4447999E+05   7.3660749E+04   2.1812616E+05   0.0000000E+00   0.0000000E+00   0.0000000E+00
   7.6811594E-01   1.3444822E+05   6.8024739E+04   2.0247296E+05   0.0000000E+00   0.0000000E+00   0.0000000E+00
   7.8260870E-01   1.2419866E+05   6.1937958E+04   1.8613661E+05   0.0000000E+00   0.0000000E+00   0.0000000E+00
   7.9710145E-01   1.1575461E+05   5.6416940E+04   1.7217155E+05   0.0000000E+00   0.0000000E+00   0.0000000E+00
   8.1159420E-01   1.0529834E+05   5.4489386E+04   1.5976066E+05   0.0000000E+00   0.0000000E+00   0.0000000E+00
   8.2608696E-01   9.8877990E+04   4.8056458E+04   1.4693445E+05   0.0000000E+00   0.0000000E+00   0.0000000E+00
   8.4057971E-01   8.8315517E+04   4.3269378E+04   1.3158489E+05   0.0000000E+00   0.0000000E+00   0.0000000E+00
   8.5507246E-01   8.1591545E+04   4.0224259E+04   1.2180296E+05   0.0000000E+00   0.0000000E+00   0.0000000E+00
   8.6956522E-01   7.3753037E+04   3.5904090E+04   1.0965713E+05   0.0000000E+00   0.0000000E+00   0.0000000E+00
   8.8405797E-01   6.4184024E+04   3.1911894E+04   9.6095918E+04   0.0000000E+00   0.0000000E+00   0.0000000E+00
   8.9855072E-01   5.7343557E+04   2.8280688E+04   8.5624245E+04   0.0000000E+00   0.0000000E+00   0.0000000E+00
   9.1304348E-01   4.9421270E+04   2.5438303E+04   7.4859573E+04   0.0000000E+00   0.0000000E+00   0.0000000E+00
   9.2753623E-01   4.2184622E+04   2.1915166E+04   6.4099788E+04   0.0000000E+00   0.0000000E+00   0.0000000E+00
   9.4202899E-01   3.6033294E+04   1.8931760E+04   5.4965053E+04   0.0000000E+00   0.0000000E+00   0.0000000E+00
   9.5652174E-01   2.6715959E+04   1.4018129E+04   4.0734087E+04   0.0000000E+00   0.0000000E+00   0.0000000E+00
   9.7101449E-01   1.9067822E+04   9.4547443E+03   2.8522566E+04   0.0000000E+00   0.0000000E+00   0.0000000E+00
   9.8550725E-01   6.4407618E+03   3.3763855E+03   9.8171473E+03   0.0000000E+00   0.0000000E+00   0.0000000E+00
   1.0000000E+00   0.0000000E+00   0.0000000E+00   0.0000000E+00   0.0000000E+00   0.0000000E+00   0.0000000E+00
