   0.0000000E+00   4.1220876E+05   1.8791870E+05   6.0012745E+05   0.0000000E+00   0.0000000E+00   0.0000000E+00
   1.4492754E-02   3.5158982E+05   1.8337228E+05   5.3496210E+05   0.0000000E+00   0.0000000E+00   0.0000000E+00
   2.8985507E-02   3.6181927E+05   1.7162736E+05   5.3344663E+05   0.0000000E+00   0.0000000E+00   0.0000000E+00
   4.3478261E-02   3.3719282E+05   1.7124849E+05   5.0844132E+05   0.0000000E+00   0.0000000E+00   0.0000000E+00
   5.7971014E-02   3.6485021E+05   1.7465831E+05   5.3950852E+05   0.0000000E+00   0.0000000E+00   0.0000000E+00
   7.2463768E-02   3.6598682E+05   1.7806812E+05   5.4405494E+05   0.0000000E+00   0.0000000E+00   0.0000000E+00
   8.6956522E-02   3.6788116E+05   1.7478460E+05   5.4266576E+05   0.0000000E+00   0.0000000E+00   0.0000000E+00
   1.0144928E-01   3.5267230E+05   1.9019191E+05   5.4286421E+05   0.0000000E+00   0.0000000E+00   0.0000000E+00
   1.1594203E-01   3.7309060E+05   1.8479303E+05   5.5788363E+05   0.0000000E+00   0.0000000E+00   0.0000000E+00
   1.3043478E-01   3.7693190E+05   1.8749773E+05   5.6434544E+05   0.0000000E+00   0.0000000E+00   0.0000000E+00
   1.4492754E-01   3.7492811E+05   1.9125274E+05   5.6618085E+05   0.0000000E+00   0.0000000E+00   0.0000000E+00
   1.5942029E-01   3.9443639E+05   1.9232735E+05   5.8676373E+05   0.0000000E+00   0.0000000E+00   0.0000000E+00
   1.7391304E-01   3.8423564E+05   1.9492776E+05   5.7910026E+05   0.0000000E+00   0.0000000E+00   0.0000000E+00
   1.8840580E-01   3.9862778E+05   1.9532120E+05   5.9394899E+05   0.0000000E+00   0.0000000E+00   0.0000000E+00
   2.0289855E-01   4.0360303E+05   2.0377704E+05   6.0732595E+05   0.0000000E+00   0.0000000E+00   0.0000000E+00
   2.1739130E-01   4.1387578E+05   2.1226730E+05   6.2609256E+05   0.0000000E+00   0.0000000E+00   0.0000000E+00
   2.3188406E-01   4.2565858E+05   2.1211891E+05   6.3773014E+05   0.0000000E+00   0.0000000E+00   0.0000000E+00
   2.4637681E-01   4.3556488E+05   2.1773786E+05   6.5325817E+05   0.0000000E+00   0.0000000E+00   0.0000000E+00
   2.6086957E-01   4.3898212E+05   2.1848074E+05   6.5742077E+05   0.0000000E+00   0.0000000E+00   0.0000000E+00
   2.7536232E-01   4.4331584E+05   2.2341268E+05   6.6668864E+05   0.0000000E+00   0.0000000E+00   0.0000000E+00
   2.8985507E-01   4.4789815E+05   2.2504780E+05   6.7294595E+05   0.0000000E+00   0.0000000E+00   0.0000000E+00
   3.0434783E-01   4.4692031E+05   2.2594986E+05   6.7287018E+05   0.0000000E+00   0.0000000E+00   0.0000000E+00
   3.1884058E-01   4.5495199E+05   2.2291236E+05   6.7786435E+05   0.0000000E+00   0.0000000E+00   0.0000000E+00
   3.3333333E-01   4.6202171E+05   2.2583848E+05   6.8779429E+05   0.0000000E+00   0.0000000E+00   0.0000000E+00
   3.4782609E-01   4.5401056E+05   2.3110969E+05   6.8499396E+05   0.0000000E+00   0.0000000E+00   0.0000000E+00
   3.6231884E-01   4.5233849E+05   2.2480532E+05   6.7714381E+05   0.0000000E+00   0.0000000E+00   0.0000000E+00
   3.7681159E-01   4.4627776E+05   2.2568896E+05   6.7187929E+05   0.0000000E+00   0.0000000E+00   0.0000000E+00
   3.9130435E-01   4.3965566E+05   2.2339200E+05   6.6301960E+05   0.0000000E+00   0.0000000E+00   0.0000000E+00
   4.0579710E-01   4.3686226E+05   2.1909415E+05   6.5590229E+05   0.0000000E+00   0.0000000E+00   0.0000000E+00
   4.2028986E-01   4.2482899E+05   2.1566754E+05   6.4041814E+05   0.0000000E+00   0.0000000E+00   0.0000000E+00
   4.3478261E-01   4.1728559E+05   2.1032245E+05   6.2753226E+05   0.0000000E+00   0.0000000E+00   0.0000000E+00
   4.4927536E-01   4.0925114E+05   2.0414893E+05   6.1337562E+05   0.0000000E+00   0.0000000E+00   0.0000000E+00
   4.6376812E-01   4.0295016E+05   2.0558343E+05   6.0846256E+05   0.0000000E+00   0.0000000E+00   0.0000000E+00
   4.7826087E-01   3.8963739E+05   1.9469240E+05   5.8428387E+05   0.0000000E+00   0.0000000E+00   0.0000000E+00
   4.9275362E-01   3.7911349E+05   1.8811928E+05   5.6721048E+05   0.0000000E+00   0.0000000E+00   0.0000000E+00
   5.0724638E-01   3.6683115E+05   1.8073102E+05   5.4749723E+05   0.0000000E+00   0.0000000E+00   0.0000000E+00
   5.2173913E-01   3.5565213E+05   1.7339541E+05   5.2902649E+05   0.0000000E+00   0.0000000E+00   0.0000000E+00
   5.3623188E-01   3.3879022E+05   1.6893432E+05   5.0766310E+05   0.0000000E+00   0.0000000E+00   0.0000000E+00
   5.5072464E-01   3.2120059E+05   1.6249464E+05   4.8363541E+05   0.0000000E+00   0.0000000E+00   0.0000000E+00
   5.6521739E-01   3.1323669E+05   1.5576346E+05   4.6900015E+05   0.0000000E+00   0.0000000E+00   0.0000000E+00
   5.7971014E-01   2.9959014E+05   1.5031601E+05   4.4981144E+05   0.0000000E+00   0.0000000E+00   0.0000000E+00
   5.9420290E-01   2.8189653E+05   1.3770478E+05   4.1960131E+05   0.0000000E+00   0.0000000E+00   0.0000000E+00
   6.0869565E-01   2.7132386E+05   1.3612198E+05   4.0742780E+05   0.0000000E+00   0.0000000E+00   0.0000000E+00
   6.2318841E-01   2.5296070E+05   1.2608386E+05   3.7902694E+05   0.0000000E+00   0.0000000E+00   0.0000000E+00
   6.3768116E-01   2.4185577E+05   1.2161674E+05   3.6347251E+05   0.0000000E+00   0.0000000E+00   0.0000000E+00
   6.5217391E-01   2.2587289E+05   1.1558010E+05   3.4143615E+05   0.0000000E+00   0.0000000E+00   0.0000000E+00
   6.6666667E-01   2.1149090E+05   1.0690676E+05   3.1833177E+05   0.0000000E+00   0.0000000E+00   0.0000000E+00
   6.8115942E-01   2.0199325E+05   1.0143998E+05   3.0343324E+05   0.0000000E+00   0.0000000E+00   0.0000000E+00
   6.9565217E-01   1.8956046E+05   9.6074697E+04   2.8560359E+05   0.0000000E+00   0.0000000E+00   0.0000000E+00
   7.1014493E-01   1.7808358E+05   8.9969633E+04   2.6805322E+05   0.0000000E+00   0.0000000E+00   0.0000000E+00
   7.2463768E-01   1.6691424E+05   8.1744633E+04   2.4864372E+05   0.0000000E+00   0.0000000E+00   0.0000000E+00
   7.3913043E-01   1.5356797E+05   7.5833099E+04   2.2937135E+05   0.0000000E+00   0.0000000E+00   0.0000000E+00
   7.5362319E-01   1.4305194E+05   7.2495000E+04   2.1554694E+05   0.0000000E+00   0.0000000E+00   0.0000000E+00
   7.6811594E-01   1.3469127E+05   6.7195517E+04   2.0187249E+05   0.0000000E+00   0.0000000E+00   0.0000000E+00
   7.8260870E-01   1.2318834E+05   6.1699411E+04   1.8487372E+05   0.0000000E+00   0.0000000E+00   0.0000000E+00
   7.9710145E-01   1.1432180E+05   5.6306724E+04   1.7064230E+05   0.0000000E+00   0.0000000E+00   0.0000000E+00
   8.1159420E-01   1.0639435E+05   5.3163347E+04   1.5954417E+05   0.0000000E+00   0.0000000E+00   0.0000000E+00
   8.2608696E-01   9.8226603E+04   4.9345940E+04   1.4757254E+05   0.0000000E+00   0.0000000E+00   0.0000000E+00
   8.4057971E-01   8.9844055E+04   4.4928560E+04   1.3475955E+05   0.0000000E+00   0.0000000E+00   0.0000000E+00
   8.5507246E-01   8.1116354E+04   4.0725136E+04   1.2184149E+05   0.0000000E+00   0.0000000E+00   0.0000000E+00
   8.6956522E-01   7.2856382E+04   3.5664140E+04   1.0852052E+05   0.0000000E+00   0.0000000E+00   0.0000000E+00
   8.8405797E-01   6.4867229E+04   3.3005022E+04   9.7859829E+04   0.0000000E+00   0.0000000E+00   0.0000000E+00
   8.9855072E-01   5.8101293E+04   2.8354018E+04   8.6455311E+04   0.0000000E+00   0.0000000E+00   0.0000000E+00
   9.1304348E-01   5.0359421E+04   2.5185724E+04   7.5545145E+04   0.0000000E+00   0.0000000E+00   0.0000000E+00
   9.2753623E-01   4.2445094E+04   2.1216627E+04   6.3661721E+04   0.0000000E+00   0.0000000E+00   0.0000000E+00
   9.4202899E-01   3.6126554E+04   1.7323026E+04   5.3449580E+04   0.0000000E+00   0.0000000E+00   0.0000000E+00
   9.5652174E-01   2.7370367E+04   1.3558894E+04   4.0929262E+04   0.0000000E+00   0.0000000E+00   0.0000000E+00
   9.7101449E-01   1.9938653E+04   9.4208158E+03   2.9359469E+04   0.0000000E+00   0.0000000E+00   0.0000000E+00
   9.8550725E-01   5.9950344E+03   3.4321015E+03   9.4271358E+03   0.0000000E+00   0.0000000E+00   0.0000000E+00
   1.0000000E+00   0.0000000E+00   0.0000000E+00   0.0000000E+00   0.0000000E+00   0.0000000E+00   0.0000000E+00
