   0.0000000E+00   3.1521846E+05   1.8791870E+05   5.0313716E+05   0.0000000E+00   0.0000000E+00   0.0000000E+00
   1.4492754E-02   3.4780114E+05   1.8034133E+05   5.2814247E+05   0.0000000E+00   0.0000000E+00   0.0000000E+00
   2.8985507E-02   3.5878832E+05   1.7655265E+05   5.3534097E+05   0.0000000E+00   0.0000000E+00   0.0000000E+00
   4.3478261E-02   3.5563108E+05   1.7806812E+05   5.3369920E+05   0.0000000E+00   0.0000000E+00   0.0000000E+00
   5.7971014E-02   3.5499964E+05   1.8753983E+05   5.4253947E+05   0.0000000E+00   0.0000000E+00   0.0000000E+00
   7.2463768E-02   3.4931661E+05   1.7912895E+05   5.2844556E+05   0.0000000E+00   0.0000000E+00   0.0000000E+00
   8.6956522E-02   3.5739914E+05   1.7642636E+05   5.3382549E+05   0.0000000E+00   0.0000000E+00   0.0000000E+00
   1.0144928E-01   3.4801763E+05   1.8099082E+05   5.2900845E+05   0.0000000E+00   0.0000000E+00   0.0000000E+00
   1.1594203E-01   3.6636569E+05   1.8100435E+05   5.4737004E+05   0.0000000E+00   0.0000000E+00   0.0000000E+00
   1.3043478E-01   3.6952292E+05   1.7436363E+05   5.4388655E+05   0.0000000E+00   0.0000000E+00   0.0000000E+00
   1.4492754E-01   3.7295800E+05   1.9799660E+05   5.7095459E+05   0.0000000E+00   0.0000000E+00   0.0000000E+00
   1.5942029E-01   3.8665236E+05   1.9756262E+05   5.8414610E+05   0.0000000E+00   0.0000000E+00   0.0000000E+00
   1.7391304E-01   4.0103214E+05   1.8987618E+05   5.9090832E+05   0.0000000E+00   0.0000000E+00   0.0000000E+00
   1.8840580E-01   4.0468968E+05   1.9788585E+05   6.0251724E+05   0.0000000E+00   0.0000000E+00   0.0000000E+00
   2.0289855E-01   4.0582212E+05   1.9982599E+05   6.0564811E+05   0.0000000E+00   0.0000000E+00   0.0000000E+00
   2.1739130E-01   4.1251185E+05   2.0681160E+05   6.1922242E+05   0.0000000E+00   0.0000000E+00   0.0000000E+00
   2.3188406E-01   4.2641632E+05   2.1036665E+05   6.3673561E+05   0.0000000E+00   0.0000000E+00   0.0000000E+00
   2.4637681E-01   4.3583231E+05   2.1889676E+05   6.5472907E+05   0.0000000E+00   0.0000000E+00   0.0000000E+00
   2.6086957E-01   4.3792971E+05   2.1780720E+05   6.5561062E+05   0.0000000E+00   0.0000000E+00   0.0000000E+00
   2.7536232E-01   4.4722417E+05   2.2153828E+05   6.6868268E+05   0.0000000E+00   0.0000000E+00   0.0000000E+00
   2.8985507E-01   4.4498087E+05   2.2141066E+05   6.6639153E+05   0.0000000E+00   0.0000000E+00   0.0000000E+00
   3.0434783E-01   4.4692031E+05   2.2465089E+05   6.7157120E+05   0.0000000E+00   0.0000000E+00   0.0000000E+00
   3.1884058E-01   4.4613469E+05   2.2346344E+05   6.6949480E+05   0.0000000E+00   0.0000000E+00   0.0000000E+00
   3.3333333E-01   4.6373485E+05   2.2982483E+05   6.9346085E+05   0.0000000E+00   0.0000000E+00   0.0000000E+00
   3.4782609E-01   4.5508402E+05   2.2893120E+05   6.8398365E+05   0.0000000E+00   0.0000000E+00   0.0000000E+00
   3.6231884E-01   4.4830733E+05   2.2098633E+05   6.6926335E+05   0.0000000E+00   0.0000000E+00   0.0000000E+00
   3.7681159E-01   4.4712293E+05   2.2155055E+05   6.6864434E+05   0.0000000E+00   0.0000000E+00   0.0000000E+00
   3.9130435E-01   4.3721407E+05   2.2400942E+05   6.6113929E+05   0.0000000E+00   0.0000000E+00   0.0000000E+00
   4.0579710E-01   4.3142279E+05   2.1457479E+05   6.4597052E+05   0.0000000E+00   0.0000000E+00   0.0000000E+00
   4.2028986E-01   4.3000250E+05   2.1582431E+05   6.4569617E+05   0.0000000E+00   0.0000000E+00   0.0000000E+00
   4.3478261E-01   4.2029128E+05   2.0683686E+05   6.2710288E+05   0.0000000E+00   0.0000000E+00   0.0000000E+00
   4.4927536E-01   4.1301538E+05   2.0837759E+05   6.2139297E+05   0.0000000E+00   0.0000000E+00   0.0000000E+00
   4.6376812E-01   4.0008497E+05   2.0061079E+05   6.0064840E+05   0.0000000E+00   0.0000000E+00   0.0000000E+00
   4.7826087E-01   3.9503339E+05   1.9301620E+05   5.8800367E+05   0.0000000E+00   0.0000000E+00   0.0000000E+00
   4.9275362E-01   3.8185472E+05   1.8462031E+05   5.6643046E+05   0.0000000E+00   0.0000000E+00   0.0000000E+00
   5.0724638E-01   3.6551053E+05   1.8445476E+05   5.4992199E+05   0.0000000E+00   0.0000000E+00   0.0000000E+00
   5.2173913E-01   3.4914823E+05   1.7722619E+05   5.2626918E+05   0.0000000E+00   0.0000000E+00   0.0000000E+00
   5.3623188E-01   3.4321376E+05   1.7081842E+05   5.1401170E+05   0.0000000E+00   0.0000000E+00   0.0000000E+00
   5.5072464E-01   3.2492945E+05   1.6434910E+05   4.8925861E+05   0.0000000E+00   0.0000000E+00   0.0000000E+00
   5.6521739E-01   3.1360584E+05   1.5461714E+05   4.6816470E+05   0.0000000E+00   0.0000000E+00   0.0000000E+00
   5.7971014E-01   2.9822622E+05   1.4745556E+05   4.4564389E+05   0.0000000E+00   0.0000000E+00   0.0000000E+00
   5.9420290E-01   2.8261730E+05   1.4457986E+05   4.2717868E+05   0.0000000E+00   0.0000000E+00   0.0000000E+00
   6.0869565E-01   2.7045787E+05   1.3792612E+05   4.0836595E+05   0.0000000E+00   6.9818842E-10   2.3581403E-10
   6.2318841E-01   2.5627360E+05   1.2682397E+05   3.8307995E+05   0.0000000E+00   0.0000000E+00   0.0000000E+00
   6.3768116E-01   2.3612108E+05   1.2184061E+05   3.5792726E+05   0.0000000E+00   0.0000000E+00   0.0000000E+00
   6.5217391E-01   2.3087395E+05   1.1222922E+05   3.4308633E+05   0.0000000E+00   0.0000000E+00   0.0000000E+00
   6.6666667E-01   2.1223216E+05   1.0713738E+05   3.1936954E+05   0.0000000E+00   0.0000000E+00   0.0000000E+00
   6.8115942E-01   2.0246079E+05   9.9263506E+04   3.0170818E+05   0.0000000E+00   0.0000000E+00   0.0000000E+00
   6.9565217E-01   1.9260719E+05   9.5411677E+04   2.8800308E+05   0.0000000E+00   0.0000000E+00   0.0000000E+00
   7.1014493E-01   1.7652172E+05   9.0232521E+04   2.6675424E+05   0.0000000E+00   0.0000000E+00   0.0000000E+00
   7.2463768E-01   1.6309524E+05   8.5366615E+04   2.4843155E+05   0.0000000E+00   0.0000000E+00   0.0000000E+00
   7.3913043E-01   1.5206735E+05   7.6427402E+04   2.2849475E+05   0.0000000E+00   0.0000000E+00   0.0000000E+00
   7.5362319E-01   1.4513572E+05   7.1708120E+04   2.1684384E+05   0.0000000E+00   0.0000000E+00   0.0000000E+00
   7.6811594E-01   1.3567776E+05   6.8296380E+04   2.0393125E+05   0.0000000E+00   0.0000000E+00   0.0000000E+00
   7.8260870E-01   1.2443720E+05   6.2386987E+04   1.8681016E+05   0.0000000E+00   0.0000000E+00   0.0000000E+00
   7.9710145E-01   1.1415648E+05   5.8579934E+04   1.7272263E+05   0.0000000E+00   0.0000000E+00   0.0000000E+00
   8.1159420E-01   1.0734152E+05   5.3176878E+04   1.6051840E+05   0.0000000E+00   0.0000000E+00   0.0000000E+00
   8.2608696E-01   9.7389104E+04   4.9718161E+04   1.4710727E+05   0.0000000E+00   0.0000000E+00   0.0000000E+00
   8.4057971E-01   8.8576805E+04   4.3896470E+04   1.3247328E+05   0.0000000E+00   0.0000000E+00   0.0000000E+00
   8.5507246E-01   8.1206255E+04   3.9813283E+04   1.2101954E+05   0.0000000E+00   0.0000000E+00   0.0000000E+00
   8.6956522E-01   7.1858696E+04   3.7583740E+04   1.0942981E+05   0.0000000E+00   0.0000000E+00   0.0000000E+00
   8.8405797E-01   6.5463481E+04   3.2383927E+04   9.7847408E+04   0.0000000E+00   0.0000000E+00   0.0000000E+00
   8.9855072E-01   5.9409000E+04   2.8244024E+04   8.7653024E+04   0.0000000E+00   0.0000000E+00   0.0000000E+00
   9.1304348E-01   5.0335365E+04   2.4391905E+04   7.4727270E+04   0.0000000E+00   0.0000000E+00   0.0000000E+00
   9.2753623E-01   4.2895000E+04   2.2069081E+04   6.4964081E+04   0.0000000E+00   0.0000000E+00   0.0000000E+00
   9.4202899E-01   3.5625282E+04   1.7521204E+04   5.3146485E+04   0.0000000E+00   0.0000000E+00   0.0000000E+00
   9.5652174E-01   2.6945576E+04   1.4006648E+04   4.0952224E+04   0.0000000E+00   0.0000000E+00   0.0000000E+00
   9.7101449E-01   1.9180917E+04   9.7261724E+03   2.8907089E+04   0.0000000E+00   0.0000000E+00   0.0000000E+00
   9.8550725E-01   6.2401845E+03   2.9083717E+03   9.1485561E+03   0.0000000E+00   0.0000000E+00   0.0000000E+00
   1.0000000E+00   0.0000000E+00   0.0000000E+00   0.0000000E+00   0.0000000E+00   0.0000000E+00   0.0000000E+00
