   0.0000000E+00   5.0313716E+05   1.6367112E+05   6.6680828E+05   0.0000000E+00   0.0000000E+00   0.0000000E+00
   1.4492754E-02   3.5386303E+05   1.7882586E+05   5.3268889E+05   0.0000000E+00   0.0000000E+00   0.0000000E+00
   2.8985507E-02   3.5689398E+05   1.6745981E+05   5.2435379E+05   0.0000000E+00   0.0000000E+00   0.0000000E+00
   4.3478261E-02   3.4704340E+05   1.6821754E+05   5.1526095E+05   0.0000000E+00   0.0000000E+00   0.0000000E+00
   5.7971014E-02   3.4590680E+05   1.7693152E+05   5.2283831E+05   0.0000000E+00   0.0000000E+00   0.0000000E+00
   7.2463768E-02   3.4416400E+05   1.8140216E+05   5.2556616E+05   0.0000000E+00   0.0000000E+00   0.0000000E+00
   8.6956522E-02   3.6497650E+05   1.7465831E+05   5.3963481E+05   0.0000000E+00   0.0000000E+00   0.0000000E+00
   1.0144928E-01   3.6241463E+05   1.8283104E+05   5.4524567E+05   0.0000000E+00   0.0000000E+00   0.0000000E+00
   1.1594203E-01   3.5357888E+05   1.8971832E+05   5.4329720E+05   0.0000000E+00   0.0000000E+00   0.0000000E+00
   1.3043478E-01   3.7263806E+05   1.9195996E+05   5.6459802E+05   0.0000000E+00   0.0000000E+00   0.0000000E+00
   1.4492754E-01   3.7477656E+05   1.9117697E+05   5.6595353E+05   0.0000000E+00   0.0000000E+00   0.0000000E+00
   1.5942029E-01   3.8754787E+05   1.8371670E+05   5.7119569E+05   0.0000000E+00   0.0000000E+00   0.0000000E+00
   1.7391304E-01   3.9957981E+05   1.9158109E+05   5.9116090E+05   0.0000000E+00   0.0000000E+00   0.0000000E+00
   1.8840580E-01   4.0229989E+05   2.0184940E+05   6.0414929E+05   0.0000000E+00   0.0000000E+00   0.0000000E+00
   2.0289855E-01   4.0928606E+05   2.0886470E+05   6.1804251E+05   0.0000000E+00   0.0000000E+00   0.0000000E+00
   2.1739130E-01   4.1609847E+05   2.1186318E+05   6.2796165E+05   0.0000000E+00   0.0000000E+00   0.0000000E+00
   2.3188406E-01   4.3262029E+05   2.1268722E+05   6.4526015E+05   0.0000000E+00   0.0000000E+00   0.0000000E+00
   2.4637681E-01   4.3552030E+05   2.1809445E+05   6.5357018E+05   0.0000000E+00   0.0000000E+00   0.0000000E+00
   2.6086957E-01   4.3329909E+05   2.2130121E+05   6.5455821E+05   0.0000000E+00   0.0000000E+00   0.0000000E+00
   2.7536232E-01   4.4642655E+05   2.2293411E+05   6.6928090E+05   0.0000000E+00   0.0000000E+00   0.0000000E+00
   2.8985507E-01   4.4986827E+05   2.2398696E+05   6.7377946E+05   0.0000000E+00   0.0000000E+00   0.0000000E+00
   3.0434783E-01   4.4028110E+05   2.3313032E+05   6.7333925E+05   0.0000000E+00   0.0000000E+00   0.0000000E+00
   3.1884058E-01   4.5322986E+05   2.2642550E+05   6.7962092E+05   0.0000000E+00   0.0000000E+00   0.0000000E+00
   3.3333333E-01   4.4963436E+05   2.2791402E+05   6.7754838E+05   0.0000000E+00   0.0000000E+00   0.0000000E+00
   3.4782609E-01   4.4270766E+05   2.2463735E+05   6.6734501E+05   0.0000000E+00   0.0000000E+00   0.0000000E+00
   3.6231884E-01   4.5512696E+05   2.2989731E+05   6.8496365E+05   0.0000000E+00   0.0000000E+00   0.0000000E+00
   3.7681159E-01   4.5000816E+05   2.2463978E+05   6.7461880E+05   0.0000000E+00   0.0000000E+00   0.0000000E+00
   3.9130435E-01   4.3819632E+05   2.2350426E+05   6.6167251E+05   0.0000000E+00   0.0000000E+00   0.0000000E+00
   4.0579710E-01   4.3672695E+05   2.2177329E+05   6.5841905E+05   0.0000000E+00   0.0000000E+00   0.0000000E+00
   4.2028986E-01   4.3227571E+05   2.1579818E+05   6.4802164E+05   0.0000000E+00   0.0000000E+00   0.0000000E+00
   4.3478261E-01   4.1933148E+05   2.1133276E+05   6.3066424E+05   0.0000000E+00   0.0000000E+00   0.0000000E+00
   4.4927536E-01   4.1523970E+05   2.0776651E+05   6.2300621E+05   0.0000000E+00   0.0000000E+00   0.0000000E+00
   4.6376812E-01   3.9816695E+05   2.0184211E+05   6.0000906E+05   0.0000000E+00   0.0000000E+00   0.0000000E+00
   4.7826087E-01   3.8846634E+05   1.9450871E+05   5.8292913E+05   0.0000000E+00   0.0000000E+00   0.0000000E+00
   4.9275362E-01   3.7935864E+05   1.8729468E+05   5.6660875E+05   0.0000000E+00   0.0000000E+00   0.0000000E+00
   5.0724638E-01   3.6581362E+05   1.8471455E+05   5.5048488E+05   0.0000000E+00   0.0000000E+00   0.0000000E+00
   5.2173913E-01   3.4883250E+05   1.7573177E+05   5.2454322E+05   0.0000000E+00   0.0000000E+00   0.0000000E+00
   5.3623188E-01   3.4081767E+05   1.7165808E+05   5.1241431E+05   0.0000000E+00   0.0000000E+00   0.0000000E+00
   5.5072464E-01   3.2329434E+05   1.6468809E+05   4.8794254E+05   0.0000000E+00   0.0000000E+00   0.0000000E+00
   5.6521739E-01   3.0913714E+05   1.5389826E+05   4.6295768E+05   0.0000000E+00   0.0000000E+00   0.0000000E+00
   5.7971014E-01   2.9712750E+05   1.4719035E+05   4.4426102E+05   6.1891029E-10   0.0000000E+00   4.1393518E-10
   5.9420290E-01   2.7966028E+05   1.3903544E+05   4.1864028E+05   0.0000000E+00   0.0000000E+00   0.0000000E+00
   6.0869565E-01   2.7240634E+05   1.3724055E+05   4.0961080E+05   0.0000000E+00   0.0000000E+00   0.0000000E+00
   6.2318841E-01   2.5637933E+05   1.2957297E+05   3.8595230E+05   0.0000000E+00   0.0000000E+00   0.0000000E+00
   6.3768116E-01   2.4171800E+05   1.2011849E+05   3.6176760E+05   0.0000000E+00   0.0000000E+00   0.0000000E+00
   6.5217391E-01   2.2730417E+05   1.1352579E+05   3.4077944E+05   0.0000000E+00   0.0000000E+00   0.0000000E+00
   6.6666667E-01   2.1045313E+05   1.0768097E+05   3.1811763E+05   0.0000000E+00   0.0000000E+00   0.0000000E+00
   6.8115942E-01   2.0247692E+05   9.9231261E+04   3.0169205E+05   0.0000000E+00   0.0000000E+00   0.0000000E+00
   6.9565217E-01   1.8913423E+05   9.5522181E+04   2.8465641E+05   0.0000000E+00   0.0000000E+00   0.0000000E+00
   7.1014493E-01   1.7809905E+05   9.0124273E+04   2.6822332E+05   0.0000000E+00   0.0000000E+00   0.0000000E+00
   7.2463768E-01   1.6482288E+05   8.1608241E+04   2.4643112E+05   0.0000000E+00   0.0000000E+00   0.0000000E+00
   7.3913043E-01   1.5754980E+05   7.7199996E+04   2.3473494E+05   0.0000000E+00   0.0000000E+00   0.0000000E+00
   7.5362319E-01   1.4630147E+05   7.2218135E+04   2.1851960E+05   0.0000000E+00   0.0000000E+00   0.0000000E+00
   7.6811594E-01   1.3391924E+05   6.5865904E+04   1.9978514E+05   0.0000000E+00   0.0000000E+00   0.0000000E+00
   7.8260870E-01   1.2484413E+05   6.2836016E+04   1.8768015E+05   0.0000000E+00   0.0000000E+00   0.0000000E+00
   7.9710145E-01   1.1454223E+05   5.7133346E+04   1.7167558E+05   0.0000000E+00   0.0000000E+00   0.0000000E+00
   8.1159420E-01   1.0482475E+05   5.2473265E+04   1.5729802E+05   0.0000000E+00   0.0000000E+00   0.0000000E+00
   8.2608696E-01   9.8213309E+04   4.8441973E+04   1.4665528E+05   0.0000000E+00   0.0000000E+00   0.0000000E+00
   8.4057971E-01   8.8171808E+04   4.4641142E+04   1.3281295E+05   0.0000000E+00   0.0000000E+00   0.0000000E+00
   8.5507246E-01   8.0512733E+04   4.1071897E+04   1.2157179E+05   0.0000000E+00   0.0000000E+00   0.0000000E+00
   8.6956522E-01   7.1644003E+04   3.6535537E+04   1.0816691E+05   0.0000000E+00   0.0000000E+00   0.0000000E+00
   8.8405797E-01   6.5041136E+04   3.2756584E+04   9.7797720E+04   0.0000000E+00   0.0000000E+00   0.0000000E+00
   8.9855072E-01   5.7380221E+04   2.8855102E+04   8.6223102E+04   0.0000000E+00   0.0000000E+00   0.0000000E+00
   9.1304348E-01   5.0058731E+04   2.5486413E+04   7.5545145E+04   0.0000000E+00   0.0000000E+00   0.0000000E+00
   9.2753623E-01   4.1249291E+04   2.1453420E+04   6.2702711E+04   0.0000000E+00   0.0000000E+00   0.0000000E+00
   9.4202899E-01   3.5357159E+04   1.8430488E+04   5.3787647E+04   0.0000000E+00   0.0000000E+00   0.0000000E+00
   9.5652174E-01   2.6337090E+04   1.4374035E+04   4.0711125E+04   0.0000000E+00   0.0000000E+00   0.0000000E+00
   9.7101449E-01   1.8558894E+04   9.7714104E+03   2.8330304E+04   0.0000000E+00   0.0000000E+00   0.0000000E+00
   9.8550725E-01   6.3516163E+03   3.3206696E+03   9.6722859E+03   0.0000000E+00   0.0000000E+00   0.0000000E+00
   1.0000000E+00   0.0000000E+00   0.0000000E+00   0.0000000E+00   0.0000000E+00   0.0000000E+00   0.0000000E+00
