   0.0000000E+00   2.7884710E+05   1.8185680E+05   4.6070390E+05   0.0000000E+00   0.0000000E+00   0.0000000E+00
   1.4492754E-02   3.7886834E+05   1.8109907E+05   5.5996741E+05   0.0000000E+00   0.0000000E+00   0.0000000E+00
   2.8985507E-02   3.7697400E+05   1.8147794E+05   5.5845194E+05   0.0000000E+00   0.0000000E+00   0.0000000E+00
   4.3478261E-02   3.5260014E+05   1.7907844E+05   5.3167857E+05   0.0000000E+00   0.0000000E+00   0.0000000E+00
   5.7971014E-02   3.5499964E+05   1.7086962E+05   5.2586926E+05   0.0000000E+00   0.0000000E+00   0.0000000E+00
   7.2463768E-02   3.6522908E+05   1.7458253E+05   5.3981161E+05   0.0000000E+00   0.0000000E+00   0.0000000E+00
   8.6956522E-02   3.5537850E+05   1.7086962E+05   5.2624813E+05   0.0000000E+00   0.0000000E+00   0.0000000E+00
   1.0144928E-01   3.6295587E+05   1.8055783E+05   5.4351370E+05   0.0000000E+00   0.0000000E+00   0.0000000E+00
   1.1594203E-01   3.6854418E+05   1.8308813E+05   5.5163231E+05   0.0000000E+00   0.0000000E+00   0.0000000E+00
   1.3043478E-01   3.6556585E+05   1.8530872E+05   5.5087457E+05   0.0000000E+00   0.0000000E+00   0.0000000E+00
   1.4492754E-01   3.7477656E+05   1.8716096E+05   5.6193752E+05   0.0000000E+00   0.0000000E+00   0.0000000E+00
   1.5942029E-01   3.8940777E+05   1.9480721E+05   5.8421498E+05   0.0000000E+00   0.0000000E+00   0.0000000E+00
   1.7391304E-01   3.9888522E+05   1.9846387E+05   5.9734909E+05   0.0000000E+00   0.0000000E+00   0.0000000E+00
   1.8840580E-01   3.9553855E+05   2.0359802E+05   5.9907828E+05   0.0000000E+00   0.0000000E+00   0.0000000E+00
   2.0289855E-01   4.1442784E+05   2.0469715E+05   6.1907087E+05   0.0000000E+00   0.0000000E+00   0.0000000E+00
   2.1739130E-01   4.1261288E+05   2.0837759E+05   6.2093995E+05   0.0000000E+00   0.0000000E+00   0.0000000E+00
   2.3188406E-01   4.2613217E+05   2.1292401E+05   6.3905618E+05   0.0000000E+00   0.0000000E+00   0.0000000E+00
   2.4637681E-01   4.3592146E+05   2.2072424E+05   6.5664570E+05   0.0000000E+00   0.0000000E+00   0.0000000E+00
   2.6086957E-01   4.4508611E+05   2.1898590E+05   6.6394572E+05   0.0000000E+00   0.0000000E+00   0.0000000E+00
   2.7536232E-01   4.4511048E+05   2.2564601E+05   6.7075649E+05   0.0000000E+00   0.0000000E+00   0.0000000E+00
   2.8985507E-01   4.4445045E+05   2.2626017E+05   6.7071063E+05   0.0000000E+00   0.0000000E+00   0.0000000E+00
   3.0434783E-01   4.4883270E+05   2.2457872E+05   6.7337533E+05   0.0000000E+00   0.0000000E+00   0.0000000E+00
   3.1884058E-01   4.5729409E+05   2.3286626E+05   6.9016035E+05   0.0000000E+00   0.0000000E+00   0.0000000E+00
   3.3333333E-01   4.5661871E+05   2.2837525E+05   6.8492807E+05   0.0000000E+00   0.0000000E+00   0.0000000E+00
   3.4782609E-01   4.4368640E+05   2.2410062E+05   6.6769231E+05   0.0000000E+00   0.0000000E+00   0.0000000E+00
   3.6231884E-01   4.5130797E+05   2.2413851E+05   6.7538586E+05   0.0000000E+00   0.0000000E+00   0.0000000E+00
   3.7681159E-01   4.4621948E+05   2.2735015E+05   6.7351134E+05   0.0000000E+00   0.0000000E+00   0.0000000E+00
   3.9130435E-01   4.4285500E+05   2.2151169E+05   6.6433862E+05   0.0000000E+00   0.0000000E+00   0.0000000E+00
   4.0579710E-01   4.3672695E+05   2.1760574E+05   6.5430563E+05   0.0000000E+00   0.0000000E+00   0.0000000E+00
   4.2028986E-01   4.2595253E+05   2.1349884E+05   6.3932073E+05   0.0000000E+00   0.0000000E+00   0.0000000E+00
   4.3478261E-01   4.2054386E+05   2.0921110E+05   6.2970444E+05   0.0000000E+00   0.0000000E+00   0.0000000E+00
   4.4927536E-01   4.1421309E+05   2.0537108E+05   6.1955973E+05   0.0000000E+00   0.0000000E+00   0.0000000E+00
   4.6376812E-01   3.9759865E+05   2.0387853E+05   6.0147717E+05   0.0000000E+00   0.0000000E+00   0.0000000E+00
   4.7826087E-01   3.9439046E+05   1.9232735E+05   5.8664893E+05   7.8460293E-06   0.0000000E+00   5.2747035E-06
   4.9275362E-01   3.7494594E+05   1.8417459E+05   5.5905367E+05   0.0000000E+00   0.0000000E+00   0.0000000E+00
   5.0724638E-01   3.6399505E+05   1.7956194E+05   5.4353535E+05   0.0000000E+00   0.0000000E+00   0.0000000E+00
   5.2173913E-01   3.5485230E+05   1.7832070E+05   5.3315195E+05   0.0000000E+00   0.0000000E+00   0.0000000E+00
   5.3623188E-01   3.3840111E+05   1.6963062E+05   5.0801125E+05   0.0000000E+00   0.0000000E+00   0.0000000E+00
   5.5072464E-01   3.2600624E+05   1.6315267E+05   4.8911903E+05   0.0000000E+00   0.0000000E+00   0.0000000E+00
   5.6521739E-01   3.1158521E+05   1.5424799E+05   4.6583320E+05   0.0000000E+00   0.0000000E+00   0.0000000E+00
   5.7971014E-01   3.0013950E+05   1.4997503E+05   4.5005770E+05   0.0000000E+00   0.0000000E+00   0.0000000E+00
   5.9420290E-01   2.8243249E+05   1.4201094E+05   4.2438799E+05   0.0000000E+00   0.0000000E+00   0.0000000E+00
   6.0869565E-01   2.6802229E+05   1.3276629E+05   4.0077054E+05   0.0000000E+00   0.0000000E+00   0.0000000E+00
   6.2318841E-01   2.5472288E+05   1.2798701E+05   3.8267465E+05   0.0000000E+00   0.0000000E+00   0.0000000E+00
   6.3768116E-01   2.3656884E+05   1.2073845E+05   3.5730729E+05   0.0000000E+00   0.0000000E+00   0.0000000E+00
   6.5217391E-01   2.2317871E+05   1.1354263E+05   3.3670451E+05   0.0000000E+00   0.0000000E+00   0.0000000E+00
   6.6666667E-01   2.1081552E+05   1.0932823E+05   3.2012728E+05   0.0000000E+00   0.0000000E+00   0.0000000E+00
   6.8115942E-01   2.0159020E+05   9.9102285E+04   3.0069249E+05   0.0000000E+00   0.0000000E+00   0.0000000E+00
   6.9565217E-01   1.8869222E+05   9.4306645E+04   2.8296729E+05   0.0000000E+00   0.0000000E+00   0.0000000E+00
   7.1014493E-01   1.7782070E+05   8.9536641E+04   2.6732641E+05   0.0000000E+00   0.0000000E+00   0.0000000E+00
   7.2463768E-01   1.6685362E+05   8.4427021E+04   2.5128064E+05   0.0000000E+00   0.0000000E+00   0.0000000E+00
   7.3913043E-01   1.5380569E+05   7.8091451E+04   2.3188228E+05   0.0000000E+00   0.0000000E+00   0.0000000E+00
   7.5362319E-01   1.4673862E+05   7.1547829E+04   2.1828645E+05   0.0000000E+00   0.0000000E+00   0.0000000E+00
   7.6811594E-01   1.3431955E+05   6.8710991E+04   2.0301624E+05   0.0000000E+00   0.0000000E+00   0.0000000E+00
   7.8260870E-01   1.2498446E+05   6.3299077E+04   1.8828353E+05   0.0000000E+00   0.0000000E+00   0.0000000E+00
   7.9710145E-01   1.1547907E+05   5.7918637E+04   1.7339771E+05   0.0000000E+00   0.0000000E+00   0.0000000E+00
   8.1159420E-01   1.0394524E+05   5.3501622E+04   1.5744686E+05   0.0000000E+00   0.0000000E+00   0.0000000E+00
   8.2608696E-01   9.6498431E+04   4.9638400E+04   1.4613683E+05   0.0000000E+00   0.0000000E+00   0.0000000E+00
   8.4057971E-01   8.9948570E+04   4.4196952E+04   1.3414552E+05   0.0000000E+00   0.0000000E+00   0.0000000E+00
   8.5507246E-01   8.2066736E+04   4.1046211E+04   1.2311295E+05   0.0000000E+00   0.0000000E+00   0.0000000E+00
   8.6956522E-01   7.1719777E+04   3.6434506E+04   1.0815428E+05   0.0000000E+00   0.0000000E+00   0.0000000E+00
   8.8405797E-01   6.5028714E+04   3.2706897E+04   9.7735610E+04   0.0000000E+00   0.0000000E+00   0.0000000E+00
   8.9855072E-01   5.6732479E+04   2.8244024E+04   8.4976503E+04   0.0000000E+00   0.0000000E+00   0.0000000E+00
   9.1304348E-01   5.0636055E+04   2.6099819E+04   7.6735874E+04   0.0000000E+00   0.0000000E+00   0.0000000E+00
   9.2753623E-01   4.3025236E+04   2.0648325E+04   6.3673561E+04   0.0000000E+00   0.0000000E+00   0.0000000E+00
   9.4202899E-01   3.5135667E+04   1.8243968E+04   5.3367978E+04   0.0000000E+00   0.0000000E+00   0.0000000E+00
   9.5652174E-01   2.7450734E+04   1.4064052E+04   4.1514786E+04   0.0000000E+00   0.0000000E+00   0.0000000E+00
   9.7101449E-01   1.9791630E+04   9.0136737E+03   2.8805303E+04   0.0000000E+00   0.0000000E+00   0.0000000E+00
   9.8550725E-01   6.2290413E+03   3.3429560E+03   9.5719972E+03   0.0000000E+00   0.0000000E+00   0.0000000E+00
   1.0000000E+00   0.0000000E+00   0.0000000E+00   0.0000000E+00   0.0000000E+00   0.0000000E+00   0.0000000E+00
