   0.0000000E+00   3.8189929E+05   1.8791870E+05   5.6981799E+05   0.0000000E+00   0.0000000E+00   0.0000000E+00
   1.4492754E-02   3.7280645E+05   1.8034133E+05   5.5314778E+05   0.0000000E+00   0.0000000E+00   0.0000000E+00
   2.8985507E-02   3.5158982E+05   1.8261454E+05   5.3420436E+05   0.0000000E+00   0.0000000E+00   0.0000000E+00
   4.3478261E-02   3.4931661E+05   1.7528975E+05   5.2460636E+05   0.0000000E+00   0.0000000E+00   0.0000000E+00
   5.7971014E-02   3.5121095E+05   1.7333227E+05   5.2454322E+05   0.0000000E+00   0.0000000E+00   0.0000000E+00
   7.2463768E-02   3.4946816E+05   1.7246087E+05   5.2192903E+05   0.0000000E+00   0.0000000E+00   0.0000000E+00
   8.6956522E-02   3.4489648E+05   1.7617378E+05   5.2094397E+05   0.0000000E+00   0.0000000E+00   0.0000000E+00
   1.0144928E-01   3.6457959E+05   1.7969184E+05   5.4427144E+05   0.0000000E+00   0.0000000E+00   0.0000000E+00
   1.1594203E-01   3.6087210E+05   1.8233039E+05   5.4320249E+05   0.0000000E+00   0.0000000E+00   0.0000000E+00
   1.3043478E-01   3.5950396E+05   1.8118326E+05   5.4068722E+05   0.0000000E+00   0.0000000E+00   0.0000000E+00
   1.4492754E-01   3.7409460E+05   1.8958572E+05   5.6368032E+05   0.0000000E+00   0.0000000E+00   0.0000000E+00
   1.5942029E-01   3.9360976E+05   1.8888309E+05   5.8249285E+05   0.0000000E+00   0.0000000E+00   0.0000000E+00
   1.7391304E-01   3.9768547E+05   1.8829757E+05   5.8598304E+05   0.0000000E+00   0.0000000E+00   0.0000000E+00
   1.8840580E-01   4.0707946E+05   2.0493863E+05   6.1195980E+05   0.0000000E+00   0.0000000E+00   0.0000000E+00
   2.0289855E-01   4.1161339E+05   2.0377704E+05   6.1539044E+05   0.0000000E+00   0.0000000E+00   0.0000000E+00
   2.1739130E-01   4.2165521E+05   2.1353020E+05   6.3518540E+05   0.0000000E+00   0.0000000E+00   0.0000000E+00
   2.3188406E-01   4.2651104E+05   2.0932476E+05   6.3578844E+05   0.0000000E+00   0.0000000E+00   0.0000000E+00
   2.4637681E-01   4.2210391E+05   2.1524179E+05   6.3734570E+05   0.0000000E+00   0.0000000E+00   0.0000000E+00
   2.6086957E-01   4.3973986E+05   2.1902800E+05   6.5876785E+05   0.0000000E+00   0.0000000E+00   0.0000000E+00
   2.7536232E-01   4.3964680E+05   2.2209661E+05   6.6174341E+05   0.0000000E+00   0.0000000E+00   0.0000000E+00
   2.8985507E-01   4.4778449E+05   2.1769775E+05   6.6548224E+05   0.0000000E+00   0.0000000E+00   0.0000000E+00
   3.0434783E-01   4.5514717E+05   2.2782616E+05   6.8297333E+05   0.0000000E+00   0.0000000E+00   0.0000000E+00
   3.1884058E-01   4.5212770E+05   2.2924979E+05   6.8137749E+05   0.0000000E+00   0.0000000E+00   0.0000000E+00
   3.3333333E-01   4.5895782E+05   2.2738690E+05   6.8634471E+05   0.0000000E+00   0.0000000E+00   0.0000000E+00
   3.4782609E-01   4.5192679E+05   2.2596339E+05   6.7785861E+05   0.0000000E+00   0.0000000E+00   0.0000000E+00
   3.6231884E-01   4.4642814E+05   2.2347170E+05   6.6971799E+05   0.0000000E+00   0.0000000E+00   0.0000000E+00
   3.7681159E-01   4.4654006E+05   2.2717529E+05   6.7362791E+05   0.0000000E+00   0.0000000E+00   0.0000000E+00
   3.9130435E-01   4.4223758E+05   2.2159588E+05   6.6374927E+05   0.0000000E+00   0.0000000E+00   0.0000000E+00
   4.0579710E-01   4.3770118E+05   2.1671269E+05   6.5430563E+05   0.0000000E+00   0.0000000E+00   0.0000000E+00
   4.2028986E-01   4.2616156E+05   2.1480529E+05   6.4088846E+05   0.0000000E+00   0.0000000E+00   0.0000000E+00
   4.3478261E-01   4.2041757E+05   2.1113070E+05   6.3149775E+05   0.0000000E+00   0.0000000E+00   0.0000000E+00
   4.4927536E-01   4.1401755E+05   2.0986862E+05   6.2376395E+05   0.0000000E+00   0.0000000E+00   0.0000000E+00
   4.6376812E-01   4.0141101E+05   2.0089494E+05   6.0216387E+05   0.0000000E+00   0.0000000E+00   0.0000000E+00
   4.7826087E-01   3.9246168E+05   1.9602418E+05   5.8848586E+05   0.0000000E+00   0.0000000E+00   0.0000000E+00
   4.9275362E-01   3.7610483E+05   1.9050392E+05   5.6660875E+05   0.0000000E+00   0.0000000E+00   0.0000000E+00
   5.0724638E-01   3.6416825E+05   1.8250629E+05   5.4665289E+05   0.0000000E+00   0.0000000E+00   0.0000000E+00
   5.2173913E-01   3.5161087E+05   1.7653160E+05   5.2805828E+05   0.0000000E+00   0.0000000E+00   0.0000000E+00
   5.3623188E-01   3.4329568E+05   1.6877049E+05   5.1200473E+05   0.0000000E+00   0.0000000E+00   0.0000000E+00
   5.5072464E-01   3.3180891E+05   1.6325237E+05   4.9500146E+05   0.0000000E+00   0.0000000E+00   0.0000000E+00
   5.6521739E-01   3.1364470E+05   1.5622976E+05   4.6979674E+05   0.0000000E+00   0.0000000E+00   0.0000000E+00
   5.7971014E-01   2.9547942E+05   1.4576959E+05   4.4121113E+05   0.0000000E+00   0.0000000E+00   0.0000000E+00
   5.9420290E-01   2.7740555E+05   1.4101295E+05   4.1838154E+05   0.0000000E+00   0.0000000E+00   0.0000000E+00
   6.0869565E-01   2.6874394E+05   1.3527404E+05   4.0398190E+05   0.0000000E+00   0.0000000E+00   0.0000000E+00
   6.2318841E-01   2.5572732E+05   1.2837469E+05   3.8408439E+05   0.0000000E+00   0.0000000E+00   0.0000000E+00
   6.3768116E-01   2.4180411E+05   1.1973962E+05   3.6150928E+05   0.0000000E+00   0.0000000E+00   0.0000000E+00
   6.5217391E-01   2.2663062E+05   1.1539488E+05   3.4195815E+05   0.0000000E+00   0.0000000E+00   0.0000000E+00
   6.6666667E-01   2.1615263E+05   1.0552307E+05   3.2167569E+05   0.0000000E+00   0.0000000E+00   0.0000000E+00
   6.8115942E-01   1.9978453E+05   1.0340687E+05   3.0317528E+05   0.0000000E+00   0.0000000E+00   0.0000000E+00
   6.9565217E-01   1.8632429E+05   9.6469352E+04   2.8277786E+05   0.0000000E+00   0.0000000E+00   0.0000000E+00
   7.1014493E-01   1.7412480E+05   9.0526338E+04   2.6463567E+05   0.0000000E+00   0.0000000E+00   0.0000000E+00
   7.2463768E-01   1.6756589E+05   8.3487428E+04   2.5102301E+05   0.0000000E+00   0.0000000E+00   0.0000000E+00
   7.3913043E-01   1.5563317E+05   7.7170281E+04   2.3280345E+05   0.0000000E+00   0.0000000E+00   0.0000000E+00
   7.5362319E-01   1.4601003E+05   7.2116132E+04   2.1811159E+05   0.0000000E+00   0.0000000E+00   0.0000000E+00
   7.6811594E-01   1.3190337E+05   6.7324190E+04   1.9922756E+05   0.0000000E+00   0.0000000E+00   0.0000000E+00
   7.8260870E-01   1.2365140E+05   6.3972621E+04   1.8762402E+05   0.0000000E+00   0.0000000E+00   0.0000000E+00
   7.9710145E-01   1.1456979E+05   5.8345725E+04   1.7290173E+05   0.0000000E+00   0.0000000E+00   0.0000000E+00
   8.1159420E-01   1.0588017E+05   5.1918494E+04   1.5779866E+05   0.0000000E+00   0.0000000E+00   0.0000000E+00
   8.2608696E-01   9.5847044E+04   4.8694552E+04   1.4450172E+05   0.0000000E+00   0.0000000E+00   0.0000000E+00
   8.4057971E-01   9.0392761E+04   4.4497434E+04   1.3487713E+05   0.0000000E+00   0.0000000E+00   0.0000000E+00
   8.5507246E-01   8.0307246E+04   4.0673764E+04   1.2098101E+05   0.0000000E+00   0.0000000E+00   0.0000000E+00
   8.6956522E-01   7.2515401E+04   3.6598682E+04   1.0911408E+05   0.0000000E+00   0.0000000E+00   0.0000000E+00
   8.8405797E-01   6.4755432E+04   3.2831116E+04   9.7586547E+04   0.0000000E+00   0.0000000E+00   0.0000000E+00
   8.9855072E-01   5.8284617E+04   2.8696222E+04   8.6980838E+04   0.0000000E+00   0.0000000E+00   0.0000000E+00
   9.1304348E-01   4.9505463E+04   2.3922830E+04   7.3428293E+04   0.0000000E+00   0.0000000E+00   0.0000000E+00
   9.2753623E-01   4.2587170E+04   2.1406061E+04   6.3993231E+04   0.0000000E+00   0.0000000E+00   0.0000000E+00
   9.4202899E-01   3.5648597E+04   1.7987503E+04   5.3636100E+04   0.0000000E+00   0.0000000E+00   0.0000000E+00
   9.5652174E-01   2.8644743E+04   1.3685184E+04   4.2329927E+04   0.0000000E+00   0.0000000E+00   0.0000000E+00
   9.7101449E-01   2.0029129E+04   9.2624827E+03   2.9291612E+04   0.0000000E+00   0.0000000E+00   0.0000000E+00
   9.8550725E-01   6.1844685E+03   3.0643763E+03   9.2488448E+03   0.0000000E+00   0.0000000E+00   0.0000000E+00
   1.0000000E+00   0.0000000E+00   0.0000000E+00   0.0000000E+00   0.0000000E+00   0.0000000E+00   0.0000000E+00
