   0.0000000E+00   3.8189929E+05   1.4548544E+05   5.2738473E+05   0.0000000E+00   0.0000000E+00   0.0000000E+00
   1.4492754E-02   3.7053324E+05   1.5685149E+05   5.2738473E+05   0.0000000E+00   0.0000000E+00   0.0000000E+00
   2.8985507E-02   3.6674456E+05   1.8375115E+05   5.5049570E+05   0.0000000E+00   0.0000000E+00   0.0000000E+00
   4.3478261E-02   3.5462077E+05   1.6796496E+05   5.2258573E+05   0.0000000E+00   0.0000000E+00   0.0000000E+00
   5.7971014E-02   3.4723284E+05   1.7162736E+05   5.1886019E+05   0.0000000E+00   0.0000000E+00   0.0000000E+00
   7.2463768E-02   3.5189292E+05   1.7579491E+05   5.2768783E+05   0.0000000E+00   0.0000000E+00   0.0000000E+00
   8.6956522E-02   3.5638882E+05   1.8122536E+05   5.3761418E+05   0.0000000E+00   0.0000000E+00   0.0000000E+00
   1.0144928E-01   3.5364654E+05   1.8564549E+05   5.3929202E+05   0.0000000E+00   0.0000000E+00   0.0000000E+00
   1.1594203E-01   3.6532380E+05   1.8337228E+05   5.4869608E+05   0.0000000E+00   0.0000000E+00   0.0000000E+00
   1.3043478E-01   3.7558482E+05   1.8960256E+05   5.6518737E+05   0.0000000E+00   0.0000000E+00   0.0000000E+00
   1.4492754E-01   3.8803696E+05   1.9178315E+05   5.7982011E+05   0.0000000E+00   0.0000000E+00   0.0000000E+00
   1.5942029E-01   3.8775453E+05   1.9646046E+05   5.8414610E+05   0.0000000E+00   0.0000000E+00   0.0000000E+00
   1.7391304E-01   3.9718031E+05   1.9985305E+05   5.9703336E+05   0.0000000E+00   0.0000000E+00   0.0000000E+00
   1.8840580E-01   4.0130901E+05   2.0010077E+05   6.0140978E+05   0.0000000E+00   0.0000000E+00   0.0000000E+00
   2.0289855E-01   4.0766234E+05   2.0632087E+05   6.1398321E+05   0.0000000E+00   0.0000000E+00   0.0000000E+00
   2.1739130E-01   4.1438093E+05   2.0923636E+05   6.2356678E+05   0.0000000E+00   0.0000000E+00   0.0000000E+00
   2.3188406E-01   4.2906840E+05   2.1434476E+05   6.4331844E+05   0.0000000E+00   0.0000000E+00   0.0000000E+00
   2.4637681E-01   4.3436141E+05   2.1501893E+05   6.4933577E+05   0.0000000E+00   0.0000000E+00   0.0000000E+00
   2.6086957E-01   4.3940308E+05   2.2235362E+05   6.6175670E+05   0.0000000E+00   0.0000000E+00   0.0000000E+00
   2.7536232E-01   4.4363489E+05   2.2205673E+05   6.6565174E+05   0.0000000E+00   0.0000000E+00   0.0000000E+00
   2.8985507E-01   4.4933785E+05   2.2425217E+05   6.7340059E+05   0.0000000E+00   0.0000000E+00   0.0000000E+00
   3.0434783E-01   4.4789455E+05   2.3092928E+05   6.7878774E+05   0.0000000E+00   0.0000000E+00   0.0000000E+00
   3.1884058E-01   4.5264434E+05   2.2735545E+05   6.7996535E+05   0.0000000E+00   0.0000000E+00   0.0000000E+00
   3.3333333E-01   4.4755882E+05   2.2807874E+05   6.7563756E+05   0.0000000E+00   0.0000000E+00   0.0000000E+00
   3.4782609E-01   4.5931472E+05   2.2331132E+05   6.8256289E+05   0.0000000E+00   0.0000000E+00   0.0000000E+00
   3.6231884E-01   4.4794362E+05   2.2374449E+05   6.7159718E+05   0.0000000E+00   0.0000000E+00   0.0000000E+00
   3.7681159E-01   4.4251822E+05   2.2289116E+05   6.6538024E+05   0.0000000E+00   0.0000000E+00   0.0000000E+00
   3.9130435E-01   4.4321983E+05   2.2496360E+05   6.6818343E+05   0.0000000E+00   0.0000000E+00   0.0000000E+00
   4.0579710E-01   4.3296533E+05   2.1733512E+05   6.5016514E+05   0.0000000E+00   0.0000000E+00   0.0000000E+00
   4.2028986E-01   4.3083863E+05   2.1245369E+05   6.4321393E+05   0.0000000E+00   0.0000000E+00   0.0000000E+00
   4.3478261E-01   4.1455774E+05   2.1322710E+05   6.2770907E+05   0.0000000E+00   0.0000000E+00   0.0000000E+00
   4.4927536E-01   4.0597576E+05   2.0634881E+05   6.1225124E+05   0.0000000E+00   0.0000000E+00   0.0000000E+00
   4.6376812E-01   4.0183724E+05   1.9914267E+05   6.0097991E+05   0.0000000E+00   0.0000000E+00   0.0000000E+00
   4.7826087E-01   3.9574520E+05   1.9540422E+05   5.9114942E+05   0.0000000E+00   0.0000000E+00   0.0000000E+00
   4.9275362E-01   3.7824432E+05   1.8542262E+05   5.6366695E+05   0.0000000E+00   0.0000000E+00   0.0000000E+00
   5.0724638E-01   3.6431980E+05   1.8389187E+05   5.4810342E+05   0.0000000E+00   0.0000000E+00   0.0000000E+00
   5.2173913E-01   3.5321054E+05   1.7693152E+05   5.3012100E+05   0.0000000E+00   0.0000000E+00   0.0000000E+00
   5.3623188E-01   3.4210787E+05   1.6854521E+05   5.1046877E+05   0.0000000E+00   0.0000000E+00   0.0000000E+00
   5.5072464E-01   3.2576695E+05   1.6572499E+05   4.9145206E+05   4.0147336E-10   0.0000000E+00   2.6612311E-10
   5.6521739E-01   3.1434415E+05   1.5704579E+05   4.7133165E+05   0.0000000E+00   0.0000000E+00   0.0000000E+00
   5.7971014E-01   2.9349036E+05   1.4736084E+05   4.4083226E+05   0.0000000E+00   0.0000000E+00   0.0000000E+00
   5.9420290E-01   2.8884553E+05   1.4123473E+05   4.3006177E+05   0.0000000E+00   0.0000000E+00   0.0000000E+00
   6.0869565E-01   2.6941147E+05   1.3502146E+05   4.0436077E+05   0.0000000E+00   0.0000000E+00   0.0000000E+00
   6.2318841E-01   2.5415898E+05   1.2807512E+05   3.8216362E+05   0.0000000E+00   0.0000000E+00   0.0000000E+00
   6.3768116E-01   2.4211409E+05   1.2004960E+05   3.6214647E+05   0.0000000E+00   0.0000000E+00   0.0000000E+00
   6.5217391E-01   2.2922377E+05   1.1019175E+05   3.3938184E+05   0.0000000E+00   0.0000000E+00   0.0000000E+00
   6.6666667E-01   2.1032135E+05   1.0489711E+05   3.1520199E+05   0.0000000E+00   0.0000000E+00   0.0000000E+00
   6.8115942E-01   2.0078410E+05   1.0298770E+05   3.0375568E+05   0.0000000E+00   0.0000000E+00   0.0000000E+00
   6.9565217E-01   1.8793448E+05   9.5017023E+04   2.8293572E+05   0.0000000E+00   0.0000000E+00   0.0000000E+00
   7.1014493E-01   1.7627430E+05   8.7433535E+04   2.6370783E+05   0.0000000E+00   0.0000000E+00   0.0000000E+00
   7.2463768E-01   1.6547454E+05   8.2866084E+04   2.4834062E+05   0.0000000E+00   0.0000000E+00   0.0000000E+00
   7.3913043E-01   1.5337482E+05   7.8685754E+04   2.3203086E+05   0.0000000E+00   0.0000000E+00   0.0000000E+00
   7.5362319E-01   1.4394083E+05   7.1037814E+04   2.1497864E+05   0.0000000E+00   0.0000000E+00   0.0000000E+00
   7.6811594E-01   1.3466268E+05   6.7124033E+04   2.0178671E+05   0.0000000E+00   0.0000000E+00   0.0000000E+00
   7.8260870E-01   1.2231835E+05   6.4449715E+04   1.8675403E+05   0.0000000E+00   0.0000000E+00   0.0000000E+00
   7.9710145E-01   1.1542396E+05   5.7932414E+04   1.7335638E+05   0.0000000E+00   0.0000000E+00   0.0000000E+00
   8.1159420E-01   1.0711149E+05   5.3515153E+04   1.6061311E+05   0.0000000E+00   0.0000000E+00   0.0000000E+00
   8.2608696E-01   9.9343267E+04   4.9532051E+04   1.4887532E+05   0.0000000E+00   0.0000000E+00   0.0000000E+00
   8.4057971E-01   8.8903416E+04   4.6091293E+04   1.3498165E+05   0.0000000E+00   0.0000000E+00   0.0000000E+00
   8.5507246E-01   8.0602634E+04   4.0147201E+04   1.2074984E+05   0.0000000E+00   0.0000000E+00   0.0000000E+00
   8.6956522E-01   7.2300709E+04   3.6586053E+04   1.0888676E+05   0.0000000E+00   0.0000000E+00   0.0000000E+00
   8.8405797E-01   6.5711919E+04   3.1029938E+04   9.6741857E+04   0.0000000E+00   0.0000000E+00   0.0000000E+00
   8.9855072E-01   5.7734647E+04   2.9209527E+04   8.6931952E+04   0.0000000E+00   0.0000000E+00   0.0000000E+00
   9.1304348E-01   4.9830208E+04   2.4139326E+04   7.3969533E+04   0.0000000E+00   0.0000000E+00   0.0000000E+00
   9.2753623E-01   4.1876791E+04   2.1571816E+04   6.3448608E+04   0.0000000E+00   0.0000000E+00   0.0000000E+00
   9.4202899E-01   3.4424560E+04   1.8010818E+04   5.2435379E+04   0.0000000E+00   0.0000000E+00   0.0000000E+00
   9.5652174E-01   2.7301482E+04   1.4798827E+04   4.2100309E+04   0.0000000E+00   0.0000000E+00   0.0000000E+00
   9.7101449E-01   1.8615442E+04   9.6243868E+03   2.8239828E+04   0.0000000E+00   0.0000000E+00   0.0000000E+00
   9.8550725E-01   6.1064662E+03   3.2426673E+03   9.3491335E+03   0.0000000E+00   0.0000000E+00   0.0000000E+00
   1.0000000E+00   0.0000000E+00   0.0000000E+00   0.0000000E+00   0.0000000E+00   0.0000000E+00   0.0000000E+00
