   0.0000000E+00   3.4552793E+05   1.2729976E+05   4.7282769E+05   0.0000000E+00   0.0000000E+00   0.0000000E+00
   1.4492754E-02   3.2506904E+05   1.6367112E+05   4.8874016E+05   0.0000000E+00   0.0000000E+00   0.0000000E+00
   2.8985507E-02   3.5310529E+05   1.6821754E+05   5.2132284E+05   0.0000000E+00   0.0000000E+00   0.0000000E+00
   4.3478261E-02   3.5739914E+05   1.7453202E+05   5.3193115E+05   0.0000000E+00   0.0000000E+00   0.0000000E+00
   5.7971014E-02   3.6162983E+05   1.8072020E+05   5.4235003E+05   0.0000000E+00   0.0000000E+00   0.0000000E+00
   7.2463768E-02   3.6689610E+05   1.7276396E+05   5.3966007E+05   0.0000000E+00   0.0000000E+00   0.0000000E+00
   8.6956522E-02   3.7419563E+05   1.7933102E+05   5.5352665E+05   0.0000000E+00   0.0000000E+00   0.0000000E+00
   1.0144928E-01   3.5938368E+05   1.8218155E+05   5.4156523E+05   0.0000000E+00   0.0000000E+00   0.0000000E+00
   1.1594203E-01   3.6541852E+05   1.7513189E+05   5.4055041E+05   0.0000000E+00   0.0000000E+00   0.0000000E+00
   1.3043478E-01   3.6682875E+05   1.8598226E+05   5.5272681E+05   0.0000000E+00   0.0000000E+00   0.0000000E+00
   1.4492754E-01   3.8106578E+05   1.8700941E+05   5.6807519E+05   0.0000000E+00   0.0000000E+00   0.0000000E+00
   1.5942029E-01   3.8300145E+05   1.8991637E+05   5.7291782E+05   0.0000000E+00   0.0000000E+00   0.0000000E+00
   1.7391304E-01   3.8972923E+05   1.9890588E+05   5.8863511E+05   0.0000000E+00   0.0000000E+00   0.0000000E+00
   1.8840580E-01   3.9926895E+05   1.9910989E+05   5.9826226E+05   0.0000000E+00   0.0000000E+00   0.0000000E+00
   2.0289855E-01   4.1437372E+05   2.0393942E+05   6.1831313E+05   0.0000000E+00   0.0000000E+00   0.0000000E+00
   2.1739130E-01   4.1720982E+05   2.0873120E+05   6.2594102E+05   0.0000000E+00   0.0000000E+00   0.0000000E+00
   2.3188406E-01   4.1656574E+05   2.1349231E+05   6.3005805E+05   0.0000000E+00   0.0000000E+00   0.0000000E+00
   2.4637681E-01   4.3471799E+05   2.1559837E+05   6.5027179E+05   0.0000000E+00   0.0000000E+00   0.0000000E+00
   2.6086957E-01   4.3666681E+05   2.2315345E+05   6.5982027E+05   0.0000000E+00   0.0000000E+00   0.0000000E+00
   2.7536232E-01   4.5049440E+05   2.1810852E+05   6.6860292E+05   0.0000000E+00   0.0000000E+00   0.0000000E+00
   2.8985507E-01   4.4763295E+05   2.2781353E+05   6.7540859E+05   0.0000000E+00   0.0000000E+00   0.0000000E+00
   3.0434783E-01   4.5572449E+05   2.2627461E+05   6.8196302E+05   0.0000000E+00   0.0000000E+00   0.0000000E+00
   3.1884058E-01   4.4902787E+05   2.2942200E+05   6.7841543E+05   0.0000000E+00   0.0000000E+00   0.0000000E+00
   3.3333333E-01   4.4630691E+05   2.2853997E+05   6.7478099E+05   0.0000000E+00   0.0000000E+00   0.0000000E+00
   3.4782609E-01   4.5180050E+05   2.2703685E+05   6.7877421E+05   0.0000000E+00   0.0000000E+00   0.0000000E+00
   3.6231884E-01   4.5333870E+05   2.2389604E+05   6.7711350E+05   0.0000000E+00   0.0000000E+00   0.0000000E+00
   3.7681159E-01   4.4942528E+05   2.2618440E+05   6.7558054E+05   0.0000000E+00   0.0000000E+00   0.0000000E+00
   3.9130435E-01   4.4608239E+05   2.1979977E+05   6.6585410E+05   0.0000000E+00   0.0000000E+00   0.0000000E+00
   4.0579710E-01   4.2868953E+05   2.2006838E+05   6.4873085E+05   0.0000000E+00   0.0000000E+00   0.0000000E+00
   4.2028986E-01   4.2903574E+05   2.1362949E+05   6.4250845E+05   0.0000000E+00   0.0000000E+00   0.0000000E+00
   4.3478261E-01   4.1554280E+05   2.0976677E+05   6.2528431E+05   0.0000000E+00   0.0000000E+00   0.0000000E+00
   4.4927536E-01   4.0648907E+05   2.0710655E+05   6.1359561E+05   0.0000000E+00   0.0000000E+00   0.0000000E+00
   4.6376812E-01   4.0205035E+05   1.9921371E+05   6.0121670E+05   0.0000000E+00   0.0000000E+00   0.0000000E+00
   4.7826087E-01   3.9177283E+05   1.9310805E+05   5.8485791E+05   0.0000000E+00   0.0000000E+00   0.0000000E+00
   4.9275362E-01   3.7750887E+05   1.8938960E+05   5.6687619E+05   0.0000000E+00   0.0000000E+00   0.0000000E+00
   5.0724638E-01   3.6496929E+05   1.8244134E+05   5.4741063E+05   0.0000000E+00   0.0000000E+00   0.0000000E+00
   5.2173913E-01   3.5135829E+05   1.7627902E+05   5.2759521E+05   0.0000000E+00   0.0000000E+00   0.0000000E+00
   5.3623188E-01   3.3848302E+05   1.6915959E+05   5.0754022E+05   0.0000000E+00   0.0000000E+00   0.0000000E+00
   5.5072464E-01   3.2076190E+05   1.6355148E+05   4.8427350E+05   0.0000000E+00   0.0000000E+00   0.0000000E+00
   5.6521739E-01   3.0987545E+05   1.5710407E+05   4.6696009E+05   0.0000000E+00   0.0000000E+00   0.0000000E+00
   5.7971014E-01   2.9517633E+05   1.4936884E+05   4.4452623E+05   0.0000000E+00   0.0000000E+00   0.0000000E+00
   5.9420290E-01   2.8452088E+05   1.4299046E+05   4.2751134E+05   0.0000000E+00   0.0000000E+00   0.0000000E+00
   6.0869565E-01   2.6878003E+05   1.3527404E+05   4.0403602E+05   0.0000000E+00   0.0000000E+00   0.0000000E+00
   6.2318841E-01   2.5706658E+05   1.2647154E+05   3.8352049E+05   0.0000000E+00   0.0000000E+00   0.0000000E+00
   6.3768116E-01   2.3861817E+05   1.1829303E+05   3.5687676E+05   0.0000000E+00   0.0000000E+00   0.0000000E+00
   6.5217391E-01   2.3058769E+05   1.1280173E+05   3.4338943E+05   0.0000000E+00   0.0000000E+00   0.0000000E+00
   6.6666667E-01   2.1354996E+05   1.0745036E+05   3.2100032E+05   0.0000000E+00   0.0000000E+00   0.0000000E+00
   6.8115942E-01   1.9920414E+05   1.0579294E+05   3.0498095E+05   0.0000000E+00   0.0000000E+00   0.0000000E+00
   6.9565217E-01   1.8962361E+05   9.4227714E+04   2.8383553E+05   0.0000000E+00   0.0000000E+00   0.0000000E+00
   7.1014493E-01   1.7887225E+05   8.9907777E+04   2.6878003E+05   0.0000000E+00   0.0000000E+00   0.0000000E+00
   7.2463768E-01   1.6655052E+05   8.3032786E+04   2.4956815E+05   0.0000000E+00   0.0000000E+00   0.0000000E+00
   7.3913043E-01   1.5740122E+05   7.8032021E+04   2.3543325E+05   0.0000000E+00   0.0000000E+00   0.0000000E+00
   7.5362319E-01   1.4329966E+05   7.3121590E+04   2.1640668E+05   0.0000000E+00   0.0000000E+00   0.0000000E+00
   7.6811594E-01   1.3725042E+05   6.6294811E+04   2.0354523E+05   0.0000000E+00   0.0000000E+00   0.0000000E+00
   7.8260870E-01   1.2407237E+05   6.3467463E+04   1.8753983E+05   0.0000000E+00   0.0000000E+00   0.0000000E+00
   7.9710145E-01   1.1459734E+05   5.8428387E+04   1.7302573E+05   0.0000000E+00   0.0000000E+00   0.0000000E+00
   8.1159420E-01   1.0866756E+05   5.3055099E+04   1.6172266E+05   0.0000000E+00   0.0000000E+00   0.0000000E+00
   8.2608696E-01   9.9489497E+04   4.9186416E+04   1.4867591E+05   0.0000000E+00   0.0000000E+00   0.0000000E+00
   8.4057971E-01   8.8211002E+04   4.4131630E+04   1.3231650E+05   0.0000000E+00   0.0000000E+00   0.0000000E+00
   8.5507246E-01   8.1899777E+04   3.9928870E+04   1.2182865E+05   0.0000000E+00   0.0000000E+00   0.0000000E+00
   8.6956522E-01   7.2780609E+04   3.6522908E+04   1.0929089E+05   0.0000000E+00   0.0000000E+00   0.0000000E+00
   8.8405797E-01   6.3600194E+04   3.2371505E+04   9.5959277E+04   0.0000000E+00   0.0000000E+00   0.0000000E+00
   8.9855072E-01   5.7355778E+04   2.7987371E+04   8.5343149E+04   0.0000000E+00   0.0000000E+00   0.0000000E+00
   9.1304348E-01   5.0311310E+04   2.5233834E+04   7.5545145E+04   0.0000000E+00   0.0000000E+00   0.0000000E+00
   9.2753623E-01   4.2397735E+04   2.0281296E+04   6.2679031E+04   0.0000000E+00   0.0000000E+00   0.0000000E+00
   9.4202899E-01   3.5741857E+04   1.6938329E+04   5.2680186E+04   0.0000000E+00   0.0000000E+00   0.0000000E+00
   9.5652174E-01   2.7577023E+04   1.3432605E+04   4.1009628E+04   0.0000000E+00   0.0000000E+00   0.0000000E+00
   9.7101449E-01   1.9542821E+04   9.9862909E+03   2.9529112E+04   0.0000000E+00   0.0000000E+00   0.0000000E+00
   9.8550725E-01   6.6636255E+03   3.2649537E+03   9.9285792E+03   0.0000000E+00   0.0000000E+00   0.0000000E+00
   1.0000000E+00   0.0000000E+00   0.0000000E+00   0.0000000E+00   0.0000000E+00   0.0000000E+00   0.0000000E+00
