   0.0000000E+00   3.3340414E+05   1.6973302E+05   5.0313716E+05   0.0000000E+00   0.0000000E+00   0.0000000E+00
   1.4492754E-02   3.4780114E+05   1.6973302E+05   5.1753416E+05   0.0000000E+00   0.0000000E+00   0.0000000E+00
   2.8985507E-02   3.5121095E+05   1.8943417E+05   5.4064512E+05   0.0000000E+00   0.0000000E+00   0.0000000E+00
   4.3478261E-02   3.3719282E+05   1.8640322E+05   5.2359605E+05   0.0000000E+00   0.0000000E+00   0.0000000E+00
   5.7971014E-02   3.5064265E+05   1.7409000E+05   5.2473265E+05   0.0000000E+00   0.0000000E+00   0.0000000E+00
   7.2463768E-02   3.5795481E+05   1.8670632E+05   5.4466113E+05   0.0000000E+00   0.0000000E+00   0.0000000E+00
   8.6956522E-02   3.5638882E+05   1.7945730E+05   5.3584613E+05   0.0000000E+00   0.0000000E+00   0.0000000E+00
   1.0144928E-01   3.6815178E+05   1.8239804E+05   5.5054983E+05   0.0000000E+00   0.0000000E+00   0.0000000E+00
   1.1594203E-01   3.5272643E+05   1.8072020E+05   5.3344663E+05   0.0000000E+00   0.0000000E+00   0.0000000E+00
   1.3043478E-01   3.7398515E+05   1.9819024E+05   5.7217539E+05   0.0000000E+00   0.0000000E+00   0.0000000E+00
   1.4492754E-01   3.7106365E+05   1.7890163E+05   5.4996529E+05   0.0000000E+00   0.0000000E+00   0.0000000E+00
   1.5942029E-01   3.8410361E+05   1.9604715E+05   5.8008187E+05   0.0000000E+00   0.0000000E+00   0.0000000E+00
   1.7391304E-01   3.8139413E+05   2.0888275E+05   5.9021373E+05   0.0000000E+00   0.0000000E+00   0.0000000E+00
   1.8840580E-01   4.1185903E+05   2.0138310E+05   6.1318384E+05   0.0000000E+00   0.0000000E+00   0.0000000E+00
   2.0289855E-01   4.1615981E+05   2.0377704E+05   6.1993686E+05   0.0000000E+00   0.0000000E+00   0.0000000E+00
   2.1739130E-01   4.2210985E+05   2.0650850E+05   6.2861835E+05   0.0000000E+00   0.0000000E+00   0.0000000E+00
   2.3188406E-01   4.2660575E+05   2.1183476E+05   6.3844051E+05   0.0000000E+00   0.0000000E+00   0.0000000E+00
   2.4637681E-01   4.3574317E+05   2.1528636E+05   6.5098496E+05   0.0000000E+00   0.0000000E+00   0.0000000E+00
   2.6086957E-01   4.3064702E+05   2.1721785E+05   6.4773858E+05   0.0000000E+00   0.0000000E+00   0.0000000E+00
   2.7536232E-01   4.4259799E+05   2.2117935E+05   6.6373745E+05   0.0000000E+00   0.0000000E+00   0.0000000E+00
   2.8985507E-01   4.3793392E+05   2.2538878E+05   6.6324692E+05   0.0000000E+00   0.0000000E+00   0.0000000E+00
   3.0434783E-01   4.4944610E+05   2.2526429E+05   6.7456606E+05   0.0000000E+00   0.0000000E+00   0.0000000E+00
   3.1884058E-01   4.5725965E+05   2.2742433E+05   6.8468398E+05   0.0000000E+00   0.0000000E+00   0.0000000E+00
   3.3333333E-01   4.5474085E+05   2.2959422E+05   6.8430212E+05   0.0000000E+00   0.0000000E+00   0.0000000E+00
   3.4782609E-01   4.5451572E+05   2.3152013E+05   6.8597271E+05   0.0000000E+00   0.0000000E+00   0.0000000E+00
   3.6231884E-01   4.4745867E+05   2.2516903E+05   6.7259739E+05   0.0000000E+00   0.0000000E+00   0.0000000E+00
   3.7681159E-01   4.4245994E+05   2.2440663E+05   6.6677914E+05   0.0000000E+00   0.0000000E+00   0.0000000E+00
   3.9130435E-01   4.4142371E+05   2.2344813E+05   6.6478765E+05   0.0000000E+00   0.0000000E+00   0.0000000E+00
   4.0579710E-01   4.3667283E+05   2.2266634E+05   6.5931210E+05   0.0000000E+00   0.0000000E+00   0.0000000E+00
   4.2028986E-01   4.2279094E+05   2.1378626E+05   6.3644656E+05   0.0000000E+00   0.0000000E+00   0.0000000E+00
   4.3478261E-01   4.1647734E+05   2.1325236E+05   6.2962867E+05   0.0000000E+00   0.0000000E+00   0.0000000E+00
   4.4927536E-01   4.1235541E+05   2.0754652E+05   6.1982861E+05   0.0000000E+00   0.0000000E+00   0.0000000E+00
   4.6376812E-01   4.0053488E+05   2.0146324E+05   6.0192708E+05   0.0000000E+00   0.0000000E+00   0.0000000E+00
   4.7826087E-01   3.8940777E+05   1.9443983E+05   5.8382463E+05   0.0000000E+00   0.0000000E+00   0.0000000E+00
   4.9275362E-01   3.8123070E+05   1.8869872E+05   5.6988485E+05   0.0000000E+00   0.0000000E+00   0.0000000E+00
   5.0724638E-01   3.6544558E+05   1.8339393E+05   5.4877456E+05   0.0000000E+00   0.0000000E+00   0.0000000E+00
   5.2173913E-01   3.5497859E+05   1.7691047E+05   5.3184696E+05   0.0000000E+00   0.0000000E+00   0.0000000E+00
   5.3623188E-01   3.3684468E+05   1.7206767E+05   5.0878946E+05   0.0000000E+00   0.0000000E+00   0.0000000E+00
   5.5072464E-01   3.2317470E+05   1.6259434E+05   4.8570921E+05   0.0000000E+00   0.0000000E+00   0.0000000E+00
   5.6521739E-01   3.1032232E+05   1.5492801E+05   4.6525032E+05   0.0000000E+00   0.0000000E+00   0.0000000E+00
   5.7971014E-01   2.9614244E+05   1.4961511E+05   4.4573860E+05   0.0000000E+00   0.0000000E+00   0.0000000E+00
   5.9420290E-01   2.8017776E+05   1.4171524E+05   4.2183756E+05   0.0000000E+00   0.0000000E+00   0.0000000E+00
   6.0869565E-01   2.6957385E+05   1.3476888E+05   4.0425252E+05   0.0000000E+00   0.0000000E+00   0.0000000E+00
   6.2318841E-01   2.5657317E+05   1.2786366E+05   3.8443683E+05   0.0000000E+00   0.0000000E+00   0.0000000E+00
   6.3768116E-01   2.3982366E+05   1.1948130E+05   3.5927052E+05   0.0000000E+00   0.0000000E+00   0.0000000E+00
   6.5217391E-01   2.2807874E+05   1.1071375E+05   3.3875881E+05   0.0000000E+00   0.0000000E+00   0.0000000E+00
   6.6666667E-01   2.1458773E+05   1.0817515E+05   3.2274641E+05   0.0000000E+00   0.0000000E+00   0.0000000E+00
   6.8115942E-01   2.0315404E+05   9.9988998E+04   3.0312692E+05   0.0000000E+00   0.0000000E+00   0.0000000E+00
   6.9565217E-01   1.8809235E+05   9.3170040E+04   2.8124660E+05   0.0000000E+00   0.0000000E+00   0.0000000E+00
   7.1014493E-01   1.7421758E+05   8.8345912E+04   2.6256349E+05   0.0000000E+00   0.0000000E+00   0.0000000E+00
   7.2463768E-01   1.6832363E+05   8.4533104E+04   2.5282642E+05   0.0000000E+00   0.0000000E+00   0.0000000E+00
   7.3913043E-01   1.5582632E+05   7.7274284E+04   2.3310060E+05   0.0000000E+00   0.0000000E+00   0.0000000E+00
   7.5362319E-01   1.4577688E+05   7.2859297E+04   2.1857789E+05   0.0000000E+00   0.0000000E+00   0.0000000E+00
   7.6811594E-01   1.3689300E+05   6.8439349E+04   2.0533234E+05   0.0000000E+00   0.0000000E+00   0.0000000E+00
   7.8260870E-01   1.2320237E+05   6.2316826E+04   1.8551920E+05   0.0000000E+00   0.0000000E+00   0.0000000E+00
   7.9710145E-01   1.1789005E+05   5.7229785E+04   1.7511984E+05   0.0000000E+00   0.0000000E+00   0.0000000E+00
   8.1159420E-01   1.0575839E+05   5.2743886E+04   1.5850228E+05   0.0000000E+00   0.0000000E+00   0.0000000E+00
   8.2608696E-01   9.6471844E+04   4.7484832E+04   1.4393009E+05   0.0000000E+00   0.0000000E+00   0.0000000E+00
   8.4057971E-01   8.9517444E+04   4.4889366E+04   1.3440681E+05   0.0000000E+00   0.0000000E+00   0.0000000E+00
   8.5507246E-01   8.1527330E+04   3.9209663E+04   1.2073699E+05   0.0000000E+00   0.0000000E+00   0.0000000E+00
   8.6956522E-01   7.1227248E+04   3.7710029E+04   1.0893728E+05   0.0000000E+00   0.0000000E+00   0.0000000E+00
   8.8405797E-01   6.4593947E+04   3.3265883E+04   9.7859829E+04   0.0000000E+00   0.0000000E+00   0.0000000E+00
   8.9855072E-01   5.6219173E+04   2.9013982E+04   8.5233155E+04   0.0000000E+00   0.0000000E+00   0.0000000E+00
   9.1304348E-01   5.0840523E+04   2.4608401E+04   7.5448924E+04   0.0000000E+00   0.0000000E+00   0.0000000E+00
   9.2753623E-01   4.3060755E+04   2.1488939E+04   6.4537854E+04   0.0000000E+00   0.0000000E+00   0.0000000E+00
   9.4202899E-01   3.5205612E+04   1.7929216E+04   5.3134828E+04   0.0000000E+00   0.0000000E+00   0.0000000E+00
   9.5652174E-01   2.7668870E+04   1.4178861E+04   4.1847731E+04   0.0000000E+00   0.0000000E+00   0.0000000E+00
   9.7101449E-01   1.8581513E+04   9.2851018E+03   2.7866615E+04   0.0000000E+00   0.0000000E+00   0.0000000E+00
   9.8550725E-01   6.2736140E+03   3.4098151E+03   9.6834291E+03   0.0000000E+00   0.0000000E+00   0.0000000E+00
   1.0000000E+00   0.0000000E+00   0.0000000E+00   0.0000000E+00   0.0000000E+00   0.0000000E+00   0.0000000E+00
