   0.0000000E+00   3.3340414E+05   1.6367112E+05   4.9707526E+05   0.0000000E+00   0.0000000E+00   0.0000000E+00
   1.4492754E-02   3.7129098E+05   1.8337228E+05   5.5466325E+05   0.0000000E+00   0.0000000E+00   0.0000000E+00
   2.8985507E-02   3.8152042E+05   1.8185680E+05   5.6337722E+05   0.0000000E+00   0.0000000E+00   0.0000000E+00
   4.3478261E-02   3.5386303E+05   1.7832070E+05   5.3218373E+05   0.0000000E+00   0.0000000E+00   0.0000000E+00
   5.7971014E-02   3.5935662E+05   1.7314283E+05   5.3249945E+05   0.0000000E+00   0.0000000E+00   0.0000000E+00
   7.2463768E-02   3.4219389E+05   1.7973514E+05   5.2192903E+05   0.0000000E+00   0.0000000E+00   0.0000000E+00
   8.6956522E-02   3.6144040E+05   1.8072020E+05   5.4216060E+05   0.0000000E+00   0.0000000E+00   0.0000000E+00
   1.0144928E-01   3.6587857E+05   1.7752688E+05   5.4340545E+05   0.0000000E+00   0.0000000E+00   0.0000000E+00
   1.1594203E-01   3.7413249E+05   1.8517190E+05   5.5930439E+05   0.0000000E+00   0.0000000E+00   0.0000000E+00
   1.3043478E-01   3.6733391E+05   1.8480356E+05   5.5213746E+05   0.0000000E+00   0.0000000E+00   0.0000000E+00
   1.4492754E-01   3.7924721E+05   1.9094964E+05   5.7019685E+05   0.0000000E+00   0.0000000E+00   0.0000000E+00
   1.5942029E-01   3.9381642E+05   1.9336062E+05   5.8710816E+05   0.0000000E+00   0.0000000E+00   0.0000000E+00
   1.7391304E-01   3.8903464E+05   1.9417003E+05   5.8320467E+05   0.0000000E+00   0.0000000E+00   0.0000000E+00
   1.8840580E-01   3.9501396E+05   2.0015906E+05   5.9523131E+05   0.0000000E+00   0.0000000E+00   0.0000000E+00
   2.0289855E-01   4.1318299E+05   2.0025898E+05   6.1344197E+05   0.0000000E+00   0.0000000E+00   0.0000000E+00
   2.1739130E-01   4.1190566E+05   2.0989306E+05   6.2174821E+05   0.0000000E+00   0.0000000E+00   0.0000000E+00
   2.3188406E-01   4.2300650E+05   2.1529194E+05   6.3829844E+05   0.0000000E+00   0.0000000E+00   0.0000000E+00
   2.4637681E-01   4.3422769E+05   2.1613325E+05   6.5031637E+05   0.0000000E+00   0.0000000E+00   0.0000000E+00
   2.6086957E-01   4.4811706E+05   2.2239572E+05   6.7047068E+05   0.0000000E+00   0.0000000E+00   0.0000000E+00
   2.7536232E-01   4.4778250E+05   2.2460911E+05   6.7235172E+05   0.0000000E+00   0.0000000E+00   0.0000000E+00
   2.8985507E-01   4.5786239E+05   2.2383542E+05   6.8165992E+05   0.0000000E+00   0.0000000E+00   0.0000000E+00
   3.0434783E-01   4.4789455E+05   2.2544470E+05   6.7330317E+05   0.0000000E+00   0.0000000E+00   0.0000000E+00
   3.1884058E-01   4.5632970E+05   2.2869871E+05   6.8502840E+05   0.0000000E+00   0.0000000E+00   0.0000000E+00
   3.3333333E-01   4.5803535E+05   2.2758457E+05   6.8558697E+05   0.0000000E+00   0.0000000E+00   0.0000000E+00
   3.4782609E-01   4.5489459E+05   2.3357233E+05   6.8840378E+05   0.0000000E+00   0.0000000E+00   0.0000000E+00
   3.6231884E-01   4.4633722E+05   2.2377480E+05   6.7005139E+05   0.0000000E+00   0.0000000E+00   0.0000000E+00
   3.7681159E-01   4.4843440E+05   2.2038480E+05   6.6881920E+05   0.0000000E+00   0.0000000E+00   0.0000000E+00
   3.9130435E-01   4.4518433E+05   2.2417780E+05   6.6936214E+05   0.0000000E+00   0.0000000E+00   0.0000000E+00
   4.0579710E-01   4.3561741E+05   2.2144855E+05   6.5703889E+05   0.0000000E+00   0.0000000E+00   0.0000000E+00
   4.2028986E-01   4.2268643E+05   2.1626850E+05   6.3887654E+05   0.0000000E+00   0.0000000E+00   0.0000000E+00
   4.3478261E-01   4.2094799E+05   2.0860491E+05   6.2952764E+05   0.0000000E+00   0.0000000E+00   0.0000000E+00
   4.4927536E-01   4.1783067E+05   2.0559107E+05   6.2332397E+05   0.0000000E+00   0.0000000E+00   0.0000000E+00
   4.6376812E-01   4.0342375E+05   2.0030296E+05   6.0365567E+05   6.5213700E-06   0.0000000E+00   4.3582387E-06
   4.7826087E-01   3.8582574E+05   1.9939956E+05   5.8517938E+05   0.0000000E+00   0.0000000E+00   0.0000000E+00
   4.9275362E-01   3.7336361E+05   1.9023648E+05   5.6353323E+05   0.0000000E+00   0.0000000E+00   0.0000000E+00
   5.0724638E-01   3.6410330E+05   1.7962689E+05   5.4366525E+05   0.0000000E+00   0.0000000E+00   0.0000000E+00
   5.2173913E-01   3.4889565E+05   1.7230090E+05   5.2117550E+05   0.0000000E+00   0.0000000E+00   0.0000000E+00
   5.3623188E-01   3.3682420E+05   1.6938487E+05   5.0616810E+05   0.0000000E+00   0.0000000E+00   0.0000000E+00
   5.5072464E-01   3.2546785E+05   1.6036101E+05   4.8580892E+05   0.0000000E+00   0.0000000E+00   0.0000000E+00
   5.6521739E-01   3.1005031E+05   1.5442285E+05   4.6443430E+05   0.0000000E+00   0.0000000E+00   0.0000000E+00
   5.7971014E-01   2.9981746E+05   1.4832696E+05   4.4812547E+05   0.0000000E+00   0.0000000E+00   0.0000000E+00
   5.9420290E-01   2.8189653E+05   1.4275020E+05   4.2459128E+05   0.0000000E+00   0.0000000E+00   0.0000000E+00
   6.0869565E-01   2.6757126E+05   1.3633848E+05   4.0387365E+05   0.0000000E+00   0.0000000E+00   0.0000000E+00
   6.2318841E-01   2.5093419E+05   1.2661251E+05   3.7751146E+05   0.0000000E+00   0.0000000E+00   0.0000000E+00
   6.3768116E-01   2.3777433E+05   1.2139286E+05   3.5916719E+05   0.0000000E+00   0.0000000E+00   0.0000000E+00
   6.5217391E-01   2.2585605E+05   1.1679248E+05   3.4261485E+05   0.0000000E+00   0.0000000E+00   0.0000000E+00
   6.6666667E-01   2.1340171E+05   1.0838929E+05   3.2177453E+05   0.0000000E+00   0.0000000E+00   0.0000000E+00
   6.8115942E-01   2.0121939E+05   1.0281036E+05   3.0401363E+05   0.0000000E+00   0.0000000E+00   0.0000000E+00
   6.9565217E-01   1.8971832E+05   9.5395891E+04   2.8511421E+05   0.0000000E+00   0.0000000E+00   0.0000000E+00
   7.1014493E-01   1.7367634E+05   8.8268592E+04   2.6194493E+05   0.0000000E+00   0.0000000E+00   0.0000000E+00
   7.2463768E-01   1.6779321E+05   8.1229373E+04   2.4900743E+05   0.0000000E+00   0.0000000E+00   0.0000000E+00
   7.3913043E-01   1.5401370E+05   7.7512006E+04   2.3151084E+05   0.0000000E+00   0.0000000E+00   0.0000000E+00
   7.5362319E-01   1.4429055E+05   7.1183533E+04   2.1544494E+05   0.0000000E+00   0.0000000E+00   0.0000000E+00
   7.6811594E-01   1.3389064E+05   6.6537859E+04   2.0039991E+05   0.0000000E+00   0.0000000E+00   0.0000000E+00
   7.8260870E-01   1.2652799E+05   6.2611502E+04   1.8912546E+05   0.0000000E+00   0.0000000E+00   0.0000000E+00
   7.9710145E-01   1.1688433E+05   5.7064461E+04   1.7393501E+05   0.0000000E+00   0.0000000E+00   0.0000000E+00
   8.1159420E-01   1.0398583E+05   5.3718118E+04   1.5769042E+05   0.0000000E+00   0.0000000E+00   0.0000000E+00
   8.2608696E-01   9.7163113E+04   4.7910228E+04   1.4503346E+05   0.0000000E+00   0.0000000E+00   0.0000000E+00
   8.4057971E-01   9.0640985E+04   4.3870341E+04   1.3449826E+05   0.0000000E+00   0.0000000E+00   0.0000000E+00
   8.5507246E-01   8.0833808E+04   4.0429747E+04   1.2125071E+05   0.0000000E+00   0.0000000E+00   0.0000000E+00
   8.6956522E-01   7.4094019E+04   3.6813374E+04   1.1090739E+05   0.0000000E+00   0.0000000E+00   0.0000000E+00
   8.8405797E-01   6.5103245E+04   3.2719318E+04   9.7822564E+04   0.0000000E+00   0.0000000E+00   0.0000000E+00
   8.9855072E-01   5.6512491E+04   2.8622892E+04   8.5135383E+04   0.0000000E+00   0.0000000E+00   0.0000000E+00
   9.1304348E-01   4.9373160E+04   2.4945173E+04   7.4318333E+04   0.0000000E+00   0.0000000E+00   0.0000000E+00
   9.2753623E-01   4.1829433E+04   2.1323184E+04   6.3152617E+04   0.0000000E+00   0.0000000E+00   0.0000000E+00
   9.4202899E-01   3.5788486E+04   1.8640322E+04   5.4428809E+04   0.0000000E+00   0.0000000E+00   0.0000000E+00
   9.5652174E-01   2.7290001E+04   1.3949244E+04   4.1239245E+04   0.0000000E+00   0.0000000E+00   0.0000000E+00
   9.7101449E-01   1.9452345E+04   9.5904583E+03   2.9042803E+04   0.0000000E+00   0.0000000E+00   0.0000000E+00
   9.8550725E-01   6.7750574E+03   3.1758082E+03   9.9508656E+03   0.0000000E+00   0.0000000E+00   0.0000000E+00
   1.0000000E+00   0.0000000E+00   0.0000000E+00   0.0000000E+00   0.0000000E+00   0.0000000E+00   0.0000000E+00
