   0.0000000E+00   3.9402308E+05   1.6367112E+05   5.5769420E+05   0.0000000E+00   0.0000000E+00   0.0000000E+00
   1.4492754E-02   3.1976488E+05   1.7049075E+05   4.9025563E+05   0.0000000E+00   0.0000000E+00   0.0000000E+00
   2.8985507E-02   3.3870830E+05   1.8716096E+05   5.2586926E+05   0.0000000E+00   0.0000000E+00   0.0000000E+00
   4.3478261E-02   3.4502277E+05   1.7049075E+05   5.1551352E+05   0.0000000E+00   0.0000000E+00   0.0000000E+00
   5.7971014E-02   3.5158982E+05   1.7712095E+05   5.2871077E+05   0.0000000E+00   0.0000000E+00   0.0000000E+00
   7.2463768E-02   3.6795693E+05   1.7928050E+05   5.4723743E+05   0.0000000E+00   0.0000000E+00   0.0000000E+00
   8.6956522E-02   3.7078582E+05   1.7162736E+05   5.4241318E+05   0.0000000E+00   0.0000000E+00   0.0000000E+00
   1.0144928E-01   3.5938368E+05   1.8986716E+05   5.4925085E+05   0.0000000E+00   0.0000000E+00   0.0000000E+00
   1.1594203E-01   3.7148041E+05   1.8356171E+05   5.5504212E+05   0.0000000E+00   0.0000000E+00   0.0000000E+00
   1.3043478E-01   3.7322741E+05   1.7958359E+05   5.5281101E+05   0.0000000E+00   0.0000000E+00   0.0000000E+00
   1.4492754E-01   3.7833793E+05   1.9072232E+05   5.6906025E+05   0.0000000E+00   0.0000000E+00   0.0000000E+00
   1.5942029E-01   3.8520578E+05   1.9749373E+05   5.8269951E+05   0.0000000E+00   0.0000000E+00   0.0000000E+00
   1.7391304E-01   3.9149729E+05   1.9757984E+05   5.8907713E+05   0.0000000E+00   0.0000000E+00   0.0000000E+00
   1.8840580E-01   4.0014326E+05   2.0126652E+05   6.0140978E+05   0.0000000E+00   0.0000000E+00   0.0000000E+00
   2.0289855E-01   4.1199226E+05   2.0421004E+05   6.1620230E+05   0.0000000E+00   0.0000000E+00   0.0000000E+00
   2.1739130E-01   4.1801807E+05   2.1049925E+05   6.2851732E+05   0.0000000E+00   0.0000000E+00   0.0000000E+00
   2.3188406E-01   4.2750557E+05   2.1533929E+05   6.4284486E+05   0.0000000E+00   0.0000000E+00   0.0000000E+00
   2.4637681E-01   4.2459998E+05   2.1559837E+05   6.4019835E+05   0.0000000E+00   0.0000000E+00   0.0000000E+00
   2.6086957E-01   4.3325700E+05   2.1810188E+05   6.5127468E+05   0.0000000E+00   0.0000000E+00   0.0000000E+00
   2.7536232E-01   4.4810155E+05   2.2094006E+05   6.6900173E+05   0.0000000E+00   0.0000000E+00   0.0000000E+00
   2.8985507E-01   4.5017136E+05   2.2913957E+05   6.7931094E+05   0.0000000E+00   0.0000000E+00   0.0000000E+00
   3.0434783E-01   4.5417294E+05   2.2270242E+05   6.7676711E+05   0.0000000E+00   0.0000000E+00   0.0000000E+00
   3.1884058E-01   4.5078444E+05   2.2949089E+05   6.8030977E+05   0.0000000E+00   0.0000000E+00   0.0000000E+00
   3.3333333E-01   4.5108394E+05   2.2626676E+05   6.7735071E+05   0.0000000E+00   0.0000000E+00   0.0000000E+00
   3.4782609E-01   4.5337912E+05   2.2037509E+05   6.7365948E+05   0.0000000E+00   6.3743654E-10   2.0852543E-10
   3.6231884E-01   4.4818609E+05   2.2295644E+05   6.7108192E+05   0.0000000E+00   0.0000000E+00   0.0000000E+00
   3.7681159E-01   4.4391712E+05   2.2481465E+05   6.6870262E+05   0.0000000E+00   0.0000000E+00   0.0000000E+00
   3.9130435E-01   4.3875760E+05   2.2821906E+05   6.6697667E+05   0.0000000E+00   0.0000000E+00   0.0000000E+00
   4.0579710E-01   4.3467024E+05   2.1576552E+05   6.5038163E+05   0.0000000E+00   0.0000000E+00   0.0000000E+00
   4.2028986E-01   4.2571737E+05   2.1391690E+05   6.3955589E+05   0.0000000E+00   0.0000000E+00   0.0000000E+00
   4.3478261E-01   4.2334749E+05   2.0936265E+05   6.3268487E+05   0.0000000E+00   1.5056110E-09   4.9822386E-10
   4.4927536E-01   4.1152435E+05   2.0759541E+05   6.1907087E+05   0.0000000E+00   0.0000000E+00   0.0000000E+00
   4.6376812E-01   4.0155308E+05   1.9947418E+05   6.0095623E+05   0.0000000E+00   0.0000000E+00   0.0000000E+00
   4.7826087E-01   3.9064770E+05   1.9319989E+05   5.8384760E+05   0.0000000E+00   0.0000000E+00   0.0000000E+00
   4.9275362E-01   3.7572596E+05   1.9063764E+05   5.6636360E+05   0.0000000E+00   0.0000000E+00   0.0000000E+00
   5.0724638E-01   3.6540228E+05   1.8196505E+05   5.4732403E+05   0.0000000E+00   0.0000000E+00   0.0000000E+00
   5.2173913E-01   3.4801162E+05   1.7528975E+05   5.2321718E+05   0.0000000E+00   0.0000000E+00   0.0000000E+00
   5.3623188E-01   3.4503642E+05   1.6801275E+05   5.1296726E+05   0.0000000E+00   0.0000000E+00   0.0000000E+00
   5.5072464E-01   3.2670415E+05   1.6215565E+05   4.8879998E+05   0.0000000E+00   0.0000000E+00   0.0000000E+00
   5.6521739E-01   3.0956458E+05   1.5690978E+05   4.6645493E+05   0.0000000E+00   0.0000000E+00   0.0000000E+00
   5.7971014E-01   2.9460802E+05   1.4762605E+05   4.4217724E+05   0.0000000E+00   0.0000000E+00   0.0000000E+00
   5.9420290E-01   2.8581458E+05   1.4291653E+05   4.2869415E+05   0.0000000E+00   0.0000000E+00   0.0000000E+00
   6.0869565E-01   2.6903261E+05   1.3478692E+05   4.0380149E+05   0.0000000E+00   0.0000000E+00   0.0000000E+00
   6.2318841E-01   2.5666127E+05   1.2832183E+05   3.8493024E+05   0.0000000E+00   0.0000000E+00   0.0000000E+00
   6.3768116E-01   2.4015086E+05   1.2177173E+05   3.6190537E+05   0.0000000E+00   0.0000000E+00   0.0000000E+00
   6.5217391E-01   2.2784300E+05   1.1340792E+05   3.4123409E+05   0.0000000E+00   0.0000000E+00   0.0000000E+00
   6.6666667E-01   2.1439006E+05   1.0751625E+05   3.2188984E+05   0.0000000E+00   0.0000000E+00   0.0000000E+00
   6.8115942E-01   2.0320241E+05   1.0026307E+05   3.0346548E+05   0.0000000E+00   0.0000000E+00   0.0000000E+00
   6.9565217E-01   1.8960782E+05   9.5664256E+04   2.8527208E+05   0.0000000E+00   0.0000000E+00   0.0000000E+00
   7.1014493E-01   1.7559388E+05   8.9954169E+04   2.6554805E+05   2.9934879E-05   0.0000000E+00   1.9794465E-05
   7.2463768E-01   1.6645959E+05   8.2335668E+04   2.4881042E+05   0.0000000E+00   0.0000000E+00   0.0000000E+00
   7.3913043E-01   1.5408798E+05   7.8150882E+04   2.3222401E+05   0.0000000E+00   0.0000000E+00   0.0000000E+00
   7.5362319E-01   1.4464028E+05   7.2290994E+04   2.1693127E+05   0.0000000E+00   0.0000000E+00   0.0000000E+00
   7.6811594E-01   1.3730761E+05   6.8453646E+04   2.0574696E+05   0.0000000E+00   0.0000000E+00   0.0000000E+00
   7.8260870E-01   1.2349705E+05   6.3579721E+04   1.8706274E+05   0.0000000E+00   0.0000000E+00   0.0000000E+00
   7.9710145E-01   1.1596127E+05   5.5948521E+04   1.7189601E+05   0.0000000E+00   0.0000000E+00   0.0000000E+00
   8.1159420E-01   1.0508184E+05   5.3839898E+04   1.5892174E+05   0.0000000E+00   0.0000000E+00   0.0000000E+00
   8.2608696E-01   9.7814500E+04   5.0236613E+04   1.4805111E+05   0.0000000E+00   0.0000000E+00   0.0000000E+00
   8.4057971E-01   9.0235988E+04   4.3818083E+04   1.3405407E+05   0.0000000E+00   0.0000000E+00   0.0000000E+00
   8.5507246E-01   7.8881673E+04   3.9800440E+04   1.1868211E+05   0.0000000E+00   0.0000000E+00   0.0000000E+00
   8.6956522E-01   7.2591174E+04   3.7533224E+04   1.1011177E+05   0.0000000E+00   0.0000000E+00   0.0000000E+00
   8.8405797E-01   6.4184024E+04   3.1651034E+04   9.5835058E+04   0.0000000E+00   0.0000000E+00   0.0000000E+00
   8.9855072E-01   5.8174623E+04   2.9392850E+04   8.7567473E+04   0.0000000E+00   0.0000000E+00   0.0000000E+00
   9.1304348E-01   4.8771782E+04   2.5955488E+04   7.4727270E+04   0.0000000E+00   0.0000000E+00   0.0000000E+00
   9.2753623E-01   4.2752924E+04   2.0956155E+04   6.3709080E+04   0.0000000E+00   0.0000000E+00   0.0000000E+00
   9.4202899E-01   3.5473734E+04   1.7742696E+04   5.3216430E+04   0.0000000E+00   0.0000000E+00   0.0000000E+00
   9.5652174E-01   2.7737755E+04   1.3972205E+04   4.1709960E+04   0.0000000E+00   0.0000000E+00   0.0000000E+00
   9.7101449E-01   1.9011274E+04   9.2624827E+03   2.8273757E+04   0.0000000E+00   0.0000000E+00   0.0000000E+00
   9.8550725E-01   6.3181868E+03   2.9529444E+03   9.2711312E+03   0.0000000E+00   0.0000000E+00   0.0000000E+00
   1.0000000E+00   0.0000000E+00   0.0000000E+00   0.0000000E+00   0.0000000E+00   0.0000000E+00   0.0000000E+00
