   0.0000000E+00   3.2734225E+05   1.8185680E+05   5.0919905E+05   0.0000000E+00   0.0000000E+00   0.0000000E+00
   1.4492754E-02   3.6068266E+05   1.6821754E+05   5.2890021E+05   0.0000000E+00   0.0000000E+00   0.0000000E+00
   2.8985507E-02   3.4060264E+05   1.5950357E+05   5.0010621E+05   0.0000000E+00   0.0000000E+00   0.0000000E+00
   4.3478261E-02   3.6068266E+05   1.8311970E+05   5.4380236E+05   0.0000000E+00   0.0000000E+00   0.0000000E+00
   5.7971014E-02   3.5481020E+05   1.7162736E+05   5.2643756E+05   0.0000000E+00   0.0000000E+00   0.0000000E+00
   7.2463768E-02   3.5386303E+05   1.7352170E+05   5.2738473E+05   0.0000000E+00   0.0000000E+00   0.0000000E+00
   8.6956522E-02   3.6207185E+05   1.8223567E+05   5.4430752E+05   0.0000000E+00   0.0000000E+00   0.0000000E+00
   1.0144928E-01   3.5126508E+05   1.8153206E+05   5.3279714E+05   0.0000000E+00   0.0000000E+00   0.0000000E+00
   1.1594203E-01   3.6939663E+05   1.8706624E+05   5.5646288E+05   0.0000000E+00   0.0000000E+00   0.0000000E+00
   1.3043478E-01   3.8088897E+05   1.8185680E+05   5.6274578E+05   0.0000000E+00   0.0000000E+00   0.0000000E+00
   1.4492754E-01   3.7962608E+05   1.9473833E+05   5.7436441E+05   0.0000000E+00   0.0000000E+00   0.0000000E+00
   1.5942029E-01   3.7659513E+05   1.9053633E+05   5.6706258E+05   0.0000000E+00   0.0000000E+00   0.0000000E+00
   1.7391304E-01   3.9288647E+05   1.9619066E+05   5.8907713E+05   0.0000000E+00   0.0000000E+00   0.0000000E+00
   1.8840580E-01   4.0603029E+05   2.1035936E+05   6.1638965E+05   0.0000000E+00   0.0000000E+00   0.0000000E+00
   2.0289855E-01   4.1388660E+05   2.0816109E+05   6.2204769E+05   0.0000000E+00   0.0000000E+00   0.0000000E+00
   2.1739130E-01   4.2231191E+05   2.0676108E+05   6.2902248E+05   0.0000000E+00   0.0000000E+00   0.0000000E+00
   2.3188406E-01   4.2513764E+05   2.0833023E+05   6.3342051E+05   0.0000000E+00   0.0000000E+00   0.0000000E+00
   2.4637681E-01   4.3052815E+05   2.1439491E+05   6.4492306E+05   0.0000000E+00   0.0000000E+00   0.0000000E+00
   2.6086957E-01   4.3868744E+05   2.2066976E+05   6.5927301E+05   0.0000000E+00   0.0000000E+00   0.0000000E+00
   2.7536232E-01   4.4359501E+05   2.2205673E+05   6.6561186E+05   0.0000000E+00   0.0000000E+00   0.0000000E+00
   2.8985507E-01   4.4876955E+05   2.2311557E+05   6.7184723E+05   0.0000000E+00   0.0000000E+00   0.0000000E+00
   3.0434783E-01   4.5467809E+05   2.2154777E+05   6.7611762E+05   0.0000000E+00   0.0000000E+00   0.0000000E+00
   3.1884058E-01   4.5357429E+05   2.2587442E+05   6.7934538E+05   0.0000000E+00   0.0000000E+00   0.0000000E+00
   3.3333333E-01   4.5602570E+05   2.3239455E+05   6.8835436E+05   0.0000000E+00   0.0000000E+00   0.0000000E+00
   3.4782609E-01   4.5041131E+05   2.2571081E+05   6.7605898E+05   0.0000000E+00   0.0000000E+00   0.0000000E+00
   3.6231884E-01   4.4154832E+05   2.2698760E+05   6.6847530E+05   0.0000000E+00   0.0000000E+00   0.0000000E+00
   3.7681159E-01   4.4601547E+05   2.2761244E+05   6.7356962E+05   0.0000000E+00   0.0000000E+00   0.0000000E+00
   3.9130435E-01   4.3858922E+05   2.2560908E+05   6.6414217E+05   0.0000000E+00   0.0000000E+00   0.0000000E+00
   4.0579710E-01   4.3943315E+05   2.1600908E+05   6.5536105E+05   0.0000000E+00   0.0000000E+00   0.0000000E+00
   4.2028986E-01   4.2367932E+05   2.1781010E+05   6.4133265E+05   0.0000000E+00   0.0000000E+00   0.0000000E+00
   4.3478261E-01   4.1622476E+05   2.1034770E+05   6.2657246E+05   0.0000000E+00   0.0000000E+00   0.0000000E+00
   4.4927536E-01   4.1174434E+05   2.0700877E+05   6.1863089E+05   0.0000000E+00   0.0000000E+00   0.0000000E+00
   4.6376812E-01   4.0508130E+05   2.0013720E+05   6.0510010E+05   0.0000000E+00   0.0000000E+00   0.0000000E+00
   4.7826087E-01   3.9064770E+05   1.9326878E+05   5.8387056E+05   0.0000000E+00   0.0000000E+00   0.0000000E+00
   4.9275362E-01   3.7889063E+05   1.9206396E+05   5.7088773E+05   0.0000000E+00   0.0000000E+00   0.0000000E+00
   5.0724638E-01   3.6691775E+05   1.8300423E+05   5.4987869E+05   0.0000000E+00   0.0000000E+00   0.0000000E+00
   5.2173913E-01   3.5171611E+05   1.7604749E+05   5.2765836E+05   0.0000000E+00   0.0000000E+00   0.0000000E+00
   5.3623188E-01   3.4163685E+05   1.7112561E+05   5.1270102E+05   0.0000000E+00   0.0000000E+00   0.0000000E+00
   5.5072464E-01   3.2243690E+05   1.6070000E+05   4.8311696E+05   0.0000000E+00   0.0000000E+00   0.0000000E+00
   5.6521739E-01   3.0830168E+05   1.5450057E+05   4.6276339E+05   0.0000000E+00   0.0000000E+00   0.0000000E+00
   5.7971014E-01   2.9869980E+05   1.4857322E+05   4.4725408E+05   0.0000000E+00   0.0000000E+00   0.0000000E+00
   5.9420290E-01   2.8174868E+05   1.4099447E+05   4.2270618E+05   0.0000000E+00   0.0000000E+00   0.0000000E+00
   6.0869565E-01   2.6847332E+05   1.3327145E+05   4.0174477E+05   0.0000000E+00   0.0000000E+00   0.0000000E+00
   6.2318841E-01   2.5377130E+05   1.2701781E+05   3.8073625E+05   0.0000000E+00   0.0000000E+00   0.0000000E+00
   6.3768116E-01   2.3932424E+05   1.2132398E+05   3.6056211E+05   0.0000000E+00   0.0000000E+00   0.0000000E+00
   6.5217391E-01   2.2609179E+05   1.1630416E+05   3.4237911E+05   0.0000000E+00   0.0000000E+00   0.0000000E+00
   6.6666667E-01   2.1458773E+05   1.0669262E+05   3.2126388E+05   0.0000000E+00   0.0000000E+00   0.0000000E+00
   6.8115942E-01   2.0073573E+05   1.0095632E+05   3.0167593E+05   0.0000000E+00   0.0000000E+00   0.0000000E+00
   6.9565217E-01   1.9077600E+05   9.5506395E+04   2.8628239E+05   0.0000000E+00   0.0000000E+00   0.0000000E+00
   7.1014493E-01   1.7432583E+05   8.8531480E+04   2.6284185E+05   0.0000000E+00   0.0000000E+00   0.0000000E+00
   7.2463768E-01   1.6817208E+05   8.1987109E+04   2.5015919E+05   0.0000000E+00   0.0000000E+00   0.0000000E+00
   7.3913043E-01   1.5297366E+05   7.8537179E+04   2.3142170E+05   0.0000000E+00   0.0000000E+00   0.0000000E+00
   7.5362319E-01   1.4149275E+05   7.2699006E+04   2.1419176E+05   0.0000000E+00   0.0000000E+00   0.0000000E+00
   7.6811594E-01   1.3630682E+05   6.7767394E+04   2.0407422E+05   0.0000000E+00   0.0000000E+00   0.0000000E+00
   7.8260870E-01   1.2426882E+05   6.2162472E+04   1.8643129E+05   0.0000000E+00   0.0000000E+00   0.0000000E+00
   7.9710145E-01   1.1623681E+05   5.8800367E+04   1.7503717E+05   0.0000000E+00   0.0000000E+00   0.0000000E+00
   8.1159420E-01   1.0554190E+05   5.2933320E+04   1.5847522E+05   0.0000000E+00   0.0000000E+00   0.0000000E+00
   8.2608696E-01   9.9688902E+04   5.0662009E+04   1.5035091E+05   0.0000000E+00   0.0000000E+00   0.0000000E+00
   8.4057971E-01   8.9935506E+04   4.3687439E+04   1.3362294E+05   0.0000000E+00   0.0000000E+00   0.0000000E+00
   8.5507246E-01   8.1617231E+04   4.1020525E+04   1.2261207E+05   0.0000000E+00   0.0000000E+00   0.0000000E+00
   8.6956522E-01   7.2414369E+04   3.6219813E+04   1.0860892E+05   0.0000000E+00   0.0000000E+00   0.0000000E+00
   8.8405797E-01   6.6047311E+04   3.2110645E+04   9.8145533E+04   0.0000000E+00   0.0000000E+00   0.0000000E+00
   8.9855072E-01   5.6316946E+04   2.8720665E+04   8.5037610E+04   0.0000000E+00   0.0000000E+00   0.0000000E+00
   9.1304348E-01   5.0395503E+04   2.4632456E+04   7.5027959E+04   0.0000000E+00   0.0000000E+00   0.0000000E+00
   9.2753623E-01   4.2007027E+04   2.1039033E+04   6.3046060E+04   0.0000000E+00   0.0000000E+00   0.0000000E+00
   9.4202899E-01   3.5625282E+04   1.7987503E+04   5.3612785E+04   1.3990625E-04   0.0000000E+00   9.2966623E-05
   9.5652174E-01   2.6761882E+04   1.3845916E+04   4.0607798E+04   0.0000000E+00   0.0000000E+00   0.0000000E+00
   9.7101449E-01   1.9011274E+04   9.2624827E+03   2.8273757E+04   0.0000000E+00   0.0000000E+00   0.0000000E+00
   9.8550725E-01   6.2178981E+03   3.2315241E+03   9.4494222E+03   0.0000000E+00   0.0000000E+00   0.0000000E+00
   1.0000000E+00   0.0000000E+00   0.0000000E+00   0.0000000E+00   0.0000000E+00   0.0000000E+00   0.0000000E+00
