   0.0000000E+00   3.3340414E+05   1.4548544E+05   4.7888958E+05   0.0000000E+00   0.0000000E+00   0.0000000E+00
   1.4492754E-02   3.3416188E+05   1.6367112E+05   4.9783300E+05   0.0000000E+00   0.0000000E+00   0.0000000E+00
   2.8985507E-02   3.6295587E+05   1.8034133E+05   5.4329720E+05   0.0000000E+00   0.0000000E+00   0.0000000E+00
   4.3478261E-02   3.5613624E+05   1.8413001E+05   5.4026626E+05   0.0000000E+00   0.0000000E+00   0.0000000E+00
   5.7971014E-02   3.4590680E+05   1.7749982E+05   5.2340661E+05   0.0000000E+00   0.0000000E+00   0.0000000E+00
   7.2463768E-02   3.4401245E+05   1.8655477E+05   5.3056723E+05   0.0000000E+00   0.0000000E+00   0.0000000E+00
   8.6956522E-02   3.5550479E+05   1.7794183E+05   5.3344663E+05   0.0000000E+00   0.0000000E+00   0.0000000E+00
   1.0144928E-01   3.5234756E+05   1.8023308E+05   5.3258064E+05   0.0000000E+00   0.0000000E+00   0.0000000E+00
   1.1594203E-01   3.6409248E+05   1.8242511E+05   5.4651758E+05   0.0000000E+00   0.0000000E+00   0.0000000E+00
   1.3043478E-01   3.7693190E+05   1.8572968E+05   5.6266158E+05   0.0000000E+00   0.0000000E+00   0.0000000E+00
   1.4492754E-01   3.7909566E+05   1.9299553E+05   5.7209120E+05   0.0000000E+00   0.0000000E+00   0.0000000E+00
   1.5942029E-01   3.9436750E+05   1.9280954E+05   5.8710816E+05   0.0000000E+00   0.0000000E+00   0.0000000E+00
   1.7391304E-01   3.9395993E+05   1.9827443E+05   5.9223436E+05   0.0000000E+00   0.0000000E+00   0.0000000E+00
   1.8840580E-01   4.0259133E+05   2.0080022E+05   6.0339155E+05   0.0000000E+00   0.0000000E+00   0.0000000E+00
   2.0289855E-01   4.0701285E+05   2.0188270E+05   6.0889555E+05   0.0000000E+00   0.0000000E+00   0.0000000E+00
   2.1739130E-01   4.1609847E+05   2.1044874E+05   6.2649669E+05   0.0000000E+00   0.0000000E+00   0.0000000E+00
   2.3188406E-01   4.2054386E+05   2.1481835E+05   6.3531485E+05   0.0000000E+00   0.0000000E+00   0.0000000E+00
   2.4637681E-01   4.3449513E+05   2.1363717E+05   6.4813230E+05   0.0000000E+00   0.0000000E+00   0.0000000E+00
   2.6086957E-01   4.3313071E+05   2.2386909E+05   6.5699980E+05   0.0000000E+00   0.0000000E+00   0.0000000E+00
   2.7536232E-01   4.4786226E+05   2.1902578E+05   6.6688804E+05   0.0000000E+00   0.0000000E+00   0.0000000E+00
   2.8985507E-01   4.4513242E+05   2.2993520E+05   6.7499184E+05   0.0000000E+00   0.0000000E+00   0.0000000E+00
   3.0434783E-01   4.5500284E+05   2.2407356E+05   6.7893207E+05   0.0000000E+00   0.0000000E+00   0.0000000E+00
   3.1884058E-01   4.5150774E+05   2.2935312E+05   6.8086085E+05   0.0000000E+00   0.0000000E+00   0.0000000E+00
   3.3333333E-01   4.5826597E+05   2.2544314E+05   6.8367616E+05   0.0000000E+00   0.0000000E+00   0.0000000E+00
   3.4782609E-01   4.5931472E+05   2.2312188E+05   6.8240503E+05   0.0000000E+00   0.0000000E+00   0.0000000E+00
   3.6231884E-01   4.5197478E+05   2.2956391E+05   6.8144775E+05   0.0000000E+00   0.0000000E+00   0.0000000E+00
   3.7681159E-01   4.4586975E+05   2.2667984E+05   6.7249131E+05   0.0000000E+00   0.0000000E+00   0.0000000E+00
   3.9130435E-01   4.4103081E+05   2.2269039E+05   6.6363701E+05   0.0000000E+00   0.0000000E+00   0.0000000E+00
   4.0579710E-01   4.3610452E+05   2.1495366E+05   6.5103112E+05   0.0000000E+00   0.0000000E+00   0.0000000E+00
   4.2028986E-01   4.2454157E+05   2.1509270E+05   6.3958202E+05   0.0000000E+00   0.0000000E+00   0.0000000E+00
   4.3478261E-01   4.2365058E+05   2.1267143E+05   6.3629675E+05   0.0000000E+00   0.0000000E+00   0.0000000E+00
   4.4927536E-01   4.1558191E+05   2.0781540E+05   6.2337286E+05   0.0000000E+00   0.0000000E+00   0.0000000E+00
   4.6376812E-01   3.9480449E+05   2.0323919E+05   5.9802000E+05   0.0000000E+00   0.0000000E+00   0.0000000E+00
   4.7826087E-01   3.9002774E+05   1.9251104E+05   5.8251582E+05   0.0000000E+00   0.0000000E+00   0.0000000E+00
   4.9275362E-01   3.7458936E+05   1.8985761E+05   5.6440240E+05   0.0000000E+00   0.0000000E+00   0.0000000E+00
   5.0724638E-01   3.6603012E+05   1.8062278E+05   5.4663124E+05   0.0000000E+00   0.0000000E+00   0.0000000E+00
   5.2173913E-01   3.5180030E+05   1.7467935E+05   5.2645861E+05   0.0000000E+00   0.0000000E+00   0.0000000E+00
   5.3623188E-01   3.3936364E+05   1.7499622E+05   5.1431889E+05   0.0000000E+00   0.0000000E+00   0.0000000E+00
   5.5072464E-01   3.2546785E+05   1.6265416E+05   4.8810207E+05   0.0000000E+00   0.0000000E+00   0.0000000E+00
   5.6521739E-01   3.1282868E+05   1.5543317E+05   4.6822298E+05   0.0000000E+00   0.0000000E+00   0.0000000E+00
   5.7971014E-01   2.9595301E+05   1.4747450E+05   4.4340856E+05   0.0000000E+00   0.0000000E+00   0.0000000E+00
   5.9420290E-01   2.8169323E+05   1.3973773E+05   4.2137552E+05   0.0000000E+00   0.0000000E+00   0.0000000E+00
   6.0869565E-01   2.6713826E+05   1.3570703E+05   4.0284530E+05   0.0000000E+00   0.0000000E+00   0.0000000E+00
   6.2318841E-01   2.5451142E+05   1.2608386E+05   3.8052479E+05   0.0000000E+00   0.0000000E+00   0.0000000E+00
   6.3768116E-01   2.3975478E+05   1.1956740E+05   3.5927052E+05   0.0000000E+00   0.0000000E+00   0.0000000E+00
   6.5217391E-01   2.2812926E+05   1.1192613E+05   3.3998803E+05   0.0000000E+00   0.0000000E+00   0.0000000E+00
   6.6666667E-01   2.1587259E+05   1.0675851E+05   3.2256521E+05   0.0000000E+00   0.0000000E+00   0.0000000E+00
   6.8115942E-01   2.0017146E+05   1.0195589E+05   3.0211123E+05   0.0000000E+00   0.0000000E+00   0.0000000E+00
   6.9565217E-01   1.8875537E+05   9.4685513E+04   2.8344088E+05   0.0000000E+00   0.0000000E+00   0.0000000E+00
   7.1014493E-01   1.7734131E+05   8.8624264E+04   2.6595011E+05   0.0000000E+00   0.0000000E+00   0.0000000E+00
   7.2463768E-01   1.6323164E+05   8.0926278E+04   2.4414276E+05   0.0000000E+00   0.0000000E+00   0.0000000E+00
   7.3913043E-01   1.5318167E+05   7.6575978E+04   2.2975765E+05   0.0000000E+00   0.0000000E+00   0.0000000E+00
   7.5362319E-01   1.4509200E+05   7.2276422E+04   2.1736843E+05   0.0000000E+00   0.0000000E+00   0.0000000E+00
   7.6811594E-01   1.3417658E+05   6.6108951E+04   2.0027124E+05   0.0000000E+00   0.0000000E+00   0.0000000E+00
   7.8260870E-01   1.2527913E+05   6.3509560E+04   1.8877466E+05   0.0000000E+00   0.0000000E+00   0.0000000E+00
   7.9710145E-01   1.1713231E+05   5.7601765E+04   1.7472030E+05   1.4889588E-05   0.0000000E+00   9.9819651E-06
   8.1159420E-01   1.0625904E+05   5.3000975E+04   1.5924648E+05   0.0000000E+00   0.0000000E+00   0.0000000E+00
   8.2608696E-01   9.7375811E+04   4.9917566E+04   1.4729338E+05   0.0000000E+00   0.0000000E+00   0.0000000E+00
   8.4057971E-01   8.8211002E+04   4.5320492E+04   1.3353149E+05   0.0000000E+00   0.0000000E+00   0.0000000E+00
   8.5507246E-01   8.0769593E+04   4.0237102E+04   1.2100670E+05   0.0000000E+00   0.0000000E+00   0.0000000E+00
   8.6956522E-01   7.2742722E+04   3.6800745E+04   1.0953084E+05   0.0000000E+00   0.0000000E+00   0.0000000E+00
   8.8405797E-01   6.3239958E+04   3.3290726E+04   9.6530685E+04   0.0000000E+00   0.0000000E+00   0.0000000E+00
   8.9855072E-01   5.8993467E+04   2.8830659E+04   8.7824126E+04   0.0000000E+00   0.0000000E+00   0.0000000E+00
   9.1304348E-01   5.1008909E+04   2.5342082E+04   7.6338964E+04   0.0000000E+00   0.0000000E+00   0.0000000E+00
   9.2753623E-01   4.3096274E+04   2.1654694E+04   6.4750968E+04   0.0000000E+00   0.0000000E+00   0.0000000E+00
   9.4202899E-01   3.5671912E+04   1.7101534E+04   5.2773446E+04   0.0000000E+00   0.0000000E+00   0.0000000E+00
   9.5652174E-01   2.6704478E+04   1.3754069E+04   4.0458547E+04   0.0000000E+00   0.0000000E+00   0.0000000E+00
   9.7101449E-01   1.9802939E+04   1.0099386E+04   2.9902325E+04   0.0000000E+00   0.0000000E+00   0.0000000E+00
   9.8550725E-01   6.8530597E+03   3.4543878E+03   1.0307448E+04   0.0000000E+00   0.0000000E+00   0.0000000E+00
   1.0000000E+00   0.0000000E+00   0.0000000E+00   0.0000000E+00   0.0000000E+00   0.0000000E+00   0.0000000E+00
