   0.0000000E+00   3.8796118E+05   1.9398059E+05   5.8194177E+05   0.0000000E+00   0.0000000E+00   0.0000000E+00
   1.4492754E-02   3.4173924E+05   1.7352170E+05   5.1526095E+05   0.0000000E+00   0.0000000E+00   0.0000000E+00
   2.8985507E-02   3.6181927E+05   1.7124849E+05   5.3306776E+05   0.0000000E+00   0.0000000E+00   0.0000000E+00
   4.3478261E-02   3.5158982E+05   1.7023818E+05   5.2182800E+05   0.0000000E+00   0.0000000E+00   0.0000000E+00
   5.7971014E-02   3.5632568E+05   1.6916471E+05   5.2549039E+05   0.0000000E+00   0.0000000E+00   0.0000000E+00
   7.2463768E-02   3.5310529E+05   1.7367325E+05   5.2677854E+05   0.0000000E+00   0.0000000E+00   0.0000000E+00
   8.6956522E-02   3.5638882E+05   1.8589807E+05   5.4228689E+05   7.7607454E-05   0.0000000E+00   5.1003315E-05
   1.0144928E-01   3.6468784E+05   1.8434651E+05   5.4903435E+05   0.0000000E+00   0.0000000E+00   0.0000000E+00
   1.1594203E-01   3.6816531E+05   1.8962361E+05   5.5778892E+05   0.0000000E+00   0.0000000E+00   0.0000000E+00
   1.3043478E-01   3.6152459E+05   1.8699258E+05   5.4851717E+05   0.0000000E+00   0.0000000E+00   0.0000000E+00
   1.4492754E-01   3.8235393E+05   1.8784292E+05   5.7019685E+05   0.0000000E+00   0.0000000E+00   0.0000000E+00
   1.5942029E-01   3.7955719E+05   1.9156961E+05   5.7112680E+05   0.0000000E+00   0.0000000E+00   0.0000000E+00
   1.7391304E-01   4.0204246E+05   1.9783242E+05   5.9987487E+05   0.0000000E+00   0.0000000E+00   0.0000000E+00
   1.8840580E-01   3.9862778E+05   2.0278199E+05   6.0135149E+05   0.0000000E+00   0.0000000E+00   0.0000000E+00
   2.0289855E-01   4.0695872E+05   2.0518427E+05   6.1214299E+05   0.0000000E+00   0.0000000E+00   0.0000000E+00
   2.1739130E-01   4.2135211E+05   2.0746830E+05   6.2882042E+05   0.0000000E+00   0.0000000E+00   0.0000000E+00
   2.3188406E-01   4.1793914E+05   2.1164533E+05   6.2958447E+05   0.0000000E+00   0.0000000E+00   0.0000000E+00
   2.4637681E-01   4.2749721E+05   2.1684641E+05   6.4434362E+05   0.0000000E+00   0.0000000E+00   0.0000000E+00
   2.6086957E-01   4.3026815E+05   2.1671269E+05   6.4689665E+05   0.0000000E+00   0.0000000E+00   0.0000000E+00
   2.7536232E-01   4.3964680E+05   2.2097995E+05   6.6062675E+05   0.0000000E+00   0.0000000E+00   0.0000000E+00
   2.8985507E-01   4.5157318E+05   2.2690425E+05   6.7843954E+05   0.0000000E+00   0.0000000E+00   0.0000000E+00
   3.0434783E-01   4.4479143E+05   2.2465089E+05   6.6933407E+05   0.0000000E+00   0.0000000E+00   0.0000000E+00
   3.1884058E-01   4.4610025E+05   2.2322234E+05   6.6921926E+05   0.0000000E+00   0.0000000E+00   0.0000000E+00
   3.3333333E-01   4.5250058E+05   2.2672799E+05   6.7922857E+05   0.0000000E+00   0.0000000E+00   0.0000000E+00
   3.4782609E-01   4.5476830E+05   2.3044667E+05   6.8521497E+05   0.0000000E+00   0.0000000E+00   0.0000000E+00
   3.6231884E-01   4.5470263E+05   2.2926081E+05   6.8393313E+05   0.0000000E+00   0.0000000E+00   0.0000000E+00
   3.7681159E-01   4.5254366E+05   2.2915706E+05   6.8170072E+05   0.0000000E+00   0.0000000E+00   0.0000000E+00
   3.9130435E-01   4.4086243E+05   2.2204491E+05   6.6285121E+05   0.0000000E+00   0.0000000E+00   0.0000000E+00
   4.0579710E-01   4.3209934E+05   2.2101555E+05   6.5308784E+05   0.0000000E+00   0.0000000E+00   0.0000000E+00
   4.2028986E-01   4.3188378E+05   2.1470077E+05   6.4650616E+05   0.0000000E+00   0.0000000E+00   0.0000000E+00
   4.3478261E-01   4.2092273E+05   2.0921110E+05   6.3008331E+05   0.0000000E+00   0.0000000E+00   0.0000000E+00
   4.4927536E-01   4.1411532E+05   2.0874423E+05   6.2271290E+05   0.0000000E+00   0.0000000E+00   0.0000000E+00
   4.6376812E-01   3.9994289E+05   2.0364173E+05   6.0341887E+05   0.0000000E+00   0.0000000E+00   0.0000000E+00
   4.7826087E-01   3.9009662E+05   1.9620788E+05   5.8628154E+05   0.0000000E+00   0.0000000E+00   0.0000000E+00
   4.9275362E-01   3.7701857E+05   1.9135080E+05   5.6832480E+05   0.0000000E+00   0.0000000E+00   0.0000000E+00
   5.0724638E-01   3.5741357E+05   1.8135886E+05   5.3877243E+05   0.0000000E+00   0.0000000E+00   0.0000000E+00
   5.2173913E-01   3.5310529E+05   1.8027819E+05   5.3334138E+05   0.0000000E+00   0.0000000E+00   0.0000000E+00
   5.3623188E-01   3.4505690E+05   1.6987637E+05   5.1487184E+05   0.0000000E+00   0.0000000E+00   0.0000000E+00
   5.5072464E-01   3.2299523E+05   1.6221547E+05   4.8513094E+05   0.0000000E+00   0.0000000E+00   0.0000000E+00
   5.6521739E-01   3.1251781E+05   1.5308224E+05   4.6560005E+05   0.0000000E+00   0.0000000E+00   0.0000000E+00
   5.7971014E-01   3.0523528E+05   1.4791020E+05   4.5314548E+05   0.0000000E+00   0.0000000E+00   0.0000000E+00
   5.9420290E-01   2.8494596E+05   1.3971925E+05   4.2466521E+05   4.1828599E-06   0.0000000E+00   2.8066557E-06
   6.0869565E-01   2.6997076E+05   1.3343382E+05   4.0331437E+05   0.0000000E+00   0.0000000E+00   0.0000000E+00
   6.2318841E-01   2.5294308E+05   1.2811036E+05   3.8100058E+05   0.0000000E+00   0.0000000E+00   0.0000000E+00
   6.3768116E-01   2.4116692E+05   1.1899910E+05   3.6011436E+05   0.0000000E+00   0.0000000E+00   0.0000000E+00
   6.5217391E-01   2.2747255E+05   1.1524333E+05   3.4266537E+05   0.0000000E+00   0.0000000E+00   0.0000000E+00
   6.6666667E-01   2.1307226E+05   1.1010243E+05   3.2315822E+05   0.0000000E+00   0.0000000E+00   0.0000000E+00
   6.8115942E-01   1.9915577E+05   1.0114979E+05   3.0030556E+05   0.0000000E+00   0.0000000E+00   0.0000000E+00
   6.9565217E-01   1.8787134E+05   9.3738342E+04   2.8160968E+05   0.0000000E+00   0.0000000E+00   0.0000000E+00
   7.1014493E-01   1.7703203E+05   8.9737673E+04   2.6676970E+05   0.0000000E+00   0.0000000E+00   0.0000000E+00
   7.2463768E-01   1.6583825E+05   8.3017631E+04   2.4884073E+05   0.0000000E+00   0.0000000E+00   0.0000000E+00
   7.3913043E-01   1.5330053E+05   7.8106309E+04   2.3140684E+05   0.0000000E+00   0.0000000E+00   0.0000000E+00
   7.5362319E-01   1.4254193E+05   7.4476773E+04   2.1700413E+05   1.0657477E-10   0.0000000E+00   7.0004993E-11
   7.6811594E-01   1.3533463E+05   6.5637153E+04   2.0094319E+05   0.0000000E+00   0.0000000E+00   0.0000000E+00
   7.8260870E-01   1.2386188E+05   6.1502961E+04   1.8535081E+05   0.0000000E+00   0.0000000E+00   0.0000000E+00
   7.9710145E-01   1.1563062E+05   5.7546657E+04   1.7317727E+05   0.0000000E+00   0.0000000E+00   0.0000000E+00
   8.1159420E-01   1.0788276E+05   5.1959087E+04   1.5984185E+05   0.0000000E+00   0.0000000E+00   0.0000000E+00
   8.2608696E-01   9.7442279E+04   4.7817173E+04   1.4524616E+05   0.0000000E+00   0.0000000E+00   0.0000000E+00
   8.4057971E-01   8.7466329E+04   4.4797915E+04   1.3226424E+05   0.0000000E+00   0.0000000E+00   0.0000000E+00
   8.5507246E-01   8.0859494E+04   4.0044457E+04   1.2090395E+05   0.0000000E+00   0.0000000E+00   0.0000000E+00
   8.6956522E-01   7.3020558E+04   3.7369047E+04   1.1038961E+05   0.0000000E+00   0.0000000E+00   0.0000000E+00
   8.8405797E-01   6.5314418E+04   3.2495724E+04   9.7810142E+04   0.0000000E+00   0.0000000E+00   0.0000000E+00
   8.9855072E-01   5.8260174E+04   2.8867323E+04   8.7127497E+04   0.0000000E+00   0.0000000E+00   0.0000000E+00
   9.1304348E-01   4.9914401E+04   2.5209779E+04   7.5124180E+04   0.0000000E+00   0.0000000E+00   0.0000000E+00
   9.2753623E-01   4.2456934E+04   2.1346863E+04   6.3803797E+04   0.0000000E+00   0.0000000E+00   0.0000000E+00
   9.4202899E-01   3.4587765E+04   1.7696066E+04   5.2283831E+04   0.0000000E+00   0.0000000E+00   0.0000000E+00
   9.5652174E-01   2.7198155E+04   1.3581856E+04   4.0780011E+04   0.0000000E+00   0.0000000E+00   0.0000000E+00
   9.7101449E-01   1.8649370E+04   9.4321253E+03   2.8081495E+04   0.0000000E+00   0.0000000E+00   0.0000000E+00
   9.8550725E-01   6.7416279E+03   3.1535218E+03   9.8951496E+03   0.0000000E+00   0.0000000E+00   0.0000000E+00
   1.0000000E+00   0.0000000E+00   0.0000000E+00   0.0000000E+00   0.0000000E+00   0.0000000E+00   0.0000000E+00
