   0.0000000E+00   3.4552793E+05   2.1216627E+05   5.5769420E+05   0.0000000E+00   0.0000000E+00   0.0000000E+00
   1.4492754E-02   3.4855887E+05   1.7882586E+05   5.2738473E+05   0.0000000E+00   0.0000000E+00   0.0000000E+00
   2.8985507E-02   3.4439132E+05   1.6745981E+05   5.1185113E+05   0.0000000E+00   0.0000000E+00   0.0000000E+00
   4.3478261E-02   3.4956919E+05   1.7731038E+05   5.2687957E+05   0.0000000E+00   0.0000000E+00   0.0000000E+00
   5.7971014E-02   3.5992492E+05   1.7996246E+05   5.3988739E+05   0.0000000E+00   0.0000000E+00   0.0000000E+00
   7.2463768E-02   3.6083421E+05   1.7215777E+05   5.3299198E+05   0.0000000E+00   0.0000000E+00   0.0000000E+00
   8.6956522E-02   3.6990179E+05   1.8943417E+05   5.5933596E+05   0.0000000E+00   0.0000000E+00   0.0000000E+00
   1.0144928E-01   3.6014142E+05   1.9084140E+05   5.5098282E+05   0.0000000E+00   0.0000000E+00   0.0000000E+00
   1.1594203E-01   3.7024909E+05   1.8318284E+05   5.5343193E+05   0.0000000E+00   0.0000000E+00   0.0000000E+00
   1.3043478E-01   3.6750229E+05   1.8539291E+05   5.5289520E+05   0.0000000E+00   0.0000000E+00   0.0000000E+00
   1.4492754E-01   3.7295800E+05   2.0087599E+05   5.7383399E+05   0.0000000E+00   0.0000000E+00   0.0000000E+00
   1.5942029E-01   3.9471193E+05   1.9535829E+05   5.8993245E+05   0.0000000E+00   0.0000000E+00   0.0000000E+00
   1.7391304E-01   3.8960295E+05   2.0016877E+05   5.8977172E+05   0.0000000E+00   0.0000000E+00   0.0000000E+00
   1.8840580E-01   4.0002668E+05   1.9491319E+05   5.9493987E+05   0.0000000E+00   0.0000000E+00   0.0000000E+00
   2.0289855E-01   4.1870364E+05   2.0448066E+05   6.2318430E+05   0.0000000E+00   0.0000000E+00   0.0000000E+00
   2.1739130E-01   4.1145102E+05   2.1211576E+05   6.2351626E+05   0.0000000E+00   0.0000000E+00   0.0000000E+00
   2.3188406E-01   4.2523236E+05   2.1557609E+05   6.4080844E+05   0.0000000E+00   0.0000000E+00   0.0000000E+00
   2.4637681E-01   4.2246049E+05   2.1568752E+05   6.3814801E+05   0.0000000E+00   0.0000000E+00   0.0000000E+00
   2.6086957E-01   4.3696149E+05   2.2281668E+05   6.5973607E+05   0.0000000E+00   0.0000000E+00   0.0000000E+00
   2.7536232E-01   4.5025511E+05   2.2113947E+05   6.7131482E+05   0.0000000E+00   0.0000000E+00   0.0000000E+00
   2.8985507E-01   4.5161106E+05   2.2463104E+05   6.7620422E+05   0.0000000E+00   0.0000000E+00   0.0000000E+00
   3.0434783E-01   4.4320379E+05   2.2973855E+05   6.7294234E+05   0.0000000E+00   0.0000000E+00   0.0000000E+00
   3.1884058E-01   4.5567529E+05   2.2608107E+05   6.8175636E+05   0.0000000E+00   0.0000000E+00   0.0000000E+00
   3.3333333E-01   4.5306065E+05   2.2722217E+05   6.8024987E+05   0.0000000E+00   0.0000000E+00   0.0000000E+00
   3.4782609E-01   4.5713623E+05   2.2621597E+05   6.8338377E+05   0.0000000E+00   0.0000000E+00   0.0000000E+00
   3.6231884E-01   4.4482174E+05   2.2419913E+05   6.6892994E+05   0.0000000E+00   0.0000000E+00   0.0000000E+00
   3.7681159E-01   4.5490430E+05   2.2702957E+05   6.8190473E+05   0.0000000E+00   0.0000000E+00   0.0000000E+00
   3.9130435E-01   4.4209726E+05   2.2291491E+05   6.6501217E+05   0.0000000E+00   0.0000000E+00   0.0000000E+00
   4.0579710E-01   4.3534679E+05   2.1876941E+05   6.5406207E+05   0.0000000E+00   0.0000000E+00   0.0000000E+00
   4.2028986E-01   4.2833026E+05   2.1067693E+05   6.3892880E+05   0.0000000E+00   0.0000000E+00   0.0000000E+00
   4.3478261E-01   4.1910416E+05   2.0804924E+05   6.2712814E+05   0.0000000E+00   0.0000000E+00   0.0000000E+00
   4.4927536E-01   4.0653795E+05   2.0717988E+05   6.1364450E+05   0.0000000E+00   0.0000000E+00   0.0000000E+00
   4.6376812E-01   3.9842742E+05   2.0245777E+05   6.0088519E+05   0.0000000E+00   0.0000000E+00   0.0000000E+00
   4.7826087E-01   3.8646867E+05   1.9205181E+05   5.7847455E+05   0.0000000E+00   0.0000000E+00   0.0000000E+00
   4.9275362E-01   3.8103012E+05   1.9282170E+05   5.7371810E+05   0.0000000E+00   0.0000000E+00   0.0000000E+00
   5.0724638E-01   3.6455794E+05   1.8068772E+05   5.4524567E+05   0.0000000E+00   0.0000000E+00   0.0000000E+00
   5.2173913E-01   3.5041112E+05   1.7726829E+05   5.2761626E+05   0.0000000E+00   0.0000000E+00   0.0000000E+00
   5.3623188E-01   3.3977323E+05   1.6860665E+05   5.0831844E+05   0.0000000E+00   0.0000000E+00   0.0000000E+00
   5.5072464E-01   3.2540802E+05   1.6349166E+05   4.8887974E+05   0.0000000E+00   0.0000000E+00   0.0000000E+00
   5.6521739E-01   3.1082747E+05   1.5716236E+05   4.6798983E+05   0.0000000E+00   0.0000000E+00   0.0000000E+00
   5.7971014E-01   2.9379346E+05   1.4944462E+05   4.4318124E+05   0.0000000E+00   0.0000000E+00   0.0000000E+00
   5.9420290E-01   2.8143449E+05   1.3988558E+05   4.2126463E+05   0.0000000E+00   0.0000000E+00   0.0000000E+00
   6.0869565E-01   2.6730064E+05   1.3487713E+05   4.0217777E+05   0.0000000E+00   0.0000000E+00   0.0000000E+00
   6.2318841E-01   2.5377130E+05   1.2913243E+05   3.8288611E+05   0.0000000E+00   0.0000000E+00   0.0000000E+00
   6.3768116E-01   2.4158023E+05   1.2240892E+05   3.6398915E+05   0.0000000E+00   0.0000000E+00   0.0000000E+00
   6.5217391E-01   2.2732101E+05   1.1211135E+05   3.3941552E+05   0.0000000E+00   0.0000000E+00   0.0000000E+00
   6.6666667E-01   2.0987659E+05   1.0993771E+05   3.1979783E+05   0.0000000E+00   0.0000000E+00   0.0000000E+00
   6.8115942E-01   2.0218672E+05   9.9714923E+04   3.0188552E+05   0.0000000E+00   0.0000000E+00   0.0000000E+00
   6.9565217E-01   1.8761876E+05   9.4922306E+04   2.8250949E+05   0.0000000E+00   0.0000000E+00   0.0000000E+00
   7.1014493E-01   1.7616605E+05   9.0000561E+04   2.6615114E+05   0.0000000E+00   0.0000000E+00   0.0000000E+00
   7.2463768E-01   1.6744465E+05   8.3305571E+04   2.5075022E+05   0.0000000E+00   0.0000000E+00   0.0000000E+00
   7.3913043E-01   1.5300338E+05   7.6887987E+04   2.2987651E+05   0.0000000E+00   0.0000000E+00   0.0000000E+00
   7.5362319E-01   1.4675320E+05   7.1270964E+04   2.1799502E+05   0.0000000E+00   0.0000000E+00   0.0000000E+00
   7.6811594E-01   1.3437674E+05   6.6752313E+04   2.0111475E+05   0.0000000E+00   0.0000000E+00   0.0000000E+00
   7.8260870E-01   1.2626138E+05   6.2709727E+04   1.8897111E+05   0.0000000E+00   0.0000000E+00   0.0000000E+00
   7.9710145E-01   1.1641591E+05   5.7904860E+04   1.7430699E+05   0.0000000E+00   0.0000000E+00   0.0000000E+00
   8.1159420E-01   1.0481122E+05   5.3312188E+04   1.5812341E+05   0.0000000E+00   0.0000000E+00   0.0000000E+00
   8.2608696E-01   9.9143863E+04   4.8721139E+04   1.4786500E+05   0.0000000E+00   0.0000000E+00   0.0000000E+00
   8.4057971E-01   8.7975842E+04   4.6065165E+04   1.3404101E+05   0.0000000E+00   0.0000000E+00   0.0000000E+00
   8.5507246E-01   8.1013610E+04   3.9826126E+04   1.2083974E+05   0.0000000E+00   0.0000000E+00   0.0000000E+00
   8.6956522E-01   7.1644003E+04   3.6762858E+04   1.0840686E+05   0.0000000E+00   0.0000000E+00   0.0000000E+00
   8.8405797E-01   6.4979026E+04   3.2657209E+04   9.7636235E+04   0.0000000E+00   0.0000000E+00   0.0000000E+00
   8.9855072E-01   5.7869084E+04   2.7914042E+04   8.5783126E+04   0.0000000E+00   0.0000000E+00   0.0000000E+00
   9.1304348E-01   4.9974538E+04   2.4716649E+04   7.4691187E+04   0.0000000E+00   0.0000000E+00   0.0000000E+00
   9.2753623E-01   4.3534340E+04   2.0967995E+04   6.4502335E+04   0.0000000E+00   0.0000000E+00   0.0000000E+00
   9.4202899E-01   3.4576108E+04   1.7777668E+04   5.2353776E+04   0.0000000E+00   0.0000000E+00   0.0000000E+00
   9.5652174E-01   2.8472530E+04   1.4626614E+04   4.3099144E+04   0.0000000E+00   0.0000000E+00   0.0000000E+00
   9.7101449E-01   1.9192226E+04   9.1267687E+03   2.8318995E+04   0.0000000E+00   0.0000000E+00   0.0000000E+00
   9.8550725E-01   7.0982098E+03   3.0866627E+03   1.0184872E+04   0.0000000E+00   0.0000000E+00   0.0000000E+00
   1.0000000E+00   0.0000000E+00   0.0000000E+00   0.0000000E+00   0.0000000E+00   0.0000000E+00   0.0000000E+00
