   0.0000000E+00   2.6066142E+05   2.0610438E+05   4.6676580E+05   0.0000000E+00   0.0000000E+00   0.0000000E+00
   1.4492754E-02   3.3719282E+05   1.6670207E+05   5.0389489E+05   0.0000000E+00   0.0000000E+00   0.0000000E+00
   2.8985507E-02   3.4136038E+05   1.8375115E+05   5.2511152E+05   0.0000000E+00   0.0000000E+00   0.0000000E+00
   4.3478261E-02   3.4502277E+05   1.8008875E+05   5.2511152E+05   0.0000000E+00   0.0000000E+00   0.0000000E+00
   5.7971014E-02   3.5556794E+05   1.7484774E+05   5.3041568E+05   0.0000000E+00   0.0000000E+00   0.0000000E+00
   7.2463768E-02   3.4931661E+05   1.7458253E+05   5.2389914E+05   0.0000000E+00   0.0000000E+00   0.0000000E+00
   8.6956522E-02   3.6156669E+05   1.7693152E+05   5.3849820E+05   0.0000000E+00   0.0000000E+00   0.0000000E+00
   1.0144928E-01   3.5083208E+05   1.8088257E+05   5.3171466E+05   0.0000000E+00   0.0000000E+00   0.0000000E+00
   1.1594203E-01   3.6816531E+05   1.9293870E+05   5.6110401E+05   0.0000000E+00   0.0000000E+00   0.0000000E+00
   1.3043478E-01   3.7440611E+05   1.8699258E+05   5.6139869E+05   0.0000000E+00   0.0000000E+00   0.0000000E+00
   1.4492754E-01   3.7947453E+05   1.9466255E+05   5.7413709E+05   0.0000000E+00   0.0000000E+00   0.0000000E+00
   1.5942029E-01   3.9478081E+05   1.9508275E+05   5.8986357E+05   0.0000000E+00   0.0000000E+00   0.0000000E+00
   1.7391304E-01   3.8802433E+05   1.9360172E+05   5.8162605E+05   0.0000000E+00   0.0000000E+00   0.0000000E+00
   1.8840580E-01   4.0853665E+05   2.0528835E+05   6.1382500E+05   0.0000000E+00   0.0000000E+00   0.0000000E+00
   2.0289855E-01   4.1177576E+05   2.0789047E+05   6.1966624E+05   0.0000000E+00   0.0000000E+00   0.0000000E+00
   2.1739130E-01   4.1579538E+05   2.0827656E+05   6.2407193E+05   0.0000000E+00   0.0000000E+00   0.0000000E+00
   2.3188406E-01   4.2224877E+05   2.1297137E+05   6.3517278E+05   0.0000000E+00   0.0000000E+00   0.0000000E+00
   2.4637681E-01   4.3008243E+05   2.1648983E+05   6.4657226E+05   0.0000000E+00   0.0000000E+00   0.0000000E+00
   2.6086957E-01   4.2833171E+05   2.1608124E+05   6.4437086E+05   0.0000000E+00   0.0000000E+00   0.0000000E+00
   2.7536232E-01   4.4239858E+05   2.2361208E+05   6.6601066E+05   0.0000000E+00   0.0000000E+00   0.0000000E+00
   2.8985507E-01   4.4494298E+05   2.1856915E+05   6.6351213E+05   0.0000000E+00   0.0000000E+00   0.0000000E+00
   3.0434783E-01   4.5067291E+05   2.2753750E+05   6.7810217E+05   0.0000000E+00   0.0000000E+00   0.0000000E+00
   3.1884058E-01   4.5843069E+05   2.2914646E+05   6.8750827E+05   0.0000000E+00   0.0000000E+00   0.0000000E+00
   3.3333333E-01   4.5467496E+05   2.3022017E+05   6.8482924E+05   0.0000000E+00   0.0000000E+00   0.0000000E+00
   3.4782609E-01   4.5296868E+05   2.2760516E+05   6.8057383E+05   0.0000000E+00   0.0000000E+00   0.0000000E+00
   3.6231884E-01   4.5039869E+05   2.2477501E+05   6.7514339E+05   0.0000000E+00   0.0000000E+00   0.0000000E+00
   3.7681159E-01   4.4665663E+05   2.2338660E+05   6.6998495E+05   0.0000000E+00   0.0000000E+00   0.0000000E+00
   3.9130435E-01   4.4799077E+05   2.2092234E+05   6.6885698E+05   0.0000000E+00   0.0000000E+00   0.0000000E+00
   4.0579710E-01   4.3329007E+05   2.1441242E+05   6.4764837E+05   0.0000000E+00   0.0000000E+00   0.0000000E+00
   4.2028986E-01   4.2900961E+05   2.1574592E+05   6.4465102E+05   0.0000000E+00   0.0000000E+00   0.0000000E+00
   4.3478261E-01   4.2021551E+05   2.1325236E+05   6.3334158E+05   0.0000000E+00   0.0000000E+00   0.0000000E+00
   4.4927536E-01   4.1472640E+05   2.0397783E+05   6.1863089E+05   0.0000000E+00   0.0000000E+00   0.0000000E+00
   4.6376812E-01   4.0148205E+05   2.0013720E+05   6.0161925E+05   0.0000000E+00   0.0000000E+00   0.0000000E+00
   4.7826087E-01   3.8913223E+05   1.9641453E+05   5.8545492E+05   0.0000000E+00   0.0000000E+00   0.0000000E+00
   4.9275362E-01   3.8016095E+05   1.9123937E+05   5.7137803E+05   0.0000000E+00   0.0000000E+00   0.0000000E+00
   5.0724638E-01   3.6741569E+05   1.8222485E+05   5.4957559E+05   0.0000000E+00   0.0000000E+00   0.0000000E+00
   5.2173913E-01   3.5449448E+05   1.7520556E+05   5.2967899E+05   0.0000000E+00   0.0000000E+00   0.0000000E+00
   5.3623188E-01   3.3790960E+05   1.6844282E+05   5.0631146E+05   0.0000000E+00   0.0000000E+00   0.0000000E+00
   5.5072464E-01   3.2425148E+05   1.6034107E+05   4.8453273E+05   0.0000000E+00   0.0000000E+00   0.0000000E+00
   5.6521739E-01   3.1214866E+05   1.5648234E+05   4.6861157E+05   0.0000000E+00   0.0000000E+00   0.0000000E+00
   5.7971014E-01   2.9506266E+05   1.4902786E+05   4.4403370E+05   0.0000000E+00   0.0000000E+00   0.0000000E+00
   5.9420290E-01   2.7862532E+05   1.4095750E+05   4.1952738E+05   0.0000000E+00   0.0000000E+00   0.0000000E+00
   6.0869565E-01   2.7455326E+05   1.3265804E+05   4.0717522E+05   0.0000000E+00   0.0000000E+00   0.0000000E+00
   6.2318841E-01   2.5431758E+05   1.2747598E+05   3.8172307E+05   0.0000000E+00   0.0000000E+00   0.0000000E+00
   6.3768116E-01   2.3884205E+05   1.2127231E+05   3.6007992E+05   0.0000000E+00   0.0000000E+00   0.0000000E+00
   6.5217391E-01   2.2673165E+05   1.1623681E+05   3.4288427E+05   0.0000000E+00   0.0000000E+00   0.0000000E+00
   6.6666667E-01   2.1585612E+05   1.0740094E+05   3.2319117E+05   0.0000000E+00   0.0000000E+00   0.0000000E+00
   6.8115942E-01   1.9915577E+05   1.0029532E+05   2.9945109E+05   0.0000000E+00   0.0000000E+00   0.0000000E+00
   6.9565217E-01   1.9238619E+05   9.2475448E+04   2.8483006E+05   0.0000000E+00   0.0000000E+00   0.0000000E+00
   7.1014493E-01   1.7882586E+05   8.7696423E+04   2.6650682E+05   0.0000000E+00   0.0000000E+00   0.0000000E+00
   7.2463768E-01   1.6533814E+05   8.4245165E+04   2.4956815E+05   0.0000000E+00   0.0000000E+00   0.0000000E+00
   7.3913043E-01   1.5520230E+05   7.6486832E+04   2.3168913E+05   0.0000000E+00   0.0000000E+00   0.0000000E+00
   7.5362319E-01   1.4533972E+05   7.2480428E+04   2.1782015E+05   0.0000000E+00   0.0000000E+00   0.0000000E+00
   7.6811594E-01   1.3497721E+05   6.7924660E+04   2.0285898E+05   0.0000000E+00   0.0000000E+00   0.0000000E+00
   7.8260870E-01   1.2480204E+05   6.4337457E+04   1.8912546E+05   0.0000000E+00   0.0000000E+00   0.0000000E+00
   7.9710145E-01   1.1429425E+05   5.9296340E+04   1.7359059E+05   0.0000000E+00   0.0000000E+00   0.0000000E+00
   8.1159420E-01   1.0697618E+05   5.3731650E+04   1.6069430E+05   0.0000000E+00   0.0000000E+00   0.0000000E+00
   8.2608696E-01   9.7216287E+04   4.8189394E+04   1.4540568E+05   0.0000000E+00   0.0000000E+00   0.0000000E+00
   8.4057971E-01   8.7139719E+04   4.2224223E+04   1.2935088E+05   0.0000000E+00   0.0000000E+00   0.0000000E+00
   8.5507246E-01   8.0076072E+04   3.9620638E+04   1.1969671E+05   0.0000000E+00   0.0000000E+00   0.0000000E+00
   8.6956522E-01   7.2464885E+04   3.6005121E+04   1.0847001E+05   0.0000000E+00   0.0000000E+00   0.0000000E+00
   8.8405797E-01   6.6494500E+04   3.1887050E+04   9.8369128E+04   0.0000000E+00   0.0000000E+00   0.0000000E+00
   8.9855072E-01   5.7917970E+04   2.7706275E+04   8.5624245E+04   0.0000000E+00   0.0000000E+00   0.0000000E+00
   9.1304348E-01   4.9084499E+04   2.5390193E+04   7.4474691E+04   0.0000000E+00   0.0000000E+00   0.0000000E+00
   9.2753623E-01   4.2409575E+04   2.1429741E+04   6.3839316E+04   0.0000000E+00   0.0000000E+00   0.0000000E+00
   9.4202899E-01   3.5112352E+04   1.8232310E+04   5.3344663E+04   0.0000000E+00   0.0000000E+00   0.0000000E+00
   9.5652174E-01   2.6807805E+04   1.3719626E+04   4.0527432E+04   0.0000000E+00   0.0000000E+00   0.0000000E+00
   9.7101449E-01   1.9305321E+04   9.7035534E+03   2.9008875E+04   0.0000000E+00   0.0000000E+00   0.0000000E+00
   9.8550725E-01   6.6079096E+03   3.2760968E+03   9.8840065E+03   0.0000000E+00   0.0000000E+00   0.0000000E+00
   1.0000000E+00   0.0000000E+00   0.0000000E+00   0.0000000E+00   0.0000000E+00   0.0000000E+00   0.0000000E+00
