   0.0000000E+00   3.5158982E+05   1.1517598E+05   4.6676580E+05   0.0000000E+00   0.0000000E+00   0.0000000E+00
   1.4492754E-02   3.3643509E+05   1.7731038E+05   5.1374547E+05   0.0000000E+00   0.0000000E+00   0.0000000E+00
   2.8985507E-02   3.4704340E+05   1.8223567E+05   5.2927907E+05   0.0000000E+00   0.0000000E+00   0.0000000E+00
   4.3478261E-02   3.5411561E+05   1.7528975E+05   5.2940536E+05   0.0000000E+00   0.0000000E+00   0.0000000E+00
   5.7971014E-02   3.5916719E+05   1.8128850E+05   5.4045569E+05   0.0000000E+00   0.0000000E+00   0.0000000E+00
   7.2463768E-02   3.5931874E+05   1.6836909E+05   5.2768783E+05   0.0000000E+00   0.0000000E+00   0.0000000E+00
   8.6956522E-02   3.5878832E+05   1.7705781E+05   5.3584613E+05   0.0000000E+00   0.0000000E+00   0.0000000E+00
   1.0144928E-01   3.5029084E+05   1.7774338E+05   5.2803422E+05   0.0000000E+00   0.0000000E+00   0.0000000E+00
   1.1594203E-01   3.6020908E+05   1.8678209E+05   5.4699117E+05   0.0000000E+00   0.0000000E+00   0.0000000E+00
   1.3043478E-01   3.7061743E+05   1.9313866E+05   5.6367190E+05   0.0000000E+00   0.0000000E+00   0.0000000E+00
   1.4492754E-01   3.8030804E+05   1.9064655E+05   5.7095459E+05   0.0000000E+00   0.0000000E+00   0.0000000E+00
   1.5942029E-01   3.9457416E+05   1.9246512E+05   5.8697039E+05   0.0000000E+00   0.0000000E+00   0.0000000E+00
   1.7391304E-01   3.9844321E+05   1.9278084E+05   5.9122405E+05   0.0000000E+00   0.0000000E+00   0.0000000E+00
   1.8840580E-01   3.9553855E+05   2.0254884E+05   5.9797082E+05   0.0000000E+00   0.0000000E+00   0.0000000E+00
   2.0289855E-01   4.1329124E+05   2.0691624E+05   6.2020748E+05   0.0000000E+00   0.0000000E+00   0.0000000E+00
   2.1739130E-01   4.1316856E+05   2.0837759E+05   6.2154614E+05   0.0000000E+00   0.0000000E+00   0.0000000E+00
   2.3188406E-01   4.2324330E+05   2.1008250E+05   6.3332579E+05   0.0000000E+00   0.0000000E+00   0.0000000E+00
   2.4637681E-01   4.3226649E+05   2.1408290E+05   6.4630482E+05   0.0000000E+00   0.0000000E+00   0.0000000E+00
   2.6086957E-01   4.3872954E+05   2.2134330E+05   6.6007284E+05   0.0000000E+00   0.0000000E+00   0.0000000E+00
   2.7536232E-01   4.4534977E+05   2.2054126E+05   6.6589102E+05   0.0000000E+00   0.0000000E+00   0.0000000E+00
   2.8985507E-01   4.4562494E+05   2.2281247E+05   6.6843742E+05   0.0000000E+00   0.0000000E+00   0.0000000E+00
   3.0434783E-01   4.4818321E+05   2.2652719E+05   6.7467431E+05   0.0000000E+00   0.0000000E+00   0.0000000E+00
   3.1884058E-01   4.5212770E+05   2.3290070E+05   6.8502840E+05   0.0000000E+00   0.0000000E+00   0.0000000E+00
   3.3333333E-01   4.5226997E+05   2.2626676E+05   6.7853673E+05   0.0000000E+00   0.0000000E+00   0.0000000E+00
   3.4782609E-01   4.5391585E+05   2.2350075E+05   6.7741660E+05   0.0000000E+00   0.0000000E+00   0.0000000E+00
   3.6231884E-01   4.4745867E+05   2.2353232E+05   6.7099099E+05   0.0000000E+00   0.0000000E+00   0.0000000E+00
   3.7681159E-01   4.5437972E+05   2.2510608E+05   6.7939837E+05   0.0000000E+00   0.0000000E+00   0.0000000E+00
   3.9130435E-01   4.4100275E+05   2.2361651E+05   6.6459120E+05   0.0000000E+00   0.0000000E+00   0.0000000E+00
   4.0579710E-01   4.3596921E+05   2.1990601E+05   6.5584816E+05   0.0000000E+00   0.0000000E+00   0.0000000E+00
   4.2028986E-01   4.2503802E+05   2.1616399E+05   6.4112362E+05   0.0000000E+00   0.0000000E+00   0.0000000E+00
   4.3478261E-01   4.2304439E+05   2.1067606E+05   6.3359416E+05   0.0000000E+00   0.0000000E+00   0.0000000E+00
   4.4927536E-01   4.1020442E+05   2.0698433E+05   6.1718875E+05   0.0000000E+00   0.0000000E+00   0.0000000E+00
   4.6376812E-01   4.0060591E+05   2.0103701E+05   6.0161925E+05   0.0000000E+00   0.0000000E+00   0.0000000E+00
   4.7826087E-01   3.8674421E+05   1.9657527E+05   5.8331948E+05   0.0000000E+00   0.0000000E+00   0.0000000E+00
   4.9275362E-01   3.7862319E+05   1.8809699E+05   5.6672018E+05   0.0000000E+00   0.0000000E+00   0.0000000E+00
   5.0724638E-01   3.6373526E+05   1.8367537E+05   5.4738898E+05   0.0000000E+00   0.0000000E+00   0.0000000E+00
   5.2173913E-01   3.5312634E+05   1.7436363E+05   5.2744788E+05   0.0000000E+00   0.0000000E+00   0.0000000E+00
   5.3623188E-01   3.3897453E+05   1.6485893E+05   5.0381298E+05   0.0000000E+00   0.0000000E+00   0.0000000E+00
   5.5072464E-01   3.2391249E+05   1.6068006E+05   4.8453273E+05   0.0000000E+00   0.0000000E+00   0.0000000E+00
   5.6521739E-01   3.1166293E+05   1.5469486E+05   4.6631893E+05   0.0000000E+00   0.0000000E+00   0.0000000E+00
   5.7971014E-01   2.9826410E+05   1.5073277E+05   4.4895899E+05   0.0000000E+00   0.0000000E+00   0.0000000E+00
   5.9420290E-01   2.7844051E+05   1.4201094E+05   4.2041449E+05   0.0000000E+00   0.0000000E+00   0.0000000E+00
   6.0869565E-01   2.7040375E+05   1.3372248E+05   4.0412623E+05   0.0000000E+00   0.0000000E+00   0.0000000E+00
   6.2318841E-01   2.5442331E+05   1.2721165E+05   3.8159972E+05   0.0000000E+00   0.0000000E+00   0.0000000E+00
   6.3768116E-01   2.4199354E+05   1.1927464E+05   3.6125096E+05   0.0000000E+00   0.0000000E+00   0.0000000E+00
   6.5217391E-01   2.2927428E+05   1.1435088E+05   3.4359149E+05   0.0000000E+00   0.0000000E+00   0.0000000E+00
   6.6666667E-01   2.1526311E+05   1.0952590E+05   3.2475606E+05   0.0000000E+00   0.0000000E+00   0.0000000E+00
   6.8115942E-01   2.0120327E+05   1.0011797E+05   3.0132125E+05   0.0000000E+00   0.0000000E+00   0.0000000E+00
   6.9565217E-01   1.8908688E+05   9.5885263E+04   2.8497214E+05   0.0000000E+00   0.0000000E+00   0.0000000E+00
   7.1014493E-01   1.7463511E+05   8.8856224E+04   2.6347587E+05   0.0000000E+00   0.0000000E+00   0.0000000E+00
   7.2463768E-01   1.6609588E+05   8.5851566E+04   2.5193229E+05   0.0000000E+00   0.0000000E+00   0.0000000E+00
   7.3913043E-01   1.5494972E+05   7.6754269E+04   2.3168913E+05   0.0000000E+00   0.0000000E+00   0.0000000E+00
   7.5362319E-01   1.4504829E+05   7.1882982E+04   2.1693127E+05   0.0000000E+00   0.0000000E+00   0.0000000E+00
   7.6811594E-01   1.3443393E+05   6.6466374E+04   2.0087171E+05   0.0000000E+00   0.0000000E+00   0.0000000E+00
   7.8260870E-01   1.2396011E+05   6.2597469E+04   1.8654355E+05   0.0000000E+00   0.0000000E+00   0.0000000E+00
   7.9710145E-01   1.1529997E+05   5.8442164E+04   1.7372836E+05   0.0000000E+00   0.0000000E+00   0.0000000E+00
   8.1159420E-01   1.0769333E+05   5.4042863E+04   1.6172266E+05   0.0000000E+00   0.0000000E+00   0.0000000E+00
   8.2608696E-01   9.7242874E+04   4.9345940E+04   1.4658881E+05   0.0000000E+00   0.0000000E+00   0.0000000E+00
   8.4057971E-01   8.9765668E+04   4.4379854E+04   1.3414552E+05   0.0000000E+00   0.0000000E+00   0.0000000E+00
   8.5507246E-01   8.1565859E+04   3.9916027E+04   1.2148189E+05   0.0000000E+00   0.0000000E+00   0.0000000E+00
   8.6956522E-01   7.2793237E+04   3.6510279E+04   1.0930352E+05   0.0000000E+00   0.0000000E+00   0.0000000E+00
   8.8405797E-01   6.5711919E+04   3.3253461E+04   9.8952958E+04   0.0000000E+00   0.0000000E+00   0.0000000E+00
   8.9855072E-01   5.7319114E+04   2.9356186E+04   8.6675299E+04   0.0000000E+00   0.0000000E+00   0.0000000E+00
   9.1304348E-01   4.8904085E+04   2.3670251E+04   7.2574336E+04   0.0000000E+00   0.0000000E+00   0.0000000E+00
   9.2753623E-01   4.3901369E+04   2.1181108E+04   6.5082477E+04   0.0000000E+00   0.0000000E+00   0.0000000E+00
   9.4202899E-01   3.5485392E+04   1.7952531E+04   5.3437922E+04   0.0000000E+00   0.0000000E+00   0.0000000E+00
   9.5652174E-01   2.7278521E+04   1.4201822E+04   4.1480343E+04   0.0000000E+00   0.0000000E+00   0.0000000E+00
   9.7101449E-01   1.9203536E+04   9.4321253E+03   2.8635661E+04   0.0000000E+00   0.0000000E+00   0.0000000E+00
   9.8550725E-01   6.6524824E+03   3.2983832E+03   9.9508656E+03   0.0000000E+00   0.0000000E+00   0.0000000E+00
   1.0000000E+00   0.0000000E+00   0.0000000E+00   0.0000000E+00   0.0000000E+00   0.0000000E+00   0.0000000E+00
