   0.0000000E+00   3.0309467E+05   2.1216627E+05   5.1526095E+05   0.0000000E+00   0.0000000E+00   0.0000000E+00
   1.4492754E-02   3.6144040E+05   1.7200623E+05   5.3344663E+05   0.0000000E+00   0.0000000E+00   0.0000000E+00
   2.8985507E-02   3.4742227E+05   1.7503717E+05   5.2245944E+05   0.0000000E+00   0.0000000E+00   0.0000000E+00
   4.3478261E-02   3.4527535E+05   1.7478460E+05   5.2005994E+05   0.0000000E+00   0.0000000E+00   0.0000000E+00
   5.7971014E-02   3.5765171E+05   1.7882586E+05   5.3647757E+05   0.0000000E+00   0.0000000E+00   0.0000000E+00
   7.2463768E-02   3.6674456E+05   1.7321861E+05   5.3996316E+05   0.0000000E+00   0.0000000E+00   0.0000000E+00
   8.6956522E-02   3.6080895E+05   1.8956046E+05   5.5036941E+05   0.0000000E+00   0.0000000E+00   0.0000000E+00
   1.0144928E-01   3.6512083E+05   1.9008366E+05   5.5520449E+05   0.0000000E+00   0.0000000E+00   0.0000000E+00
   1.1594203E-01   3.6901777E+05   1.8507719E+05   5.5409495E+05   0.0000000E+00   0.0000000E+00   0.0000000E+00
   1.3043478E-01   3.7179613E+05   1.8606645E+05   5.5786259E+05   0.0000000E+00   0.0000000E+00   0.0000000E+00
   1.4492754E-01   3.8083846E+05   1.9526874E+05   5.7610720E+05   0.0000000E+00   0.0000000E+00   0.0000000E+00
   1.5942029E-01   3.7514854E+05   1.9894032E+05   5.7408887E+05   0.0000000E+00   0.0000000E+00   0.0000000E+00
   1.7391304E-01   3.9856950E+05   1.9770613E+05   5.9627563E+05   0.0000000E+00   0.0000000E+00   0.0000000E+00
   1.8840580E-01   4.0364050E+05   2.0231569E+05   6.0595620E+05   0.0000000E+00   0.0000000E+00   0.0000000E+00
   2.0289855E-01   4.1204638E+05   2.0458890E+05   6.1663529E+05   0.0000000E+00   0.0000000E+00   0.0000000E+00
   2.1739130E-01   4.2054386E+05   2.1171163E+05   6.3225549E+05   0.0000000E+00   0.0000000E+00   0.0000000E+00
   2.3188406E-01   4.1206668E+05   2.1718628E+05   6.2925296E+05   0.0000000E+00   0.0000000E+00   0.0000000E+00
   2.4637681E-01   4.3182076E+05   2.2050138E+05   6.5232214E+05   0.0000000E+00   0.0000000E+00   0.0000000E+00
   2.6086957E-01   4.4790657E+05   2.2151169E+05   6.6937617E+05   0.0000000E+00   0.0000000E+00   0.0000000E+00
   2.7536232E-01   4.4634679E+05   2.2508768E+05   6.7139458E+05   0.0000000E+00   0.0000000E+00   0.0000000E+00
   2.8985507E-01   4.5032291E+05   2.2357021E+05   6.7385523E+05   0.0000000E+00   0.0000000E+00   0.0000000E+00
   3.0434783E-01   4.5384819E+05   2.2526429E+05   6.7907640E+05   0.0000000E+00   0.0000000E+00   0.0000000E+00
   3.1884058E-01   4.5801738E+05   2.2494447E+05   6.8292741E+05   0.0000000E+00   0.0000000E+00   0.0000000E+00
   3.3333333E-01   4.5549858E+05   2.2959422E+05   6.8499396E+05   0.0000000E+00   0.0000000E+00   0.0000000E+00
   3.4782609E-01   4.4611747E+05   2.2397433E+05   6.6999709E+05   0.0000000E+00   0.0000000E+00   0.0000000E+00
   3.6231884E-01   4.4697372E+05   2.2356263E+05   6.7050604E+05   0.0000000E+00   0.0000000E+00   0.0000000E+00
   3.7681159E-01   4.5402999E+05   2.2082196E+05   6.7479366E+05   0.0000000E+00   0.0000000E+00   0.0000000E+00
   3.9130435E-01   4.4080630E+05   2.2036105E+05   6.6116735E+05   0.0000000E+00   0.0000000E+00   0.0000000E+00
   4.0579710E-01   4.3020500E+05   2.2044725E+05   6.5062519E+05   0.0000000E+00   0.0000000E+00   0.0000000E+00
   4.2028986E-01   4.2987186E+05   2.1713075E+05   6.4695036E+05   0.0000000E+00   0.0000000E+00   0.0000000E+00
   4.3478261E-01   4.1660363E+05   2.0749356E+05   6.2402142E+05   0.0000000E+00   0.0000000E+00   0.0000000E+00
   4.4927536E-01   4.1074217E+05   2.0891534E+05   6.1958418E+05   0.0000000E+00   0.0000000E+00   0.0000000E+00
   4.6376812E-01   4.0112686E+05   2.0203154E+05   6.0306368E+05   0.0000000E+00   0.0000000E+00   0.0000000E+00
   4.7826087E-01   3.8780045E+05   1.9664415E+05   5.8437572E+05   0.0000000E+00   0.0000000E+00   0.0000000E+00
   4.9275362E-01   3.7869005E+05   1.9271027E+05   5.7137803E+05   0.0000000E+00   0.0000000E+00   0.0000000E+00
   5.0724638E-01   3.6514248E+05   1.8157536E+05   5.4669619E+05   0.0000000E+00   0.0000000E+00   0.0000000E+00
   5.2173913E-01   3.5468391E+05   1.7781554E+05   5.3239421E+05   0.0000000E+00   0.0000000E+00   0.0000000E+00
   5.3623188E-01   3.3995754E+05   1.6858617E+05   5.0844132E+05   0.0000000E+00   0.0000000E+00   0.0000000E+00
   5.5072464E-01   3.2391249E+05   1.5758929E+05   4.8150178E+05   0.0000000E+00   0.0000000E+00   0.0000000E+00
   5.6521739E-01   3.1205151E+05   1.5488915E+05   4.6692123E+05   0.0000000E+00   0.0000000E+00   0.0000000E+00
   5.7971014E-01   2.9854825E+05   1.4872477E+05   4.4715936E+05   0.0000000E+00   0.0000000E+00   0.0000000E+00
   5.9420290E-01   2.8330111E+05   1.4409934E+05   4.2738197E+05   0.0000000E+00   0.0000000E+00   0.0000000E+00
   6.0869565E-01   2.6868982E+05   1.3247763E+05   4.0111333E+05   0.0000000E+00   0.0000000E+00   0.0000000E+00
   6.2318841E-01   2.5287259E+05   1.2603099E+05   3.7886834E+05   0.0000000E+00   0.0000000E+00   0.0000000E+00
   6.3768116E-01   2.4349179E+05   1.2035958E+05   3.6379971E+05   0.0000000E+00   0.0000000E+00   0.0000000E+00
   6.5217391E-01   2.2691688E+05   1.1069691E+05   3.3756327E+05   0.0000000E+00   0.0000000E+00   0.0000000E+00
   6.6666667E-01   2.1214980E+05   1.0580310E+05   3.1791996E+05   0.0000000E+00   0.0000000E+00   0.0000000E+00
   6.8115942E-01   1.9888170E+05   1.0184303E+05   3.0067637E+05   0.0000000E+00   0.0000000E+00   0.0000000E+00
   6.9565217E-01   1.8706624E+05   9.5964194E+04   2.8303044E+05   0.0000000E+00   0.0000000E+00   0.0000000E+00
   7.1014493E-01   1.7964545E+05   8.9041792E+04   2.6868724E+05   0.0000000E+00   0.0000000E+00   0.0000000E+00
   7.2463768E-01   1.6354989E+05   8.5518162E+04   2.4906805E+05   0.0000000E+00   0.0000000E+00   0.0000000E+00
   7.3913043E-01   1.5456343E+05   7.8566894E+04   2.3313032E+05   0.0000000E+00   0.0000000E+00   0.0000000E+00
   7.5362319E-01   1.4394083E+05   7.2057844E+04   2.1599867E+05   0.0000000E+00   0.0000000E+00   0.0000000E+00
   7.6811594E-01   1.3489143E+05   6.7438565E+04   2.0231569E+05   0.0000000E+00   0.0000000E+00   0.0000000E+00
   7.8260870E-01   1.2417059E+05   6.1966022E+04   1.8612258E+05   0.0000000E+00   0.0000000E+00   0.0000000E+00
   7.9710145E-01   1.1656746E+05   5.6968022E+04   1.7352170E+05   0.0000000E+00   0.0000000E+00   0.0000000E+00
   8.1159420E-01   1.0759861E+05   5.4151111E+04   1.6174972E+05   0.0000000E+00   0.0000000E+00   0.0000000E+00
   8.2608696E-01   9.8731761E+04   4.7923522E+04   1.4664199E+05   0.0000000E+00   0.0000000E+00   0.0000000E+00
   8.4057971E-01   9.0379696E+04   4.3295506E+04   1.3367520E+05   0.0000000E+00   0.0000000E+00   0.0000000E+00
   8.5507246E-01   7.9960485E+04   3.9325250E+04   1.1928573E+05   0.0000000E+00   0.0000000E+00   0.0000000E+00
   8.6956522E-01   7.1479827E+04   3.6623940E+04   1.0810377E+05   0.0000000E+00   0.0000000E+00   0.0000000E+00
   8.8405797E-01   6.2879723E+04   3.3290726E+04   9.6170449E+04   0.0000000E+00   0.0000000E+00   0.0000000E+00
   8.9855072E-01   5.7270227E+04   2.8830659E+04   8.6100886E+04   0.0000000E+00   0.0000000E+00   0.0000000E+00
   9.1304348E-01   5.0094814E+04   2.5005311E+04   7.5100125E+04   0.0000000E+00   0.0000000E+00   0.0000000E+00
   9.2753623E-01   4.1651838E+04   2.1039033E+04   6.2690871E+04   0.0000000E+00   0.0000000E+00   0.0000000E+00
   9.4202899E-01   3.4681025E+04   1.6786782E+04   5.1467807E+04   0.0000000E+00   0.0000000E+00   0.0000000E+00
   9.5652174E-01   2.8242913E+04   1.3157064E+04   4.1399977E+04   0.0000000E+00   0.0000000E+00   0.0000000E+00
   9.7101449E-01   1.9576749E+04   9.2624827E+03   2.8839232E+04   0.0000000E+00   0.0000000E+00   0.0000000E+00
   9.8550725E-01   6.5856232E+03   3.1535218E+03   9.7391450E+03   0.0000000E+00   0.0000000E+00   0.0000000E+00
   1.0000000E+00   0.0000000E+00   0.0000000E+00   0.0000000E+00   0.0000000E+00   0.0000000E+00   0.0000000E+00
