   0.0000000E+00   3.3340414E+05   2.5459953E+05   5.8800367E+05   0.0000000E+00   0.0000000E+00   0.0000000E+00
   1.4492754E-02   3.5007435E+05   1.7124849E+05   5.2132284E+05   0.0000000E+00   0.0000000E+00   0.0000000E+00
   2.8985507E-02   3.4325472E+05   1.7427944E+05   5.1753416E+05   0.0000000E+00   0.0000000E+00   0.0000000E+00
   4.3478261E-02   3.4931661E+05   1.8337228E+05   5.3268889E+05   0.0000000E+00   0.0000000E+00   0.0000000E+00
   5.7971014E-02   3.5443133E+05   1.7522661E+05   5.2965794E+05   0.0000000E+00   0.0000000E+00   0.0000000E+00
   7.2463768E-02   3.4749804E+05   1.7731038E+05   5.2480843E+05   0.0000000E+00   0.0000000E+00   0.0000000E+00
   8.6956522E-02   3.7533224E+05   1.7099591E+05   5.4632815E+05   0.0000000E+00   0.0000000E+00   0.0000000E+00
   1.0144928E-01   3.6263113E+05   1.8575374E+05   5.4838486E+05   0.0000000E+00   0.0000000E+00   0.0000000E+00
   1.1594203E-01   3.5983021E+05   1.9341229E+05   5.5324250E+05   0.0000000E+00   0.0000000E+00   0.0000000E+00
   1.3043478E-01   3.6607101E+05   1.7983617E+05   5.4590718E+05   0.0000000E+00   0.0000000E+00   0.0000000E+00
   1.4492754E-01   3.7636781E+05   1.8935840E+05   5.6565043E+05   0.0000000E+00   0.0000000E+00   0.0000000E+00
   1.5942029E-01   3.9546966E+05   1.9177627E+05   5.8717704E+05   0.0000000E+00   0.0000000E+00   0.0000000E+00
   1.7391304E-01   4.0040069E+05   1.9669581E+05   5.9709651E+05   0.0000000E+00   0.0000000E+00   0.0000000E+00
   1.8840580E-01   3.9582999E+05   1.9199882E+05   5.8777052E+05   0.0000000E+00   0.0000000E+00   0.0000000E+00
   2.0289855E-01   4.1053091E+05   2.0437241E+05   6.1484920E+05   0.0000000E+00   0.0000000E+00   0.0000000E+00
   2.1739130E-01   4.1887684E+05   2.0736727E+05   6.2614308E+05   0.0000000E+00   0.0000000E+00   0.0000000E+00
   2.3188406E-01   4.2433254E+05   2.1268722E+05   6.3697240E+05   0.0000000E+00   0.0000000E+00   0.0000000E+00
   2.4637681E-01   4.3614432E+05   2.1488521E+05   6.5102953E+05   0.0000000E+00   0.0000000E+00   0.0000000E+00
   2.6086957E-01   4.4916947E+05   2.1608124E+05   6.6525071E+05   0.0000000E+00   0.0000000E+00   0.0000000E+00
   2.7536232E-01   4.4443251E+05   2.2193709E+05   6.6632971E+05   0.0000000E+00   0.0000000E+00   0.0000000E+00
   2.8985507E-01   4.5123220E+05   2.2326711E+05   6.7446142E+05   0.0000000E+00   0.0000000E+00   0.0000000E+00
   3.0434783E-01   4.5005951E+05   2.2710451E+05   6.7701969E+05   0.0000000E+00   0.0000000E+00   0.0000000E+00
   3.1884058E-01   4.4782238E+05   2.2690769E+05   6.7462675E+05   0.0000000E+00   0.0000000E+00   0.0000000E+00
   3.3333333E-01   4.5717878E+05   2.3025312E+05   6.8736601E+05   0.0000000E+00   0.0000000E+00   0.0000000E+00
   3.4782609E-01   4.5262138E+05   2.2369018E+05   6.7624842E+05   0.0000000E+00   0.0000000E+00   0.0000000E+00
   3.6231884E-01   4.5076240E+05   2.2547213E+05   6.7614360E+05   0.0000000E+00   0.0000000E+00   0.0000000E+00
   3.7681159E-01   4.3872954E+05   2.2248315E+05   6.6121269E+05   0.0000000E+00   0.0000000E+00   0.0000000E+00
   3.9130435E-01   4.3951534E+05   2.2013654E+05   6.5962382E+05   0.0000000E+00   0.0000000E+00   0.0000000E+00
   4.0579710E-01   4.3872954E+05   2.1514309E+05   6.5381851E+05   0.0000000E+00   0.0000000E+00   0.0000000E+00
   4.2028986E-01   4.2647511E+05   2.1956074E+05   6.4598359E+05   0.0000000E+00   0.0000000E+00   0.0000000E+00
   4.3478261E-01   4.2072066E+05   2.1555083E+05   6.3614520E+05   0.0000000E+00   0.0000000E+00   0.0000000E+00
   4.4927536E-01   4.1091327E+05   2.1040637E+05   6.2127075E+05   0.0000000E+00   0.0000000E+00   0.0000000E+00
   4.6376812E-01   4.0564960E+05   1.9885852E+05   6.0448444E+05   0.0000000E+00   0.0000000E+00   0.0000000E+00
   4.7826087E-01   3.9106101E+05   1.9528941E+05   5.8632746E+05   0.0000000E+00   0.0000000E+00   0.0000000E+00
   4.9275362E-01   3.7813289E+05   1.8693810E+05   5.6502642E+05   0.0000000E+00   0.0000000E+00   0.0000000E+00
   5.0724638E-01   3.6598682E+05   1.8434651E+05   5.5031168E+05   0.0000000E+00   0.0000000E+00   0.0000000E+00
   5.2173913E-01   3.5339997E+05   1.7358485E+05   5.2698482E+05   0.0000000E+00   0.0000000E+00   0.0000000E+00
   5.3623188E-01   3.3723378E+05   1.6961014E+05   5.0676201E+05   2.5001710E-05   0.0000000E+00   1.6637832E-05
   5.5072464E-01   3.2526844E+05   1.6159732E+05   4.8682588E+05   0.0000000E+00   0.0000000E+00   0.0000000E+00
   5.6521739E-01   3.0569818E+05   1.5652120E+05   4.6219995E+05   0.0000000E+00   0.0000000E+00   0.0000000E+00
   5.7971014E-01   2.9102772E+05   1.4874371E+05   4.3975248E+05   0.0000000E+00   0.0000000E+00   0.0000000E+00
   5.9420290E-01   2.8272819E+05   1.4125321E+05   4.2394443E+05   0.0000000E+00   0.0000000E+00   0.0000000E+00
   6.0869565E-01   2.7173881E+05   1.3531012E+05   4.0703089E+05   0.0000000E+00   0.0000000E+00   0.0000000E+00
   6.2318841E-01   2.5511056E+05   1.2837469E+05   3.8346763E+05   0.0000000E+00   0.0000000E+00   0.0000000E+00
   6.3768116E-01   2.4164912E+05   1.2018737E+05   3.6180205E+05   0.0000000E+00   0.0000000E+00   0.0000000E+00
   6.5217391E-01   2.3018357E+05   1.1413198E+05   3.4428187E+05   0.0000000E+00   0.0000000E+00   0.0000000E+00
   6.6666667E-01   2.1369822E+05   1.0883405E+05   3.2249932E+05   0.0000000E+00   0.0000000E+00   0.0000000E+00
   6.8115942E-01   2.0325077E+05   1.0084347E+05   3.0407812E+05   0.0000000E+00   0.0000000E+00   0.0000000E+00
   6.9565217E-01   1.8921316E+05   9.5553753E+04   2.8473535E+05   0.0000000E+00   0.0000000E+00   0.0000000E+00
   7.1014493E-01   1.7763513E+05   8.8949008E+04   2.6655321E+05   0.0000000E+00   0.0000000E+00   0.0000000E+00
   7.2463768E-01   1.6483804E+05   8.3835987E+04   2.4865887E+05   0.0000000E+00   0.0000000E+00   0.0000000E+00
   7.3913043E-01   1.5636119E+05   7.6962275E+04   2.3329375E+05   0.0000000E+00   0.0000000E+00   0.0000000E+00
   7.5362319E-01   1.4541258E+05   7.1737263E+04   2.1713528E+05   0.0000000E+00   0.0000000E+00   0.0000000E+00
   7.6811594E-01   1.3441963E+05   6.6995360E+04   2.0137210E+05   0.0000000E+00   0.0000000E+00   0.0000000E+00
   7.8260870E-01   1.2259899E+05   6.3495528E+04   1.8608048E+05   0.0000000E+00   0.0000000E+00   0.0000000E+00
   7.9710145E-01   1.1568573E+05   5.7395110E+04   1.7308084E+05   0.0000000E+00   0.0000000E+00   0.0000000E+00
   8.1159420E-01   1.0631316E+05   5.3772243E+04   1.6008541E+05   0.0000000E+00   0.0000000E+00   0.0000000E+00
   8.2608696E-01   9.9383148E+04   4.8880663E+04   1.4825052E+05   0.0000000E+00   0.0000000E+00   0.0000000E+00
   8.4057971E-01   8.8420032E+04   4.3622117E+04   1.3202908E+05   0.0000000E+00   0.0000000E+00   0.0000000E+00
   8.5507246E-01   8.0679692E+04   4.1226013E+04   1.2190571E+05   0.0000000E+00   0.0000000E+00   0.0000000E+00
   8.6956522E-01   7.2881640E+04   3.6282958E+04   1.0916460E+05   0.0000000E+00   0.0000000E+00   0.0000000E+00
   8.8405797E-01   6.4606369E+04   3.1651034E+04   9.6257403E+04   0.0000000E+00   0.0000000E+00   0.0000000E+00
   8.9855072E-01   5.7710204E+04   2.7449622E+04   8.5159826E+04   0.0000000E+00   0.0000000E+00   0.0000000E+00
   9.1304348E-01   4.8723672E+04   2.4596373E+04   7.3320045E+04   0.0000000E+00   0.0000000E+00   0.0000000E+00
   9.2753623E-01   4.1509763E+04   2.1394222E+04   6.2892145E+04   0.0000000E+00   0.0000000E+00   0.0000000E+00
   9.4202899E-01   3.4681025E+04   1.7602806E+04   5.2283831E+04   0.0000000E+00   0.0000000E+00   0.0000000E+00
   9.5652174E-01   2.8162547E+04   1.4396997E+04   4.2559544E+04   0.0000000E+00   0.0000000E+00   0.0000000E+00
   9.7101449E-01   1.9124369E+04   9.4321253E+03   2.8556494E+04   0.0000000E+00   0.0000000E+00   0.0000000E+00
   9.8550725E-01   6.4184754E+03   3.6326788E+03   1.0051154E+04   0.0000000E+00   0.0000000E+00   0.0000000E+00
   1.0000000E+00   0.0000000E+00   0.0000000E+00   0.0000000E+00   0.0000000E+00   0.0000000E+00   0.0000000E+00
