   0.0000000E+00   3.8189929E+05   1.7579491E+05   5.5769420E+05   0.0000000E+00   0.0000000E+00   0.0000000E+00
   1.4492754E-02   3.3719282E+05   1.8791870E+05   5.2511152E+05   0.0000000E+00   0.0000000E+00   0.0000000E+00
   2.8985507E-02   3.5234756E+05   1.7617378E+05   5.2852134E+05   0.0000000E+00   0.0000000E+00   0.0000000E+00
   4.3478261E-02   3.4603309E+05   1.6821754E+05   5.1425063E+05   0.0000000E+00   0.0000000E+00   0.0000000E+00
   5.7971014E-02   3.3870830E+05   1.7958359E+05   5.1829189E+05   0.0000000E+00   0.0000000E+00   0.0000000E+00
   7.2463768E-02   3.4704340E+05   1.8094752E+05   5.2799092E+05   0.0000000E+00   0.0000000E+00   0.0000000E+00
   8.6956522E-02   3.5234756E+05   1.7819441E+05   5.3054197E+05   0.0000000E+00   0.0000000E+00   0.0000000E+00
   1.0144928E-01   3.6328062E+05   1.8521250E+05   5.4849311E+05   0.0000000E+00   0.0000000E+00   0.0000000E+00
   1.1594203E-01   3.6674456E+05   1.8583492E+05   5.5257948E+05   0.0000000E+00   0.0000000E+00   0.0000000E+00
   1.3043478E-01   3.7524804E+05   1.8631903E+05   5.6156708E+05   0.0000000E+00   0.0000000E+00   0.0000000E+00
   1.4492754E-01   3.8493024E+05   1.8829757E+05   5.7322780E+05   0.0000000E+00   0.0000000E+00   0.0000000E+00
   1.5942029E-01   3.7914388E+05   1.9673600E+05   5.7587988E+05   0.0000000E+00   0.0000000E+00   0.0000000E+00
   1.7391304E-01   4.0052698E+05   1.9543292E+05   5.9595990E+05   0.0000000E+00   0.0000000E+00   0.0000000E+00
   1.8840580E-01   3.9996839E+05   2.0237398E+05   6.0222580E+05   0.0000000E+00   0.0000000E+00   0.0000000E+00
   2.0289855E-01   4.1063916E+05   2.0404766E+05   6.1468682E+05   0.0000000E+00   0.0000000E+00   0.0000000E+00
   2.1739130E-01   4.1630053E+05   2.0908481E+05   6.2533483E+05   0.0000000E+00   0.0000000E+00   0.0000000E+00
   2.3188406E-01   4.2234348E+05   2.0989306E+05   6.3223655E+05   0.0000000E+00   0.0000000E+00   0.0000000E+00
   2.4637681E-01   4.3498543E+05   2.1974364E+05   6.5468450E+05   0.0000000E+00   0.0000000E+00   0.0000000E+00
   2.6086957E-01   4.4622271E+05   2.1730204E+05   6.6348266E+05   0.0000000E+00   0.0000000E+00   0.0000000E+00
   2.7536232E-01   4.4614738E+05   2.1994304E+05   6.6605055E+05   0.0000000E+00   0.0000000E+00   0.0000000E+00
   2.8985507E-01   4.4543551E+05   2.2470681E+05   6.7010444E+05   0.0000000E+00   0.0000000E+00   0.0000000E+00
   3.0434783E-01   4.4876053E+05   2.2454264E+05   6.7323100E+05   0.0000000E+00   0.0000000E+00   0.0000000E+00
   3.1884058E-01   4.5736297E+05   2.3234962E+05   6.8964371E+05   0.0000000E+00   0.0000000E+00   0.0000000E+00
   3.3333333E-01   4.5734351E+05   2.2208274E+05   6.7939330E+05   0.0000000E+00   0.0000000E+00   0.0000000E+00
   3.4782609E-01   4.5236880E+05   2.2773145E+05   6.7997396E+05   0.0000000E+00   0.0000000E+00   0.0000000E+00
   3.6231884E-01   4.4967126E+05   2.2686636E+05   6.7644669E+05   0.0000000E+00   0.0000000E+00   0.0000000E+00
   3.7681159E-01   4.5385513E+05   2.1659612E+05   6.7039296E+05   0.0000000E+00   0.0000000E+00   0.0000000E+00
   3.9130435E-01   4.4063791E+05   2.1626366E+05   6.5687351E+05   0.0000000E+00   0.0000000E+00   0.0000000E+00
   4.0579710E-01   4.3683520E+05   2.1960833E+05   6.5641646E+05   0.0000000E+00   0.0000000E+00   0.0000000E+00
   4.2028986E-01   4.2869606E+05   2.0931823E+05   6.3793590E+05   0.0000000E+00   0.0000000E+00   0.0000000E+00
   4.3478261E-01   4.2455986E+05   2.1499516E+05   6.3952976E+05   0.0000000E+00   0.0000000E+00   0.0000000E+00
   4.4927536E-01   4.1621743E+05   2.0588439E+05   6.2205293E+05   0.0000000E+00   0.0000000E+00   0.0000000E+00
   4.6376812E-01   4.0477346E+05   1.9755616E+05   6.0214019E+05   0.0000000E+00   0.0000000E+00   0.0000000E+00
   4.7826087E-01   3.8460877E+05   1.9678192E+05   5.8134477E+05   0.0000000E+00   0.0000000E+00   0.0000000E+00
   4.9275362E-01   3.7501280E+05   1.9108336E+05   5.6602930E+05   0.0000000E+00   0.0000000E+00   0.0000000E+00
   5.0724638E-01   3.7074973E+05   1.8363207E+05   5.5433851E+05   0.0000000E+00   0.0000000E+00   0.0000000E+00
   5.2173913E-01   3.4992701E+05   1.7703676E+05   5.2690062E+05   0.0000000E+00   0.0000000E+00   0.0000000E+00
   5.3623188E-01   3.3780721E+05   1.7001973E+05   5.0770406E+05   0.0000000E+00   0.0000000E+00   0.0000000E+00
   5.5072464E-01   3.2341398E+05   1.6133809E+05   4.8473213E+05   0.0000000E+00   0.0000000E+00   0.0000000E+00
   5.6521739E-01   3.0649477E+05   1.5642405E+05   4.6287997E+05   0.0000000E+00   0.0000000E+00   0.0000000E+00
   5.7971014E-01   2.9542259E+05   1.4887632E+05   4.4429890E+05   0.0000000E+00   0.0000000E+00   0.0000000E+00
   5.9420290E-01   2.8721917E+05   1.4221424E+05   4.2941492E+05   0.0000000E+00   0.0000000E+00   0.0000000E+00
   6.0869565E-01   2.6993467E+05   1.3541837E+05   4.0529892E+05   0.0000000E+00   0.0000000E+00   0.0000000E+00
   6.2318841E-01   2.5289021E+05   1.2685922E+05   3.7971419E+05   0.0000000E+00   0.0000000E+00   0.0000000E+00
   6.3768116E-01   2.4182133E+05   1.1991183E+05   3.6173316E+05   0.0000000E+00   0.0000000E+00   0.0000000E+00
   6.5217391E-01   2.2881964E+05   1.1497391E+05   3.4369252E+05   0.0000000E+00   0.0000000E+00   0.0000000E+00
   6.6666667E-01   2.1559256E+05   1.0438646E+05   3.1996255E+05   0.0000000E+00   0.0000000E+00   0.0000000E+00
   6.8115942E-01   2.0097756E+05   1.0384217E+05   3.0480361E+05   0.0000000E+00   0.0000000E+00   0.0000000E+00
   6.9565217E-01   1.9014455E+05   9.3485763E+04   2.8363031E+05   0.0000000E+00   0.0000000E+00   0.0000000E+00
   7.1014493E-01   1.7693925E+05   8.9923241E+04   2.6684702E+05   0.0000000E+00   0.0000000E+00   0.0000000E+00
   7.2463768E-01   1.6188287E+05   8.2138657E+04   2.4402152E+05   0.0000000E+00   0.0000000E+00   0.0000000E+00
   7.3913043E-01   1.5544002E+05   7.8136024E+04   2.3357605E+05   0.0000000E+00   0.0000000E+00   0.0000000E+00
   7.5362319E-01   1.4313937E+05   7.0921239E+04   2.1404604E+05   0.0000000E+00   0.0000000E+00   0.0000000E+00
   7.6811594E-01   1.3208923E+05   6.7324190E+04   1.9938483E+05   0.0000000E+00   0.0000000E+00   0.0000000E+00
   7.8260870E-01   1.2480204E+05   6.2330858E+04   1.8711886E+05   0.0000000E+00   0.0000000E+00   0.0000000E+00
   7.9710145E-01   1.1658123E+05   5.7284893E+04   1.7383857E+05   0.0000000E+00   0.0000000E+00   0.0000000E+00
   8.1159420E-01   1.0435117E+05   5.3068630E+04   1.5741980E+05   0.0000000E+00   0.0000000E+00   0.0000000E+00
   8.2608696E-01   9.7668270E+04   4.8880663E+04   1.4654893E+05   0.0000000E+00   0.0000000E+00   0.0000000E+00
   8.4057971E-01   8.9922441E+04   4.5202913E+04   1.3512535E+05   0.0000000E+00   0.0000000E+00   0.0000000E+00
   8.5507246E-01   8.0384303E+04   3.8040950E+04   1.1842525E+05   0.0000000E+00   0.0000000E+00   0.0000000E+00
   8.6956522E-01   7.3134219E+04   3.5992492E+04   1.0912671E+05   0.0000000E+00   0.0000000E+00   0.0000000E+00
   8.8405797E-01   6.6941688E+04   3.2147910E+04   9.9089599E+04   0.0000000E+00   0.0000000E+00   0.0000000E+00
   8.9855072E-01   5.7807976E+04   2.8696222E+04   8.6491976E+04   0.0000000E+00   0.0000000E+00   0.0000000E+00
   9.1304348E-01   4.9421270E+04   2.4800842E+04   7.4222112E+04   0.0000000E+00   0.0000000E+00   0.0000000E+00
   9.2753623E-01   4.3037076E+04   2.0979834E+04   6.4016910E+04   0.0000000E+00   0.0000000E+00   0.0000000E+00
   9.4202899E-01   3.5753514E+04   1.7509546E+04   5.3263060E+04   0.0000000E+00   0.0000000E+00   0.0000000E+00
   9.5652174E-01   2.7932930E+04   1.4844750E+04   4.2777680E+04   0.0000000E+00   0.0000000E+00   0.0000000E+00
   9.7101449E-01   1.9294012E+04   9.8279579E+03   2.9121970E+04   0.0000000E+00   0.0000000E+00   0.0000000E+00
   9.8550725E-01   6.5410505E+03   3.2538105E+03   9.7948610E+03   0.0000000E+00   0.0000000E+00   0.0000000E+00
   1.0000000E+00   0.0000000E+00   0.0000000E+00   0.0000000E+00   0.0000000E+00   0.0000000E+00   0.0000000E+00
