   0.0000000E+00   2.7278521E+05   1.1517598E+05   3.8796118E+05   0.0000000E+00   0.0000000E+00   0.0000000E+00
   1.4492754E-02   3.5916719E+05   1.6973302E+05   5.2890021E+05   0.0000000E+00   0.0000000E+00   0.0000000E+00
   2.8985507E-02   3.5613624E+05   1.6556547E+05   5.2170171E+05   0.0000000E+00   0.0000000E+00   0.0000000E+00
   4.3478261E-02   3.6876519E+05   1.8261454E+05   5.5137973E+05   0.0000000E+00   0.0000000E+00   0.0000000E+00
   5.7971014E-02   3.5272643E+05   1.7655265E+05   5.2927907E+05   0.0000000E+00   0.0000000E+00   0.0000000E+00
   7.2463768E-02   3.6083421E+05   1.7761348E+05   5.3844769E+05   0.0000000E+00   0.0000000E+00   0.0000000E+00
   8.6956522E-02   3.6964921E+05   1.7958359E+05   5.4923281E+05   0.0000000E+00   0.0000000E+00   0.0000000E+00
   1.0144928E-01   3.5721872E+05   1.7958359E+05   5.3680232E+05   0.0000000E+00   0.0000000E+00   0.0000000E+00
   1.1594203E-01   3.6030379E+05   1.9104436E+05   5.5134815E+05   0.0000000E+00   0.0000000E+00   0.0000000E+00
   1.3043478E-01   3.7322741E+05   1.8690838E+05   5.6013580E+05   0.0000000E+00   0.0000000E+00   0.0000000E+00
   1.4492754E-01   3.7689823E+05   1.9822392E+05   5.7512214E+05   0.0000000E+00   0.0000000E+00   0.0000000E+00
   1.5942029E-01   3.8651459E+05   1.9156961E+05   5.7808420E+05   0.0000000E+00   0.0000000E+00   0.0000000E+00
   1.7391304E-01   3.9174987E+05   1.9694839E+05   5.8869826E+05   0.0000000E+00   0.0000000E+00   0.0000000E+00
   1.8840580E-01   3.9746203E+05   2.0144138E+05   5.9884513E+05   0.0000000E+00   0.0000000E+00   0.0000000E+00
   2.0289855E-01   4.0977317E+05   2.0837759E+05   6.1815076E+05   0.0000000E+00   0.0000000E+00   0.0000000E+00
   2.1739130E-01   4.1791704E+05   2.0721573E+05   6.2513276E+05   0.0000000E+00   0.0000000E+00   0.0000000E+00
   2.3188406E-01   4.2599009E+05   2.1117174E+05   6.3716183E+05   0.0000000E+00   0.0000000E+00   0.0000000E+00
   2.4637681E-01   4.3177619E+05   2.1903047E+05   6.5071752E+05   0.0000000E+00   0.0000000E+00   0.0000000E+00
   2.6086957E-01   4.3321490E+05   2.1940687E+05   6.5253757E+05   0.0000000E+00   0.0000000E+00   0.0000000E+00
   2.7536232E-01   4.4451227E+05   2.1643353E+05   6.6094579E+05   0.0000000E+00   0.0000000E+00   0.0000000E+00
   2.8985507E-01   4.5467990E+05   2.2247149E+05   6.7707561E+05   0.0000000E+00   0.0000000E+00   0.0000000E+00
   3.0434783E-01   4.5074508E+05   2.2955813E+05   6.8026713E+05   0.0000000E+00   0.0000000E+00   0.0000000E+00
   3.1884058E-01   4.4906231E+05   2.2480670E+05   6.7390345E+05   0.0000000E+00   0.0000000E+00   0.0000000E+00
   3.3333333E-01   4.5727762E+05   2.2560786E+05   6.8281959E+05   0.0000000E+00   0.0000000E+00   0.0000000E+00
   3.4782609E-01   4.5050603E+05   2.2580553E+05   6.7631156E+05   0.0000000E+00   0.0000000E+00   0.0000000E+00
   3.6231884E-01   4.5006528E+05   2.2792719E+05   6.7796217E+05   0.0000000E+00   0.0000000E+00   0.0000000E+00
   3.7681159E-01   4.4149819E+05   2.2309517E+05   6.6459336E+05   0.0000000E+00   0.0000000E+00   0.0000000E+00
   3.9130435E-01   4.4302338E+05   2.2647908E+05   6.6950246E+05   0.0000000E+00   0.0000000E+00   0.0000000E+00
   4.0579710E-01   4.3748469E+05   2.1443948E+05   6.5187004E+05   0.0000000E+00   0.0000000E+00   0.0000000E+00
   4.2028986E-01   4.2597866E+05   2.1250595E+05   6.3845848E+05   0.0000000E+00   0.0000000E+00   0.0000000E+00
   4.3478261E-01   4.2269078E+05   2.0933739E+05   6.3195239E+05   0.0000000E+00   0.0000000E+00   0.0000000E+00
   4.4927536E-01   4.0700237E+05   2.0654435E+05   6.1352228E+05   0.0000000E+00   0.0000000E+00   0.0000000E+00
   4.6376812E-01   4.0295016E+05   2.0153428E+05   6.0448444E+05   0.0000000E+00   0.0000000E+00   0.0000000E+00
   4.7826087E-01   3.9133655E+05   1.9349840E+05   5.8481199E+05   0.0000000E+00   0.0000000E+00   0.0000000E+00
   4.9275362E-01   3.7282873E+05   1.8914445E+05   5.6188404E+05   0.0000000E+00   0.0000000E+00   0.0000000E+00
   5.0724638E-01   3.6408165E+05   1.8361042E+05   5.4767043E+05   0.0000000E+00   0.0000000E+00   0.0000000E+00
   5.2173913E-01   3.5131619E+05   1.7705781E+05   5.2826876E+05   0.0000000E+00   0.0000000E+00   0.0000000E+00
   5.3623188E-01   3.3903597E+05   1.7192431E+05   5.1085788E+05   0.0000000E+00   0.0000000E+00   0.0000000E+00
   5.5072464E-01   3.2411190E+05   1.6598421E+05   4.9009611E+05   0.0000000E+00   0.0000000E+00   0.0000000E+00
   5.6521739E-01   3.0903999E+05   1.5659891E+05   4.6563891E+05   0.0000000E+00   0.0000000E+00   0.0000000E+00
   5.7971014E-01   2.9871874E+05   1.4845956E+05   4.4714042E+05   0.0000000E+00   0.0000000E+00   0.0000000E+00
   5.9420290E-01   2.8145297E+05   1.4173372E+05   4.2316822E+05   0.0000000E+00   0.0000000E+00   0.0000000E+00
   6.0869565E-01   2.7143211E+05   1.3466063E+05   4.0605666E+05   0.0000000E+00   0.0000000E+00   0.0000000E+00
   6.2318841E-01   2.5563921E+05   1.2654203E+05   3.8214599E+05   0.0000000E+00   0.0000000E+00   0.0000000E+00
   6.3768116E-01   2.4268239E+05   1.1927464E+05   3.6193982E+05   0.0000000E+00   0.0000000E+00   0.0000000E+00
   6.5217391E-01   2.2760726E+05   1.1514230E+05   3.4274956E+05   0.0000000E+00   0.0000000E+00   0.0000000E+00
   6.6666667E-01   2.1555961E+05   1.0624786E+05   3.2180748E+05   0.0000000E+00   0.0000000E+00   0.0000000E+00
   6.8115942E-01   2.0075186E+05   1.0382605E+05   3.0454566E+05   0.0000000E+00   0.0000000E+00   0.0000000E+00
   6.9565217E-01   1.8823442E+05   9.4132997E+04   2.8236742E+05   0.0000000E+00   0.0000000E+00   0.0000000E+00
   7.1014493E-01   1.7913514E+05   8.7263431E+04   2.6638310E+05   0.0000000E+00   0.0000000E+00   0.0000000E+00
   7.2463768E-01   1.6565639E+05   8.3154024E+04   2.4881042E+05   1.6620966E-05   0.0000000E+00   1.1066133E-05
   7.3913043E-01   1.5450400E+05   7.7214854E+04   2.3170399E+05   0.0000000E+00   0.0000000E+00   0.0000000E+00
   7.5362319E-01   1.4617032E+05   7.0280077E+04   2.1642125E+05   0.0000000E+00   0.0000000E+00   0.0000000E+00
   7.6811594E-01   1.3583502E+05   6.6595047E+04   2.0241577E+05   0.0000000E+00   0.0000000E+00   0.0000000E+00
   7.8260870E-01   1.2711734E+05   6.1404736E+04   1.8852208E+05   0.0000000E+00   0.0000000E+00   0.0000000E+00
   7.9710145E-01   1.1578217E+05   5.8331948E+04   1.7411411E+05   0.0000000E+00   0.0000000E+00   0.0000000E+00
   8.1159420E-01   1.0680028E+05   5.2581513E+04   1.5938179E+05   0.0000000E+00   0.0000000E+00   0.0000000E+00
   8.2608696E-01   9.8253190E+04   4.8295743E+04   1.4654893E+05   0.0000000E+00   0.0000000E+00   0.0000000E+00
   8.4057971E-01   8.8838094E+04   4.4223081E+04   1.3306117E+05   0.0000000E+00   0.0000000E+00   0.0000000E+00
   8.5507246E-01   8.0512733E+04   3.9864655E+04   1.2037739E+05   0.0000000E+00   0.0000000E+00   0.0000000E+00
   8.6956522E-01   7.1795551E+04   3.6737600E+04   1.0850789E+05   0.0000000E+00   0.0000000E+00   0.0000000E+00
   8.8405797E-01   6.3724413E+04   3.2296973E+04   9.6008964E+04   0.0000000E+00   0.0000000E+00   0.0000000E+00
   8.9855072E-01   5.8040186E+04   2.8256245E+04   8.6296431E+04   0.0000000E+00   0.0000000E+00   0.0000000E+00
   9.1304348E-01   5.0624027E+04   2.4415960E+04   7.5039987E+04   0.0000000E+00   0.0000000E+00   0.0000000E+00
   9.2753623E-01   4.3155472E+04   2.0754881E+04   6.3910353E+04   0.0000000E+00   0.0000000E+00   0.0000000E+00
   9.4202899E-01   3.5205612E+04   1.6903357E+04   5.2108969E+04   0.0000000E+00   0.0000000E+00   0.0000000E+00
   9.5652174E-01   2.8265874E+04   1.3857397E+04   4.2123271E+04   0.0000000E+00   0.0000000E+00   0.0000000E+00
   9.7101449E-01   1.9836868E+04   1.0088076E+04   2.9924944E+04   0.0000000E+00   0.0000000E+00   0.0000000E+00
   9.8550725E-01   6.4964777E+03   3.2426673E+03   9.7391450E+03   0.0000000E+00   0.0000000E+00   0.0000000E+00
   1.0000000E+00   0.0000000E+00   0.0000000E+00   0.0000000E+00   0.0000000E+00   0.0000000E+00   0.0000000E+00
