   0.0000000E+00   3.6371361E+05   2.1822817E+05   5.8194177E+05   0.0000000E+00   0.0000000E+00   0.0000000E+00
   1.4492754E-02   3.4855887E+05   1.7655265E+05   5.2511152E+05   0.0000000E+00   0.0000000E+00   0.0000000E+00
   2.8985507E-02   3.2052262E+05   1.7238510E+05   4.9290771E+05   0.0000000E+00   0.0000000E+00   0.0000000E+00
   4.3478261E-02   3.5032693E+05   1.8791870E+05   5.3824562E+05   0.0000000E+00   0.0000000E+00   0.0000000E+00
   5.7971014E-02   3.4079207E+05   1.6992245E+05   5.1071453E+05   0.0000000E+00   0.0000000E+00   0.0000000E+00
   7.2463768E-02   3.4992280E+05   1.8200835E+05   5.3193115E+05   0.0000000E+00   0.0000000E+00   0.0000000E+00
   8.6956522E-02   3.5234756E+05   1.7465831E+05   5.2700586E+05   0.0000000E+00   0.0000000E+00   0.0000000E+00
   1.0144928E-01   3.5862595E+05   1.7936710E+05   5.3799305E+05   0.0000000E+00   0.0000000E+00   0.0000000E+00
   1.1594203E-01   3.5954606E+05   1.8583492E+05   5.4538098E+05   0.0000000E+00   0.0000000E+00   0.0000000E+00
   1.3043478E-01   3.6783906E+05   1.8404582E+05   5.5188488E+05   0.0000000E+00   0.0000000E+00   0.0000000E+00
   1.4492754E-01   3.7136675E+05   1.8791870E+05   5.5928545E+05   0.0000000E+00   0.0000000E+00   0.0000000E+00
   1.5942029E-01   3.8775453E+05   1.9377394E+05   5.8152846E+05   0.0000000E+00   0.0000000E+00   0.0000000E+00
   1.7391304E-01   3.9257075E+05   1.9789556E+05   5.9034002E+05   0.0000000E+00   0.0000000E+00   0.0000000E+00
   1.8840580E-01   4.0084271E+05   2.0045050E+05   6.0129320E+05   0.0000000E+00   0.0000000E+00   0.0000000E+00
   2.0289855E-01   4.1247938E+05   2.0458890E+05   6.1701416E+05   0.0000000E+00   0.0000000E+00   0.0000000E+00
   2.1739130E-01   4.1544177E+05   2.1216627E+05   6.2760804E+05   0.0000000E+00   0.0000000E+00   0.0000000E+00
   2.3188406E-01   4.2622688E+05   2.1870175E+05   6.4492864E+05   0.0000000E+00   0.0000000E+00   0.0000000E+00
   2.4637681E-01   4.3213277E+05   2.1279029E+05   6.4492306E+05   0.0000000E+00   0.0000000E+00   0.0000000E+00
   2.6086957E-01   4.3279394E+05   2.2168008E+05   6.5443192E+05   0.0000000E+00   0.0000000E+00   0.0000000E+00
   2.7536232E-01   4.4594798E+05   2.2113947E+05   6.6708745E+05   0.0000000E+00   0.0000000E+00   0.0000000E+00
   2.8985507E-01   4.5013348E+05   2.2857127E+05   6.7870475E+05   0.0000000E+00   0.0000000E+00   0.0000000E+00
   3.0434783E-01   4.5247705E+05   2.2068179E+05   6.7315884E+05   0.0000000E+00   0.0000000E+00   0.0000000E+00
   3.1884058E-01   4.5488311E+05   2.2542666E+05   6.8027533E+05   0.0000000E+00   0.0000000E+00   0.0000000E+00
   3.3333333E-01   4.5744234E+05   2.2139089E+05   6.7880029E+05   0.0000000E+00   0.0000000E+00   0.0000000E+00
   3.4782609E-01   4.5502088E+05   2.2795245E+05   6.8287861E+05   0.0000000E+00   0.0000000E+00   0.0000000E+00
   3.6231884E-01   4.5300530E+05   2.2768472E+05   6.8056878E+05   0.0000000E+00   0.0000000E+00   0.0000000E+00
   3.7681159E-01   4.4554917E+05   2.2702957E+05   6.7249131E+05   0.0000000E+00   0.0000000E+00   0.0000000E+00
   3.9130435E-01   4.4888882E+05   2.2095040E+05   6.6975504E+05   0.0000000E+00   0.0000000E+00   0.0000000E+00
   4.0579710E-01   4.3123336E+05   2.1920240E+05   6.5032751E+05   0.0000000E+00   0.0000000E+00   0.0000000E+00
   4.2028986E-01   4.3143959E+05   2.1355110E+05   6.4480779E+05   0.0000000E+00   0.0000000E+00   0.0000000E+00
   4.3478261E-01   4.2125108E+05   2.1113070E+05   6.3228075E+05   0.0000000E+00   0.0000000E+00   0.0000000E+00
   4.4927536E-01   4.1313759E+05   2.0576217E+05   6.1882644E+05   0.0000000E+00   0.0000000E+00   0.0000000E+00
   4.6376812E-01   3.9497025E+05   2.0624645E+05   6.0114566E+05   0.0000000E+00   0.0000000E+00   0.0000000E+00
   4.7826087E-01   3.9255353E+05   1.9623084E+05   5.8873844E+05   0.0000000E+00   0.0000000E+00   0.0000000E+00
   4.9275362E-01   3.7187042E+05   1.8872101E+05   5.6056914E+05   0.0000000E+00   0.0000000E+00   0.0000000E+00
   5.0724638E-01   3.6494764E+05   1.7960524E+05   5.4455288E+05   0.0000000E+00   0.0000000E+00   0.0000000E+00
   5.2173913E-01   3.5175821E+05   1.7701571E+05   5.2871077E+05   0.0000000E+00   0.0000000E+00   0.0000000E+00
   5.3623188E-01   3.4053096E+05   1.6791035E+05   5.0842084E+05   0.0000000E+00   0.0000000E+00   0.0000000E+00
   5.5072464E-01   3.2488957E+05   1.6383065E+05   4.8870028E+05   0.0000000E+00   0.0000000E+00   0.0000000E+00
   5.6521739E-01   3.0556218E+05   1.5500572E+05   4.6054847E+05   0.0000000E+00   0.0000000E+00   0.0000000E+00
   5.7971014E-01   2.9909761E+05   1.4768288E+05   4.4676155E+05   0.0000000E+00   0.0000000E+00   0.0000000E+00
   5.9420290E-01   2.8160083E+05   1.4069877E+05   4.2226263E+05   0.0000000E+00   0.0000000E+00   0.0000000E+00
   6.0869565E-01   2.6868982E+05   1.3576116E+05   4.0441489E+05   0.0000000E+00   0.0000000E+00   0.0000000E+00
   6.2318841E-01   2.5593878E+05   1.2800463E+05   3.8392579E+05   0.0000000E+00   0.0000000E+00   0.0000000E+00
   6.3768116E-01   2.4040918E+05   1.2082456E+05   3.6118208E+05   0.0000000E+00   0.0000000E+00   0.0000000E+00
   6.5217391E-01   2.3080659E+05   1.1251548E+05   3.4325472E+05   0.0000000E+00   0.0000000E+00   0.0000000E+00
   6.6666667E-01   2.1476893E+05   1.0707149E+05   3.2180748E+05   0.0000000E+00   0.0000000E+00   0.0000000E+00
   6.8115942E-01   2.0287997E+05   1.0231057E+05   3.0515830E+05   0.0000000E+00   0.0000000E+00   0.0000000E+00
   6.9565217E-01   1.8776084E+05   9.6185200E+04   2.8393025E+05   0.0000000E+00   0.0000000E+00   0.0000000E+00
   7.1014493E-01   1.7856297E+05   9.0541802E+04   2.6910477E+05   0.0000000E+00   0.0000000E+00   0.0000000E+00
   7.2463768E-01   1.6545938E+05   8.1881026E+04   2.4734041E+05   0.0000000E+00   0.0000000E+00   0.0000000E+00
   7.3913043E-01   1.5812925E+05   7.6055962E+04   2.3418521E+05   0.0000000E+00   0.0000000E+00   0.0000000E+00
   7.5362319E-01   1.4380968E+05   7.1460398E+04   2.1527008E+05   0.0000000E+00   0.0000000E+00   0.0000000E+00
   7.6811594E-01   1.3524885E+05   6.7124033E+04   2.0237288E+05   0.0000000E+00   0.0000000E+00   0.0000000E+00
   7.8260870E-01   1.2564397E+05   6.0534742E+04   1.8613661E+05   0.0000000E+00   0.0000000E+00   0.0000000E+00
   7.9710145E-01   1.1667767E+05   5.6885359E+04   1.7354925E+05   0.0000000E+00   0.0000000E+00   0.0000000E+00
   8.1159420E-01   1.0547424E+05   5.3799305E+04   1.5927354E+05   0.0000000E+00   0.0000000E+00   0.0000000E+00
   8.2608696E-01   9.7096645E+04   5.0063796E+04   1.4714715E+05   0.0000000E+00   0.0000000E+00   0.0000000E+00
   8.4057971E-01   8.8929545E+04   4.3648246E+04   1.3257779E+05   0.0000000E+00   0.0000000E+00   0.0000000E+00
   8.5507246E-01   8.1270470E+04   4.0596706E+04   1.2186718E+05   0.0000000E+00   0.0000000E+00   0.0000000E+00
   8.6956522E-01   7.0545285E+04   3.6598682E+04   1.0714397E+05   0.0000000E+00   0.0000000E+00   0.0000000E+00
   8.8405797E-01   6.5612544E+04   3.2818694E+04   9.8431237E+04   0.0000000E+00   0.0000000E+00   0.0000000E+00
   8.9855072E-01   5.7282449E+04   2.9282856E+04   8.6565305E+04   0.0000000E+00   0.0000000E+00   0.0000000E+00
   9.1304348E-01   5.0888633E+04   2.4716649E+04   7.5605282E+04   0.0000000E+00   0.0000000E+00   0.0000000E+00
   9.2753623E-01   4.2303018E+04   2.0245777E+04   6.2548795E+04   0.0000000E+00   0.0000000E+00   0.0000000E+00
   9.4202899E-01   3.5322187E+04   1.8174023E+04   5.3496210E+04   0.0000000E+00   0.0000000E+00   0.0000000E+00
   9.5652174E-01   2.7335925E+04   1.3754069E+04   4.1089994E+04   0.0000000E+00   0.0000000E+00   0.0000000E+00
   9.7101449E-01   1.9237464E+04   9.0815307E+03   2.8318995E+04   0.0000000E+00   0.0000000E+00   0.0000000E+00
   9.8550725E-01   6.4407618E+03   3.2649537E+03   9.7057155E+03   0.0000000E+00   0.0000000E+00   0.0000000E+00
   1.0000000E+00   0.0000000E+00   0.0000000E+00   0.0000000E+00   0.0000000E+00   0.0000000E+00   0.0000000E+00
