   0.0000000E+00   4.0008497E+05   2.2429006E+05   6.2437503E+05   0.0000000E+00   0.0000000E+00   0.0000000E+00
   1.4492754E-02   3.3870830E+05   1.5609376E+05   4.9480205E+05   0.0000000E+00   0.0000000E+00   0.0000000E+00
   2.8985507E-02   3.5499964E+05   1.8375115E+05   5.3875078E+05   0.0000000E+00   0.0000000E+00   0.0000000E+00
   4.3478261E-02   3.6270329E+05   1.7731038E+05   5.4001368E+05   0.0000000E+00   0.0000000E+00   0.0000000E+00
   5.7971014E-02   3.5840945E+05   1.7352170E+05   5.3193115E+05   0.0000000E+00   0.0000000E+00   0.0000000E+00
   7.2463768E-02   3.3885985E+05   1.8397847E+05   5.2283831E+05   0.0000000E+00   0.0000000E+00   0.0000000E+00
   8.6956522E-02   3.5146353E+05   1.8109907E+05   5.3256260E+05   0.0000000E+00   0.0000000E+00   0.0000000E+00
   1.0144928E-01   3.6349711E+05   1.7276396E+05   5.3626108E+05   0.0000000E+00   0.0000000E+00   0.0000000E+00
   1.1594203E-01   3.7062796E+05   1.8545605E+05   5.5608401E+05   0.0000000E+00   0.0000000E+00   0.0000000E+00
   1.3043478E-01   3.7558482E+05   1.8665580E+05   5.6224062E+05   0.0000000E+00   0.0000000E+00   0.0000000E+00
   1.4492754E-01   3.8091423E+05   1.9140429E+05   5.7231852E+05   0.0000000E+00   0.0000000E+00   0.0000000E+00
   1.5942029E-01   3.7507966E+05   1.9756262E+05   5.7264228E+05   0.0000000E+00   0.0000000E+00   0.0000000E+00
   1.7391304E-01   3.8638256E+05   2.0307343E+05   5.8939285E+05   0.0000000E+00   0.0000000E+00   0.0000000E+00
   1.8840580E-01   3.9985182E+05   1.9876016E+05   5.9861198E+05   0.0000000E+00   0.0000000E+00   0.0000000E+00
   2.0289855E-01   4.1464434E+05   2.0361467E+05   6.1825901E+05   0.0000000E+00   0.0000000E+00   0.0000000E+00
   2.1739130E-01   4.1372423E+05   2.1181266E+05   6.2553689E+05   0.0000000E+00   0.0000000E+00   0.0000000E+00
   2.3188406E-01   4.2731613E+05   2.0875646E+05   6.3597787E+05   0.0000000E+00   0.0000000E+00   0.0000000E+00
   2.4637681E-01   4.2981499E+05   2.2027851E+05   6.5009350E+05   0.0000000E+00   0.0000000E+00   0.0000000E+00
   2.6086957E-01   4.3750874E+05   2.1591286E+05   6.5337950E+05   0.0000000E+00   0.0000000E+00   0.0000000E+00
   2.7536232E-01   4.4279739E+05   2.2018233E+05   6.6297972E+05   0.0000000E+00   0.0000000E+00   0.0000000E+00
   2.8985507E-01   4.4861800E+05   2.2622229E+05   6.7480240E+05   0.0000000E+00   0.0000000E+00   0.0000000E+00
   3.0434783E-01   4.5464201E+05   2.2374882E+05   6.7835475E+05   0.0000000E+00   0.0000000E+00   0.0000000E+00
   3.1884058E-01   4.4055500E+05   2.3124746E+05   6.7176801E+05   0.0000000E+00   0.0000000E+00   0.0000000E+00
   3.3333333E-01   4.5866131E+05   2.2405944E+05   6.8265486E+05   0.0000000E+00   0.0000000E+00   0.0000000E+00
   3.4782609E-01   4.5066389E+05   2.3290931E+05   6.8351006E+05   0.0000000E+00   0.0000000E+00   0.0000000E+00
   3.6231884E-01   4.5770327E+05   2.2580553E+05   6.8344818E+05   0.0000000E+00   0.0000000E+00   0.0000000E+00
   3.7681159E-01   4.4916299E+05   2.2268715E+05   6.7176271E+05   0.0000000E+00   0.0000000E+00   0.0000000E+00
   3.9130435E-01   4.4611046E+05   2.2086621E+05   6.6689247E+05   0.0000000E+00   0.0000000E+00   0.0000000E+00
   4.0579710E-01   4.3940609E+05   2.1987895E+05   6.5923092E+05   0.0000000E+00   0.0000000E+00   0.0000000E+00
   4.2028986E-01   4.2286933E+05   2.1739204E+05   6.4013072E+05   0.0000000E+00   0.0000000E+00   0.0000000E+00
   4.3478261E-01   4.2180675E+05   2.0681160E+05   6.2851732E+05   0.0000000E+00   0.0000000E+00   0.0000000E+00
   4.4927536E-01   4.0932447E+05   2.0620215E+05   6.1542885E+05   0.0000000E+00   0.0000000E+00   0.0000000E+00
   4.6376812E-01   3.9721978E+05   2.0174739E+05   5.9887245E+05   0.0000000E+00   0.0000000E+00   0.0000000E+00
   4.7826087E-01   3.8812191E+05   1.9540422E+05   5.8352613E+05   0.0000000E+00   0.0000000E+00   0.0000000E+00
   4.9275362E-01   3.7842261E+05   1.8682667E+05   5.6522699E+05   0.0000000E+00   0.0000000E+00   0.0000000E+00
   5.0724638E-01   3.6198164E+05   1.8356712E+05   5.4550546E+05   0.0000000E+00   0.0000000E+00   0.0000000E+00
   5.2173913E-01   3.5403142E+05   1.7526870E+05   5.2923698E+05   0.0000000E+00   0.0000000E+00   0.0000000E+00
   5.3623188E-01   3.3696755E+05   1.6819706E+05   5.0508270E+05   0.0000000E+00   0.0000000E+00   0.0000000E+00
   5.5072464E-01   3.2020357E+05   1.6540594E+05   4.8548987E+05   0.0000000E+00   0.0000000E+00   0.0000000E+00
   5.6521739E-01   3.0970058E+05   1.5801724E+05   4.6769840E+05   0.0000000E+00   0.0000000E+00   0.0000000E+00
   5.7971014E-01   2.9386923E+05   1.4823224E+05   4.4210147E+05   0.0000000E+00   0.0000000E+00   0.0000000E+00
   5.9420290E-01   2.7759037E+05   1.4117928E+05   4.1873268E+05   0.0000000E+00   0.0000000E+00   0.0000000E+00
   6.0869565E-01   2.6859961E+05   1.3615807E+05   4.0470355E+05   8.3971555E-06   0.0000000E+00   5.5731478E-06
   6.2318841E-01   2.5502245E+05   1.2696495E+05   3.8196978E+05   0.0000000E+00   0.0000000E+00   0.0000000E+00
   6.3768116E-01   2.4202799E+05   1.1953296E+05   3.6149206E+05   0.0000000E+00   0.0000000E+00   0.0000000E+00
   6.5217391E-01   2.2637804E+05   1.1199348E+05   3.3833785E+05   0.0000000E+00   0.0000000E+00   0.0000000E+00
   6.6666667E-01   2.1465362E+05   1.0764803E+05   3.2228518E+05   0.0000000E+00   0.0000000E+00   0.0000000E+00
   6.8115942E-01   2.0407300E+05   9.9972876E+04   3.0402975E+05   0.0000000E+00   0.0000000E+00   0.0000000E+00
   6.9565217E-01   1.8812392E+05   9.5964194E+04   2.8407233E+05   0.0000000E+00   0.0000000E+00   0.0000000E+00
   7.1014493E-01   1.7542377E+05   8.9072720E+04   2.6443464E+05   0.0000000E+00   0.0000000E+00   0.0000000E+00
   7.2463768E-01   1.6589887E+05   8.3745058E+04   2.4958331E+05   0.0000000E+00   0.0000000E+00   0.0000000E+00
   7.3913043E-01   1.5524687E+05   7.8670897E+04   2.3391777E+05   0.0000000E+00   0.0000000E+00   0.0000000E+00
   7.5362319E-01   1.4493171E+05   7.3864755E+04   2.1879647E+05   0.0000000E+00   0.0000000E+00   0.0000000E+00
   7.6811594E-01   1.3176040E+05   6.7795988E+04   1.9954209E+05   0.0000000E+00   0.0000000E+00   0.0000000E+00
   7.8260870E-01   1.2561590E+05   6.2541341E+04   1.8814321E+05   0.0000000E+00   0.0000000E+00   0.0000000E+00
   7.9710145E-01   1.1541019E+05   5.8304394E+04   1.7371458E+05   0.0000000E+00   0.0000000E+00   0.0000000E+00
   8.1159420E-01   1.0836988E+05   5.3745181E+04   1.6211506E+05   0.0000000E+00   0.0000000E+00   0.0000000E+00
   8.2608696E-01   9.8040492E+04   4.9478876E+04   1.4750607E+05   0.0000000E+00   0.0000000E+00   0.0000000E+00
   8.4057971E-01   8.9216962E+04   4.3870341E+04   1.3308730E+05   5.7536189E-05   0.0000000E+00   3.8570200E-05
   8.5507246E-01   8.0063229E+04   4.0917781E+04   1.2099385E+05   0.0000000E+00   0.0000000E+00   0.0000000E+00
   8.6956522E-01   7.5154850E+04   3.7204871E+04   1.1235972E+05   0.0000000E+00   0.0000000E+00   0.0000000E+00
   8.8405797E-01   6.3997695E+04   3.3079554E+04   9.7064827E+04   0.0000000E+00   0.0000000E+00   0.0000000E+00
   8.9855072E-01   5.7221341E+04   3.0003928E+04   8.7225270E+04   0.0000000E+00   0.0000000E+00   0.0000000E+00
   9.1304348E-01   5.1862866E+04   2.4993283E+04   7.6856149E+04   4.5288168E-05   0.0000000E+00   3.0560655E-05
   9.2753623E-01   4.2788443E+04   2.1512618E+04   6.4301061E+04   0.0000000E+00   0.0000000E+00   0.0000000E+00
   9.4202899E-01   3.5182297E+04   1.7218109E+04   5.2400406E+04   0.0000000E+00   0.0000000E+00   0.0000000E+00
   9.5652174E-01   2.8369202E+04   1.3685184E+04   4.2054386E+04   0.0000000E+00   0.0000000E+00   0.0000000E+00
   9.7101449E-01   1.8513656E+04   1.0314267E+04   2.8827923E+04   0.0000000E+00   0.0000000E+00   0.0000000E+00
   9.8550725E-01   6.4184754E+03   3.3429560E+03   9.7614314E+03   0.0000000E+00   0.0000000E+00   0.0000000E+00
   1.0000000E+00   0.0000000E+00   0.0000000E+00   0.0000000E+00   0.0000000E+00   0.0000000E+00   0.0000000E+00
