   0.0000000E+00   4.0008497E+05   1.5760923E+05   5.5769420E+05   0.0000000E+00   0.0000000E+00   0.0000000E+00
   1.4492754E-02   3.6295587E+05   1.5685149E+05   5.1980737E+05   0.0000000E+00   0.0000000E+00   0.0000000E+00
   2.8985507E-02   3.4704340E+05   1.9019191E+05   5.3723531E+05   0.0000000E+00   0.0000000E+00   0.0000000E+00
   4.3478261E-02   3.5436819E+05   1.7907844E+05   5.3344663E+05   0.0000000E+00   0.0000000E+00   0.0000000E+00
   5.7971014E-02   3.4439132E+05   1.7882586E+05   5.2321718E+05   0.0000000E+00   0.0000000E+00   0.0000000E+00
   7.2463768E-02   3.5462077E+05   1.7700729E+05   5.3162806E+05   0.0000000E+00   0.0000000E+00   0.0000000E+00
   8.6956522E-02   3.4931661E+05   1.8311970E+05   5.3243631E+05   0.0000000E+00   0.0000000E+00   0.0000000E+00
   1.0144928E-01   3.6263113E+05   1.8228980E+05   5.4492092E+05   0.0000000E+00   0.0000000E+00   0.0000000E+00
   1.1594203E-01   3.6399776E+05   1.7967831E+05   5.4367607E+05   0.0000000E+00   0.0000000E+00   0.0000000E+00
   1.3043478E-01   3.7028066E+05   1.8665580E+05   5.5693646E+05   0.0000000E+00   0.0000000E+00   0.0000000E+00
   1.4492754E-01   3.7924721E+05   1.8950994E+05   5.6875716E+05   0.0000000E+00   0.0000000E+00   0.0000000E+00
   1.5942029E-01   3.8472358E+05   1.9818259E+05   5.8290617E+05   0.0000000E+00   0.0000000E+00   0.0000000E+00
   1.7391304E-01   3.9560169E+05   1.9473833E+05   5.9034002E+05   0.0000000E+00   0.0000000E+00   0.0000000E+00
   1.8840580E-01   4.0340735E+05   1.9817729E+05   6.0158464E+05   0.0000000E+00   0.0000000E+00   0.0000000E+00
   2.0289855E-01   4.1810828E+05   2.0469715E+05   6.2275131E+05   0.0000000E+00   0.0000000E+00   0.0000000E+00
   2.1739130E-01   4.2019025E+05   2.1393432E+05   6.3412457E+05   0.0000000E+00   0.0000000E+00   0.0000000E+00
   2.3188406E-01   4.2684255E+05   2.0572551E+05   6.3252070E+05   0.0000000E+00   0.0000000E+00   0.0000000E+00
   2.4637681E-01   4.3066187E+05   2.1666812E+05   6.4724085E+05   0.0000000E+00   0.0000000E+00   0.0000000E+00
   2.6086957E-01   4.4028711E+05   2.2336394E+05   6.6360895E+05   0.0000000E+00   0.0000000E+00   0.0000000E+00
   2.7536232E-01   4.4255810E+05   2.2321327E+05   6.6569162E+05   0.0000000E+00   0.0000000E+00   0.0000000E+00
   2.8985507E-01   4.4941363E+05   2.2353232E+05   6.7294595E+05   0.0000000E+00   0.0000000E+00   0.0000000E+00
   3.0434783E-01   4.4789455E+05   2.3280558E+05   6.8066404E+05   0.0000000E+00   0.0000000E+00   0.0000000E+00
   3.1884058E-01   4.4978561E+05   2.2849205E+05   6.7824322E+05   0.0000000E+00   0.0000000E+00   0.0000000E+00
   3.3333333E-01   4.5582803E+05   2.2620087E+05   6.8202891E+05   0.0000000E+00   0.0000000E+00   0.0000000E+00
   3.4782609E-01   4.5581019E+05   2.2893120E+05   6.8467824E+05   0.0000000E+00   0.0000000E+00   0.0000000E+00
   3.6231884E-01   4.4924693E+05   2.2635110E+05   6.7556772E+05   0.0000000E+00   0.0000000E+00   0.0000000E+00
   3.7681159E-01   4.4292624E+05   2.2592211E+05   6.6881920E+05   0.0000000E+00   0.0000000E+00   0.0000000E+00
   3.9130435E-01   4.4021695E+05   2.2173621E+05   6.6184090E+05   0.0000000E+00   0.0000000E+00   0.0000000E+00
   4.0579710E-01   4.3301945E+05   2.2234159E+05   6.5533398E+05   0.0000000E+00   0.0000000E+00   0.0000000E+00
   4.2028986E-01   4.2720672E+05   2.1760107E+05   6.4472940E+05   0.0000000E+00   0.0000000E+00   0.0000000E+00
   4.3478261E-01   4.2377687E+05   2.1332813E+05   6.3702923E+05   0.0000000E+00   0.0000000E+00   0.0000000E+00
   4.4927536E-01   4.1509304E+05   2.0669101E+05   6.2168628E+05   0.0000000E+00   0.0000000E+00   0.0000000E+00
   4.6376812E-01   3.9669883E+05   2.0068182E+05   5.9723858E+05   0.0000000E+00   0.0000000E+00   0.0000000E+00
   4.7826087E-01   3.9096917E+05   1.9290139E+05   5.8377871E+05   0.0000000E+00   0.0000000E+00   0.0000000E+00
   4.9275362E-01   3.7713000E+05   1.8927817E+05   5.6636360E+05   0.0000000E+00   0.0000000E+00   0.0000000E+00
   5.0724638E-01   3.6611672E+05   1.8086092E+05   5.4695599E+05   0.0000000E+00   0.0000000E+00   0.0000000E+00
   5.2173913E-01   3.5036902E+05   1.7779449E+05   5.2812142E+05   0.0000000E+00   0.0000000E+00   0.0000000E+00
   5.3623188E-01   3.3776625E+05   1.6813563E+05   5.0584044E+05   0.0000000E+00   0.0000000E+00   0.0000000E+00
   5.5072464E-01   3.2504910E+05   1.6315267E+05   4.8814195E+05   0.0000000E+00   0.0000000E+00   0.0000000E+00
   5.6521739E-01   3.0680564E+05   1.5448114E+05   4.6124792E+05   0.0000000E+00   0.0000000E+00   0.0000000E+00
   5.7971014E-01   2.9385029E+05   1.4970983E+05   4.4344645E+05   0.0000000E+00   0.0000000E+00   0.0000000E+00
   5.9420290E-01   2.8435455E+05   1.4265779E+05   4.2695690E+05   0.0000000E+00   0.0000000E+00   0.0000000E+00
   6.0869565E-01   2.6520784E+05   1.3437197E+05   3.9954373E+05   0.0000000E+00   0.0000000E+00   0.0000000E+00
   6.2318841E-01   2.5260826E+05   1.2705306E+05   3.7966132E+05   0.0000000E+00   0.0000000E+00   0.0000000E+00
   6.3768116E-01   2.3978922E+05   1.1875800E+05   3.5851278E+05   0.0000000E+00   0.0000000E+00   0.0000000E+00
   6.5217391E-01   2.2674849E+05   1.1413198E+05   3.4086364E+05   0.0000000E+00   0.0000000E+00   0.0000000E+00
   6.6666667E-01   2.1305579E+05   1.0703854E+05   3.2004491E+05   0.0000000E+00   0.0000000E+00   0.0000000E+00
   6.8115942E-01   2.0308955E+05   9.9182895E+04   3.0227245E+05   0.0000000E+00   0.0000000E+00   0.0000000E+00
   6.9565217E-01   1.8930788E+05   9.5506395E+04   2.8478270E+05   0.0000000E+00   0.0000000E+00   0.0000000E+00
   7.1014493E-01   1.7744956E+05   8.9521177E+04   2.6697074E+05   0.0000000E+00   0.0000000E+00   0.0000000E+00
   7.2463768E-01   1.6600495E+05   7.9653280E+04   2.4564308E+05   0.0000000E+00   0.0000000E+00   0.0000000E+00
   7.3913043E-01   1.5497944E+05   7.7824015E+04   2.3278860E+05   0.0000000E+00   0.0000000E+00   0.0000000E+00
   7.5362319E-01   1.4646176E+05   7.2305566E+04   2.1876732E+05   0.0000000E+00   0.0000000E+00   0.0000000E+00
   7.6811594E-01   1.3553479E+05   6.6666531E+04   2.0217273E+05   0.0000000E+00   0.0000000E+00   0.0000000E+00
   7.8260870E-01   1.2492833E+05   6.1923926E+04   1.8682419E+05   0.0000000E+00   0.0000000E+00   0.0000000E+00
   7.9710145E-01   1.1309564E+05   5.7036907E+04   1.7013255E+05   0.0000000E+00   0.0000000E+00   0.0000000E+00
   8.1159420E-01   1.0694912E+05   5.3433967E+04   1.6038309E+05   0.0000000E+00   0.0000000E+00   0.0000000E+00
   8.2608696E-01   9.6232559E+04   4.9438995E+04   1.4567155E+05   0.0000000E+00   0.0000000E+00   0.0000000E+00
   8.4057971E-01   8.8485355E+04   4.5869198E+04   1.3435455E+05   0.0000000E+00   0.0000000E+00   0.0000000E+00
   8.5507246E-01   8.0127444E+04   4.0609549E+04   1.2073699E+05   0.0000000E+00   0.0000000E+00   0.0000000E+00
   8.6956522E-01   7.4346598E+04   3.6623940E+04   1.1097054E+05   0.0000000E+00   0.0000000E+00   0.0000000E+00
   8.8405797E-01   6.4643634E+04   3.3154085E+04   9.7797720E+04   0.0000000E+00   0.0000000E+00   0.0000000E+00
   8.9855072E-01   5.7979078E+04   2.8732886E+04   8.6711964E+04   0.0000000E+00   0.0000000E+00   0.0000000E+00
   9.1304348E-01   4.9854263E+04   2.4897062E+04   7.4751325E+04   0.0000000E+00   0.0000000E+00   0.0000000E+00
   9.2753623E-01   4.3640897E+04   2.1855967E+04   6.5496865E+04   0.0000000E+00   0.0000000E+00   0.0000000E+00
   9.4202899E-01   3.5263900E+04   1.8069106E+04   5.3333005E+04   0.0000000E+00   0.0000000E+00   0.0000000E+00
   9.5652174E-01   2.7278521E+04   1.5039925E+04   4.2318446E+04   0.0000000E+00   0.0000000E+00   0.0000000E+00
   9.7101449E-01   1.9893415E+04   9.8279579E+03   2.9721373E+04   0.0000000E+00   0.0000000E+00   0.0000000E+00
   9.8550725E-01   7.3545031E+03   2.9752308E+03   1.0329734E+04   0.0000000E+00   0.0000000E+00   0.0000000E+00
   1.0000000E+00   0.0000000E+00   0.0000000E+00   0.0000000E+00   0.0000000E+00   0.0000000E+00   0.0000000E+00
