   0.0000000E+00   4.0614686E+05   2.1216627E+05   6.1831313E+05   0.0000000E+00   0.0000000E+00   0.0000000E+00
   1.4492754E-02   3.3719282E+05   1.8109907E+05   5.1829189E+05   0.0000000E+00   0.0000000E+00   0.0000000E+00
   2.8985507E-02   3.3378301E+05   1.8829757E+05   5.2208058E+05   0.0000000E+00   0.0000000E+00   0.0000000E+00
   4.3478261E-02   3.4552793E+05   1.7705781E+05   5.2258573E+05   0.0000000E+00   0.0000000E+00   0.0000000E+00
   5.7971014E-02   3.4533849E+05   1.7390057E+05   5.1923906E+05   0.0000000E+00   0.0000000E+00   0.0000000E+00
   7.2463768E-02   3.4522483E+05   1.7715884E+05   5.2223212E+05   0.0000000E+00   0.0000000E+00   0.0000000E+00
   8.6956522E-02   3.6687084E+05   1.8286712E+05   5.4973796E+05   0.0000000E+00   0.0000000E+00   0.0000000E+00
   1.0144928E-01   3.5570325E+05   1.8109907E+05   5.3680232E+05   0.0000000E+00   0.0000000E+00   0.0000000E+00
   1.1594203E-01   3.6655512E+05   1.8498247E+05   5.5153759E+05   0.0000000E+00   0.0000000E+00   0.0000000E+00
   1.3043478E-01   3.7255387E+05   1.8286712E+05   5.5533680E+05   0.0000000E+00   0.0000000E+00   0.0000000E+00
   1.4492754E-01   3.7917144E+05   1.9011613E+05   5.6921180E+05   0.0000000E+00   0.0000000E+00   0.0000000E+00
   1.5942029E-01   3.8079713E+05   1.8936529E+05   5.7016241E+05   0.0000000E+00   0.0000000E+00   0.0000000E+00
   1.7391304E-01   3.9825377E+05   1.9846387E+05   5.9671764E+05   0.0000000E+00   0.0000000E+00   0.0000000E+00
   1.8840580E-01   4.0690460E+05   2.0610438E+05   6.1295069E+05   0.0000000E+00   0.0000000E+00   0.0000000E+00
   2.0289855E-01   4.0917781E+05   2.0864821E+05   6.1782602E+05   0.0000000E+00   0.0000000E+00   0.0000000E+00
   2.1739130E-01   4.1715930E+05   2.0913532E+05   6.2629463E+05   0.0000000E+00   0.0000000E+00   0.0000000E+00
   2.3188406E-01   4.2433254E+05   2.1751779E+05   6.4180297E+05   0.0000000E+00   0.0000000E+00   0.0000000E+00
   2.4637681E-01   4.3088474E+05   2.1631154E+05   6.4715170E+05   0.0000000E+00   0.0000000E+00   0.0000000E+00
   2.6086957E-01   4.4091856E+05   2.1679688E+05   6.5763125E+05   0.0000000E+00   0.0000000E+00   0.0000000E+00
   2.7536232E-01   4.4431286E+05   2.2241566E+05   6.6668864E+05   0.0000000E+00   0.0000000E+00   0.0000000E+00
   2.8985507E-01   4.4702676E+05   2.2436583E+05   6.7135470E+05   0.0000000E+00   0.0000000E+00   0.0000000E+00
   3.0434783E-01   4.5341520E+05   2.2771791E+05   6.8113311E+05   0.0000000E+00   0.0000000E+00   0.0000000E+00
   3.1884058E-01   4.5412537E+05   2.2883648E+05   6.8292741E+05   0.0000000E+00   0.0000000E+00   0.0000000E+00
   3.3333333E-01   4.4894251E+05   2.2689272E+05   6.7573640E+05   0.0000000E+00   0.0000000E+00   0.0000000E+00
   3.4782609E-01   4.5606277E+05   2.2530037E+05   6.8123685E+05   0.0000000E+00   0.0000000E+00   0.0000000E+00
   3.6231884E-01   4.5597563E+05   2.2865462E+05   6.8459994E+05   0.0000000E+00   0.0000000E+00   0.0000000E+00
   3.7681159E-01   4.5402999E+05   2.2743758E+05   6.8140929E+05   0.0000000E+00   0.0000000E+00   0.0000000E+00
   3.9130435E-01   4.3962760E+05   2.1794752E+05   6.5749093E+05   0.0000000E+00   0.0000000E+00   0.0000000E+00
   4.0579710E-01   4.3548210E+05   2.2079906E+05   6.5619997E+05   0.0000000E+00   0.0000000E+00   0.0000000E+00
   4.2028986E-01   4.2812123E+05   2.1652979E+05   6.4465102E+05   0.0000000E+00   0.0000000E+00   0.0000000E+00
   4.3478261E-01   4.1955880E+05   2.1347968E+05   6.3303848E+05   0.0000000E+00   0.0000000E+00   0.0000000E+00
   4.4927536E-01   4.1308871E+05   2.0583550E+05   6.1885088E+05   0.0000000E+00   0.0000000E+00   0.0000000E+00
   4.6376812E-01   4.0150573E+05   1.9682210E+05   5.9823311E+05   0.0000000E+00   0.0000000E+00   0.0000000E+00
   4.7826087E-01   3.9007366E+05   1.9793001E+05   5.8798071E+05   0.0000000E+00   0.0000000E+00   0.0000000E+00
   4.9275362E-01   3.7149155E+05   1.8834214E+05   5.5978912E+05   7.4511553E-06   0.0000000E+00   4.9447929E-06
   5.0724638E-01   3.6230638E+05   1.8018978E+05   5.4247452E+05   0.0000000E+00   0.0000000E+00   0.0000000E+00
   5.2173913E-01   3.5489440E+05   1.7747877E+05   5.3233107E+05   0.0000000E+00   0.0000000E+00   0.0000000E+00
   5.3623188E-01   3.3917932E+05   1.7020404E+05   5.0934241E+05   0.0000000E+00   0.0000000E+00   0.0000000E+00
   5.5072464E-01   3.2726249E+05   1.6506695E+05   4.9232944E+05   0.0000000E+00   0.0000000E+00   0.0000000E+00
   5.6521739E-01   3.0521245E+05   1.5399541E+05   4.5918843E+05   0.0000000E+00   0.0000000E+00   0.0000000E+00
   5.7971014E-01   2.9547942E+05   1.4641367E+05   4.4189309E+05   0.0000000E+00   0.0000000E+00   0.0000000E+00
   5.9420290E-01   2.8357833E+05   1.4319375E+05   4.2675360E+05   0.0000000E+00   0.0000000E+00   0.0000000E+00
   6.0869565E-01   2.6831095E+05   1.3365032E+05   4.0196127E+05   0.0000000E+00   0.0000000E+00   0.0000000E+00
   6.2318841E-01   2.5193864E+05   1.2670062E+05   3.7862164E+05   0.0000000E+00   0.0000000E+00   0.0000000E+00
   6.3768116E-01   2.3822208E+05   1.2263279E+05   3.6083765E+05   0.0000000E+00   0.0000000E+00   0.0000000E+00
   6.5217391E-01   2.2558663E+05   1.1366050E+05   3.3923029E+05   0.0000000E+00   0.0000000E+00   0.0000000E+00
   6.6666667E-01   2.1376411E+05   1.0738447E+05   3.2114857E+05   0.0000000E+00   0.0000000E+00   0.0000000E+00
   6.8115942E-01   2.0247692E+05   1.0066612E+05   3.0314304E+05   0.0000000E+00   0.0000000E+00   0.0000000E+00
   6.9565217E-01   1.9107593E+05   9.5001237E+04   2.8607717E+05   0.0000000E+00   0.0000000E+00   0.0000000E+00
   7.1014493E-01   1.7577945E+05   8.8083024E+04   2.6386247E+05   0.0000000E+00   0.0000000E+00   0.0000000E+00
   7.2463768E-01   1.6714156E+05   8.2078038E+04   2.4921960E+05   0.0000000E+00   0.0000000E+00   0.0000000E+00
   7.3913043E-01   1.5316681E+05   7.8522321E+04   2.3168913E+05   0.0000000E+00   0.0000000E+00   0.0000000E+00
   7.5362319E-01   1.4465485E+05   7.3048731E+04   2.1770358E+05   0.0000000E+00   0.0000000E+00   0.0000000E+00
   7.6811594E-01   1.3543471E+05   6.9011226E+04   2.0444594E+05   0.0000000E+00   0.0000000E+00   0.0000000E+00
   7.8260870E-01   1.2511075E+05   6.3593753E+04   1.8870450E+05   0.0000000E+00   0.0000000E+00   0.0000000E+00
   7.9710145E-01   1.1466623E+05   5.6747589E+04   1.7141381E+05   0.0000000E+00   0.0000000E+00   0.0000000E+00
   8.1159420E-01   1.0670556E+05   5.3217471E+04   1.5990950E+05   0.0000000E+00   0.0000000E+00   0.0000000E+00
   8.2608696E-01   9.7841088E+04   4.9186416E+04   1.4701421E+05   0.0000000E+00   0.0000000E+00   0.0000000E+00
   8.4057971E-01   8.6577948E+04   4.4562756E+04   1.3114070E+05   0.0000000E+00   0.0000000E+00   0.0000000E+00
   8.5507246E-01   8.2092422E+04   4.0635235E+04   1.2272766E+05   0.0000000E+00   0.0000000E+00   0.0000000E+00
   8.6956522E-01   7.2780609E+04   3.7217500E+04   1.0997285E+05   0.0000000E+00   0.0000000E+00   0.0000000E+00
   8.8405797E-01   6.4208868E+04   3.2520568E+04   9.6729435E+04   0.0000000E+00   0.0000000E+00   0.0000000E+00
   8.9855072E-01   5.7172455E+04   2.7388515E+04   8.4560970E+04   0.0000000E+00   0.0000000E+00   0.0000000E+00
   9.1304348E-01   4.9998594E+04   2.4848952E+04   7.4847546E+04   0.0000000E+00   0.0000000E+00   0.0000000E+00
   9.2753623E-01   4.2078065E+04   2.1050872E+04   6.3117098E+04   0.0000000E+00   0.0000000E+00   0.0000000E+00
   9.4202899E-01   3.5403789E+04   1.8162365E+04   5.3566155E+04   0.0000000E+00   0.0000000E+00   0.0000000E+00
   9.5652174E-01   2.7312963E+04   1.3995167E+04   4.1308130E+04   0.0000000E+00   0.0000000E+00   0.0000000E+00
   9.7101449E-01   1.9757701E+04   9.5904583E+03   2.9348160E+04   0.0000000E+00   0.0000000E+00   0.0000000E+00
   9.8550725E-01   6.2513276E+03   3.3652423E+03   9.6165700E+03   0.0000000E+00   0.0000000E+00   0.0000000E+00
   1.0000000E+00   0.0000000E+00   0.0000000E+00   0.0000000E+00   0.0000000E+00   0.0000000E+00   0.0000000E+00
