   0.0000000E+00   3.6371361E+05   1.5154734E+05   5.1526095E+05   0.0000000E+00   0.0000000E+00   0.0000000E+00
   1.4492754E-02   3.4401245E+05   1.6821754E+05   5.1223000E+05   0.0000000E+00   0.0000000E+00   0.0000000E+00
   2.8985507E-02   3.4514906E+05   1.8072020E+05   5.2586926E+05   0.0000000E+00   0.0000000E+00   0.0000000E+00
   4.3478261E-02   3.5361045E+05   1.7352170E+05   5.2713215E+05   0.0000000E+00   0.0000000E+00   0.0000000E+00
   5.7971014E-02   3.5443133E+05   1.7996246E+05   5.3439380E+05   0.0000000E+00   0.0000000E+00   0.0000000E+00
   7.2463768E-02   3.4204234E+05   1.8246299E+05   5.2450533E+05   0.0000000E+00   0.0000000E+00   0.0000000E+00
   8.6956522E-02   3.5714656E+05   1.7945730E+05   5.3660386E+05   0.0000000E+00   0.0000000E+00   0.0000000E+00
   1.0144928E-01   3.5754347E+05   1.8185680E+05   5.3940027E+05   0.0000000E+00   0.0000000E+00   0.0000000E+00
   1.1594203E-01   3.6333474E+05   1.8450888E+05   5.4784362E+05   0.0000000E+00   0.0000000E+00   0.0000000E+00
   1.3043478E-01   3.6388199E+05   1.7983617E+05   5.4363397E+05   0.0000000E+00   0.0000000E+00   0.0000000E+00
   1.4492754E-01   3.8614261E+05   1.8625168E+05   5.7239429E+05   0.0000000E+00   0.0000000E+00   0.0000000E+00
   1.5942029E-01   3.8975220E+05   1.9108741E+05   5.8083961E+05   0.0000000E+00   0.0000000E+00   0.0000000E+00
   1.7391304E-01   3.9680144E+05   1.9530663E+05   5.9198178E+05   0.0000000E+00   0.0000000E+00   0.0000000E+00
   1.8840580E-01   4.0212503E+05   2.0458890E+05   6.0671393E+05   0.0000000E+00   0.0000000E+00   0.0000000E+00
   2.0289855E-01   4.0679635E+05   2.0707861E+05   6.1387496E+05   0.0000000E+00   0.0000000E+00   0.0000000E+00
   2.1739130E-01   4.1907890E+05   2.0761985E+05   6.2664824E+05   0.0000000E+00   0.0000000E+00   0.0000000E+00
   2.3188406E-01   4.2092273E+05   2.1344495E+05   6.3427296E+05   0.0000000E+00   0.0000000E+00   0.0000000E+00
   2.4637681E-01   4.3636718E+05   2.1091823E+05   6.4719627E+05   0.0000000E+00   0.0000000E+00   0.0000000E+00
   2.6086957E-01   4.4407579E+05   2.1578657E+05   6.5986236E+05   0.0000000E+00   0.0000000E+00   0.0000000E+00
   2.7536232E-01   4.4287715E+05   2.2556625E+05   6.6832376E+05   0.0000000E+00   0.0000000E+00   0.0000000E+00
   2.8985507E-01   4.5005770E+05   2.2500991E+05   6.7499184E+05   0.0000000E+00   0.0000000E+00   0.0000000E+00
   3.0434783E-01   4.4370895E+05   2.2356840E+05   6.6720519E+05   0.0000000E+00   0.0000000E+00   0.0000000E+00
   3.1884058E-01   4.5846514E+05   2.2852650E+05   6.8695719E+05   0.0000000E+00   0.0000000E+00   0.0000000E+00
   3.3333333E-01   4.5329126E+05   2.2900120E+05   6.8225952E+05   0.0000000E+00   0.0000000E+00   0.0000000E+00
   3.4782609E-01   4.5599962E+05   2.2574239E+05   6.8167886E+05   0.0000000E+00   0.0000000E+00   0.0000000E+00
   3.6231884E-01   4.5918843E+05   2.2432037E+05   6.8347849E+05   0.0000000E+00   0.0000000E+00   0.0000000E+00
   3.7681159E-01   4.4301367E+05   2.2335746E+05   6.6628370E+05   0.0000000E+00   0.0000000E+00   0.0000000E+00
   3.9130435E-01   4.3915050E+05   2.1971557E+05   6.5886608E+05   0.0000000E+00   0.0000000E+00   0.0000000E+00
   4.0579710E-01   4.3564447E+05   2.2071787E+05   6.5630822E+05   0.0000000E+00   0.0000000E+00   0.0000000E+00
   4.2028986E-01   4.3546343E+05   2.1373400E+05   6.4919744E+05   0.0000000E+00   0.0000000E+00   0.0000000E+00
   4.3478261E-01   4.1491135E+05   2.1229256E+05   6.2717865E+05   0.0000000E+00   0.0000000E+00   0.0000000E+00
   4.4927536E-01   4.1015553E+05   2.0392894E+05   6.1408447E+05   0.0000000E+00   0.0000000E+00   0.0000000E+00
   4.6376812E-01   4.0680988E+05   2.0077654E+05   6.0756274E+05   0.0000000E+00   0.0000000E+00   0.0000000E+00
   4.7826087E-01   3.9186467E+05   1.9609307E+05   5.8793478E+05   0.0000000E+00   0.0000000E+00   0.0000000E+00
   4.9275362E-01   3.8067354E+05   1.8979075E+05   5.7041972E+05   0.0000000E+00   0.0000000E+00   0.0000000E+00
   5.0724638E-01   3.5964348E+05   1.8417331E+05   5.4379514E+05   0.0000000E+00   0.0000000E+00   0.0000000E+00
   5.2173913E-01   3.5409456E+05   1.7524766E+05   5.2925803E+05   0.0000000E+00   0.0000000E+00   0.0000000E+00
   5.3623188E-01   3.3674228E+05   1.6848378E+05   5.0518510E+05   0.0000000E+00   0.0000000E+00   0.0000000E+00
   5.5072464E-01   3.2580683E+05   1.6273392E+05   4.8850088E+05   0.0000000E+00   0.0000000E+00   0.0000000E+00
   5.6521739E-01   3.1146864E+05   1.5325710E+05   4.6466745E+05   0.0000000E+00   0.0000000E+00   0.0000000E+00
   5.7971014E-01   2.9237270E+05   1.4690620E+05   4.3922207E+05   0.0000000E+00   0.0000000E+00   0.0000000E+00
   5.9420290E-01   2.8049194E+05   1.4114232E+05   4.2159730E+05   0.0000000E+00   0.0000000E+00   0.0000000E+00
   6.0869565E-01   2.6638053E+05   1.3175598E+05   3.9810042E+05   0.0000000E+00   0.0000000E+00   0.0000000E+00
   6.2318841E-01   2.5648506E+05   1.2890335E+05   3.8538840E+05   0.0000000E+00   0.0000000E+00   0.0000000E+00
   6.3768116E-01   2.3920369E+05   1.1948130E+05   3.5868499E+05   0.0000000E+00   0.0000000E+00   0.0000000E+00
   6.5217391E-01   2.2703475E+05   1.1384573E+05   3.4088048E+05   0.0000000E+00   0.0000000E+00   0.0000000E+00
   6.6666667E-01   2.1130970E+05   1.0609961E+05   3.1739284E+05   0.0000000E+00   0.0000000E+00   0.0000000E+00
   6.8115942E-01   2.0186428E+05   9.9070041E+04   3.0093432E+05   0.0000000E+00   0.0000000E+00   0.0000000E+00
   6.9565217E-01   1.8962361E+05   9.1670353E+04   2.8127817E+05   0.0000000E+00   0.0000000E+00   0.0000000E+00
   7.1014493E-01   1.7870215E+05   8.7851063E+04   2.6655321E+05   0.0000000E+00   0.0000000E+00   0.0000000E+00
   7.2463768E-01   1.6609588E+05   8.4533104E+04   2.5062899E+05   0.0000000E+00   0.0000000E+00   0.0000000E+00
   7.3913043E-01   1.5768352E+05   7.7408002E+04   2.3507666E+05   0.0000000E+00   0.0000000E+00   0.0000000E+00
   7.5362319E-01   1.4692806E+05   7.2699006E+04   2.1962706E+05   0.0000000E+00   0.0000000E+00   0.0000000E+00
   7.6811594E-01   1.3424807E+05   6.6137545E+04   2.0035702E+05   0.0000000E+00   0.0000000E+00   0.0000000E+00
   7.8260870E-01   1.2417059E+05   6.4351490E+04   1.8849402E+05   0.0000000E+00   0.0000000E+00   0.0000000E+00
   7.9710145E-01   1.1305431E+05   5.7835975E+04   1.7087651E+05   0.0000000E+00   0.0000000E+00   0.0000000E+00
   8.1159420E-01   1.0705737E+05   5.4056394E+04   1.6110023E+05   0.0000000E+00   0.0000000E+00   0.0000000E+00
   8.2608696E-01   9.8492475E+04   4.7777292E+04   1.4626977E+05   0.0000000E+00   0.0000000E+00   0.0000000E+00
   8.4057971E-01   8.9504380E+04   4.6182744E+04   1.3567406E+05   0.0000000E+00   0.0000000E+00   0.0000000E+00
   8.5507246E-01   8.1475958E+04   4.1123269E+04   1.2259923E+05   0.0000000E+00   0.0000000E+00   0.0000000E+00
   8.6956522E-01   7.4068761E+04   3.6181927E+04   1.1025069E+05   0.0000000E+00   0.0000000E+00   0.0000000E+00
   8.8405797E-01   6.5538012E+04   3.2955335E+04   9.8493347E+04   0.0000000E+00   0.0000000E+00   0.0000000E+00
   8.9855072E-01   5.8944581E+04   2.9075090E+04   8.8007449E+04   0.0000000E+00   0.0000000E+00   0.0000000E+00
   9.1304348E-01   4.8290679E+04   2.5558579E+04   7.3849258E+04   0.0000000E+00   0.0000000E+00   0.0000000E+00
   9.2753623E-01   4.2693726E+04   2.2033562E+04   6.4739128E+04   0.0000000E+00   0.0000000E+00   0.0000000E+00
   9.4202899E-01   3.6021636E+04   1.7987503E+04   5.4009139E+04   0.0000000E+00   0.0000000E+00   0.0000000E+00
   9.5652174E-01   2.7852564E+04   1.4396997E+04   4.2249561E+04   0.0000000E+00   0.0000000E+00   0.0000000E+00
   9.7101449E-01   1.9701154E+04   9.9862909E+03   2.9687445E+04   0.0000000E+00   0.0000000E+00   0.0000000E+00
   9.8550725E-01   6.2736140E+03   2.7635103E+03   9.0371243E+03   0.0000000E+00   0.0000000E+00   0.0000000E+00
   1.0000000E+00   0.0000000E+00   0.0000000E+00   0.0000000E+00   0.0000000E+00   0.0000000E+00   0.0000000E+00
