   0.0000000E+00   4.1827065E+05   1.3942355E+05   5.5769420E+05   0.0000000E+00   0.0000000E+00   0.0000000E+00
   1.4492754E-02   3.4098151E+05   1.7124849E+05   5.1223000E+05   0.0000000E+00   0.0000000E+00   0.0000000E+00
   2.8985507E-02   3.4173924E+05   1.9663267E+05   5.3837191E+05   0.0000000E+00   0.0000000E+00   0.0000000E+00
   4.3478261E-02   3.5563108E+05   1.6619691E+05   5.2182800E+05   0.0000000E+00   0.0000000E+00   0.0000000E+00
   5.7971014E-02   3.4268642E+05   1.7465831E+05   5.1734472E+05   0.0000000E+00   0.0000000E+00   0.0000000E+00
   7.2463768E-02   3.5613624E+05   1.7412789E+05   5.3026413E+05   0.0000000E+00   0.0000000E+00   0.0000000E+00
   8.6956522E-02   3.5891461E+05   1.8008875E+05   5.3900336E+05   0.0000000E+00   0.0000000E+00   0.0000000E+00
   1.0144928E-01   3.7616214E+05   1.9333110E+05   5.6949324E+05   0.0000000E+00   0.0000000E+00   0.0000000E+00
   1.1594203E-01   3.5774643E+05   1.7579491E+05   5.3354134E+05   0.0000000E+00   0.0000000E+00   0.0000000E+00
   1.3043478E-01   3.5908300E+05   1.8783450E+05   5.4683331E+05   0.0000000E+00   0.0000000E+00   0.0000000E+00
   1.4492754E-01   3.7932298E+05   1.8860066E+05   5.6792364E+05   0.0000000E+00   0.0000000E+00   0.0000000E+00
   1.5942029E-01   3.8706568E+05   1.9115630E+05   5.7822198E+05   0.0000000E+00   0.0000000E+00   0.0000000E+00
   1.7391304E-01   4.0261076E+05   1.9764299E+05   6.0025374E+05   0.0000000E+00   0.0000000E+00   0.0000000E+00
   1.8840580E-01   4.0463139E+05   2.0353973E+05   6.0817112E+05   0.0000000E+00   0.0000000E+00   0.0000000E+00
   2.0289855E-01   4.1594332E+05   2.0761985E+05   6.2356317E+05   0.0000000E+00   0.0000000E+00   0.0000000E+00
   2.1739130E-01   4.1933148E+05   2.0474045E+05   6.2402142E+05   0.0000000E+00   0.0000000E+00   0.0000000E+00
   2.3188406E-01   4.2063858E+05   2.1107703E+05   6.3166824E+05   0.0000000E+00   0.0000000E+00   0.0000000E+00
   2.4637681E-01   4.3480714E+05   2.1096281E+05   6.4572537E+05   0.0000000E+00   0.0000000E+00   0.0000000E+00
   2.6086957E-01   4.4264451E+05   2.1890171E+05   6.6150413E+05   0.0000000E+00   0.0000000E+00   0.0000000E+00
   2.7536232E-01   4.4391405E+05   2.2632398E+05   6.7023804E+05   0.0000000E+00   0.0000000E+00   0.0000000E+00
   2.8985507E-01   4.5183838E+05   2.2644961E+05   6.7828799E+05   0.0000000E+00   0.0000000E+00   0.0000000E+00
   3.0434783E-01   4.4547700E+05   2.2602203E+05   6.7149903E+05   0.0000000E+00   0.0000000E+00   0.0000000E+00
   3.1884058E-01   4.4858012E+05   2.2818207E+05   6.7672774E+05   0.0000000E+00   0.0000000E+00   0.0000000E+00
   3.3333333E-01   4.5582803E+05   2.3213099E+05   6.8792607E+05   0.0000000E+00   0.0000000E+00   0.0000000E+00
   3.4782609E-01   4.5429471E+05   2.2539509E+05   6.7962666E+05   0.0000000E+00   0.0000000E+00   0.0000000E+00
   3.6231884E-01   4.5224756E+05   2.2156221E+05   6.7380977E+05   0.0000000E+00   0.0000000E+00   0.0000000E+00
   3.7681159E-01   4.4315939E+05   2.2469807E+05   6.6779917E+05   0.0000000E+00   0.0000000E+00   0.0000000E+00
   3.9130435E-01   4.4105888E+05   2.2252201E+05   6.6355282E+05   0.0000000E+00   0.0000000E+00   0.0000000E+00
   4.0579710E-01   4.2871659E+05   2.1617145E+05   6.4477979E+05   0.0000000E+00   0.0000000E+00   0.0000000E+00
   4.2028986E-01   4.2441093E+05   2.1015435E+05   6.3451302E+05   0.0000000E+00   0.0000000E+00   0.0000000E+00
   4.3478261E-01   4.2809597E+05   2.1125699E+05   6.3930244E+05   0.0000000E+00   0.0000000E+00   0.0000000E+00
   4.4927536E-01   4.0890894E+05   2.0529776E+05   6.1418225E+05   0.0000000E+00   0.0000000E+00   0.0000000E+00
   4.6376812E-01   4.0228714E+05   1.9956890E+05   6.0183236E+05   0.0000000E+00   0.0000000E+00   0.0000000E+00
   4.7826087E-01   3.8952258E+05   1.9476129E+05   5.8419202E+05   0.0000000E+00   0.0000000E+00   0.0000000E+00
   4.9275362E-01   3.8074040E+05   1.8863186E+05   5.6937226E+05   0.0000000E+00   0.0000000E+00   0.0000000E+00
   5.0724638E-01   3.6631156E+05   1.8276609E+05   5.4896940E+05   0.0000000E+00   0.0000000E+00   0.0000000E+00
   5.2173913E-01   3.5537850E+05   1.7859433E+05   5.3395178E+05   0.0000000E+00   0.0000000E+00   0.0000000E+00
   5.3623188E-01   3.4397150E+05   1.6815611E+05   5.1204568E+05   0.0000000E+00   0.0000000E+00   0.0000000E+00
   5.5072464E-01   3.2566725E+05   1.6129821E+05   4.8694552E+05   0.0000000E+00   0.0000000E+00   0.0000000E+00
   5.6521739E-01   3.0968115E+05   1.5178049E+05   4.6138392E+05   0.0000000E+00   0.0000000E+00   0.0000000E+00
   5.7971014E-01   2.9564991E+05   1.4938779E+05   4.4503770E+05   0.0000000E+00   0.0000000E+00   0.0000000E+00
   5.9420290E-01   2.8463177E+05   1.4158587E+05   4.2621764E+05   0.0000000E+00   0.0000000E+00   0.0000000E+00
   6.0869565E-01   2.6908673E+05   1.3392094E+05   4.0297159E+05   0.0000000E+00   0.0000000E+00   0.0000000E+00
   6.2318841E-01   2.5264351E+05   1.2913243E+05   3.8172307E+05   0.0000000E+00   0.0000000E+00   0.0000000E+00
   6.3768116E-01   2.4226908E+05   1.1977406E+05   3.6200870E+05   0.0000000E+00   0.0000000E+00   0.0000000E+00
   6.5217391E-01   2.2499728E+05   1.1519281E+05   3.4015642E+05   0.0000000E+00   0.0000000E+00   0.0000000E+00
   6.6666667E-01   2.1289106E+05   1.0451824E+05   3.1735989E+05   0.0000000E+00   0.0000000E+00   0.0000000E+00
   6.8115942E-01   2.0317016E+05   9.9650435E+04   3.0280448E+05   0.0000000E+00   0.0000000E+00   0.0000000E+00
   6.9565217E-01   1.8848700E+05   9.3769915E+04   2.8225691E+05   0.0000000E+00   0.0000000E+00   0.0000000E+00
   7.1014493E-01   1.7984648E+05   8.5655173E+04   2.6547073E+05   0.0000000E+00   0.0000000E+00   0.0000000E+00
   7.2463768E-01   1.6323164E+05   8.5018056E+04   2.4824969E+05   0.0000000E+00   0.0000000E+00   0.0000000E+00
   7.3913043E-01   1.5349368E+05   7.8269742E+04   2.3176342E+05   0.0000000E+00   0.0000000E+00   0.0000000E+00
   7.5362319E-01   1.4656376E+05   7.2363853E+04   2.1891304E+05   0.0000000E+00   0.0000000E+00   0.0000000E+00
   7.6811594E-01   1.3444822E+05   6.6695125E+04   2.0114335E+05   0.0000000E+00   0.0000000E+00   0.0000000E+00
   7.8260870E-01   1.2352511E+05   6.3607785E+04   1.8710483E+05   0.0000000E+00   0.0000000E+00   0.0000000E+00
   7.9710145E-01   1.1637458E+05   5.7229785E+04   1.7360436E+05   0.0000000E+00   0.0000000E+00   0.0000000E+00
   8.1159420E-01   1.0605607E+05   5.3163347E+04   1.5920589E+05   0.0000000E+00   0.0000000E+00   0.0000000E+00
   8.2608696E-01   9.9077395E+04   4.7763998E+04   1.4684139E+05   0.0000000E+00   0.0000000E+00   0.0000000E+00
   8.4057971E-01   8.9504380E+04   4.5542588E+04   1.3504697E+05   0.0000000E+00   0.0000000E+00   0.0000000E+00
   8.5507246E-01   8.1064982E+04   4.0249945E+04   1.2131493E+05   0.0000000E+00   0.0000000E+00   0.0000000E+00
   8.6956522E-01   7.2363853E+04   3.6207185E+04   1.0857104E+05   0.0000000E+00   0.0000000E+00   0.0000000E+00
   8.8405797E-01   6.5587700E+04   3.3713071E+04   9.9288349E+04   0.0000000E+00   0.0000000E+00   0.0000000E+00
   8.9855072E-01   5.7050239E+04   2.8745108E+04   8.5795347E+04   0.0000000E+00   0.0000000E+00   0.0000000E+00
   9.1304348E-01   4.9890345E+04   2.4933145E+04   7.4823491E+04   0.0000000E+00   0.0000000E+00   0.0000000E+00
   9.2753623E-01   4.3273868E+04   2.2554506E+04   6.5828374E+04   0.0000000E+00   0.0000000E+00   0.0000000E+00
   9.4202899E-01   3.4016548E+04   1.7649436E+04   5.1665984E+04   0.0000000E+00   0.0000000E+00   0.0000000E+00
   9.5652174E-01   2.8403645E+04   1.3926282E+04   4.2329927E+04   0.0000000E+00   0.0000000E+00   0.0000000E+00
   9.7101449E-01   1.9226155E+04   1.0382124E+04   2.9608278E+04   0.0000000E+00   0.0000000E+00   0.0000000E+00
   9.8550725E-01   6.2736140E+03   3.4321015E+03   9.7057155E+03   0.0000000E+00   0.0000000E+00   0.0000000E+00
   1.0000000E+00   0.0000000E+00   0.0000000E+00   0.0000000E+00   0.0000000E+00   0.0000000E+00   0.0000000E+00
