   0.0000000E+00   3.8189929E+05   1.2123787E+05   5.0313716E+05   0.0000000E+00   0.0000000E+00   0.0000000E+00
   1.4492754E-02   3.4628566E+05   1.8943417E+05   5.3571984E+05   0.0000000E+00   0.0000000E+00   0.0000000E+00
   2.8985507E-02   3.3340414E+05   1.7276396E+05   5.0616810E+05   0.0000000E+00   0.0000000E+00   0.0000000E+00
   4.3478261E-02   3.5689398E+05   1.7781554E+05   5.3470952E+05   0.0000000E+00   0.0000000E+00   0.0000000E+00
   5.7971014E-02   3.5310529E+05   1.6859641E+05   5.2170171E+05   0.0000000E+00   0.0000000E+00   0.0000000E+00
   7.2463768E-02   3.5931874E+05   1.6745981E+05   5.2677854E+05   0.0000000E+00   0.0000000E+00   0.0000000E+00
   8.6956522E-02   3.7293274E+05   1.7187994E+05   5.4481268E+05   0.0000000E+00   0.0000000E+00   0.0000000E+00
   1.0144928E-01   3.5960018E+05   1.8889293E+05   5.4849311E+05   0.0000000E+00   0.0000000E+00   0.0000000E+00
   1.1594203E-01   3.6683927E+05   1.8100435E+05   5.4784362E+05   0.0000000E+00   0.0000000E+00   0.0000000E+00
   1.3043478E-01   3.7204871E+05   1.8488775E+05   5.5693646E+05   0.0000000E+00   0.0000000E+00   0.0000000E+00
   1.4492754E-01   3.8561220E+05   1.8958572E+05   5.7519792E+05   0.0000000E+00   0.0000000E+00   0.0000000E+00
   1.5942029E-01   3.8830561E+05   1.9535829E+05   5.8366390E+05   0.0000000E+00   0.0000000E+00   0.0000000E+00
   1.7391304E-01   3.9579113E+05   1.9656952E+05   5.9236065E+05   0.0000000E+00   0.0000000E+00   0.0000000E+00
   1.8840580E-01   3.9938552E+05   2.0219912E+05   6.0140978E+05   0.0000000E+00   0.0000000E+00   0.0000000E+00
   2.0289855E-01   4.0993555E+05   2.0534664E+05   6.1528219E+05   0.0000000E+00   0.0000000E+00   0.0000000E+00
   2.1739130E-01   4.1968509E+05   2.1241885E+05   6.3205343E+05   0.0000000E+00   0.0000000E+00   0.0000000E+00
   2.3188406E-01   4.2267499E+05   2.1723364E+05   6.3990863E+05   0.0000000E+00   0.0000000E+00   0.0000000E+00
   2.4637681E-01   4.3480714E+05   2.1479606E+05   6.4960320E+05   0.0000000E+00   0.0000000E+00   0.0000000E+00
   2.6086957E-01   4.3801390E+05   2.2016460E+05   6.5813641E+05   0.0000000E+00   0.0000000E+00   0.0000000E+00
   2.7536232E-01   4.3733371E+05   2.2113947E+05   6.5847318E+05   0.0000000E+00   0.0000000E+00   0.0000000E+00
   2.8985507E-01   4.5346752E+05   2.2338077E+05   6.7684829E+05   0.0000000E+00   0.0000000E+00   0.0000000E+00
   3.0434783E-01   4.5687914E+05   2.2537254E+05   6.8221559E+05   0.0000000E+00   0.0000000E+00   0.0000000E+00
   3.1884058E-01   4.5364318E+05   2.2711435E+05   6.8072308E+05   0.0000000E+00   0.0000000E+00   0.0000000E+00
   3.3333333E-01   4.5895782E+05   2.3054962E+05   6.8940860E+05   0.0000000E+00   0.0000000E+00   0.0000000E+00
   3.4782609E-01   4.4788553E+05   2.2848918E+05   6.7627999E+05   0.0000000E+00   0.0000000E+00   0.0000000E+00
   3.6231884E-01   4.4754960E+05   2.2719977E+05   6.7468874E+05   0.0000000E+00   0.0000000E+00   0.0000000E+00
   3.7681159E-01   4.4901727E+05   2.2501865E+05   6.7397764E+05   0.0000000E+00   0.0000000E+00   0.0000000E+00
   3.9130435E-01   4.4108694E+05   2.2266233E+05   6.6363701E+05   0.0000000E+00   0.0000000E+00   0.0000000E+00
   4.0579710E-01   4.4043445E+05   2.1295107E+05   6.5325021E+05   0.0000000E+00   0.0000000E+00   0.0000000E+00
   4.2028986E-01   4.2851316E+05   2.1255820E+05   6.4099298E+05   0.0000000E+00   0.0000000E+00   0.0000000E+00
   4.3478261E-01   4.1715930E+05   2.0981729E+05   6.2695133E+05   0.0000000E+00   0.0000000E+00   0.0000000E+00
   4.4927536E-01   4.0925114E+05   2.0962419E+05   6.1885088E+05   1.8645324E-05   0.0000000E+00   1.2330305E-05
   4.6376812E-01   3.9757497E+05   2.0184211E+05   5.9936972E+05   0.0000000E+00   0.0000000E+00   0.0000000E+00
   4.7826087E-01   3.8986700E+05   1.9765447E+05   5.8742962E+05   1.5916559E-05   0.0000000E+00   1.0563548E-05
   4.9275362E-01   3.7300703E+05   1.9213082E+05   5.6511556E+05   0.0000000E+00   0.0000000E+00   0.0000000E+00
   5.0724638E-01   3.6711260E+05   1.8506095E+05   5.5213025E+05   0.0000000E+00   0.0000000E+00   0.0000000E+00
   5.2173913E-01   3.5039007E+05   1.7806812E+05   5.2841610E+05   0.0000000E+00   0.0000000E+00   0.0000000E+00
   5.3623188E-01   3.3625077E+05   1.6657919E+05   5.0278901E+05   0.0000000E+00   0.0000000E+00   0.0000000E+00
   5.5072464E-01   3.2792052E+05   1.6195625E+05   4.8979700E+05   0.0000000E+00   0.0000000E+00   0.0000000E+00
   5.6521739E-01   3.0734966E+05   1.5912470E+05   4.6641607E+05   0.0000000E+00   0.0000000E+00   0.0000000E+00
   5.7971014E-01   2.9762003E+05   1.4717141E+05   4.4477249E+05   0.0000000E+00   0.0000000E+00   0.0000000E+00
   5.9420290E-01   2.8307934E+05   1.4319375E+05   4.2618068E+05   0.0000000E+00   0.0000000E+00   0.0000000E+00
   6.0869565E-01   2.6703002E+05   1.3529208E+05   4.0223189E+05   0.0000000E+00   0.0000000E+00   0.0000000E+00
   6.2318841E-01   2.5419422E+05   1.2929102E+05   3.8345001E+05   0.0000000E+00   0.0000000E+00   0.0000000E+00
   6.3768116E-01   2.4070195E+05   1.2151341E+05   3.6216369E+05   0.0000000E+00   0.0000000E+00   0.0000000E+00
   6.5217391E-01   2.2521618E+05   1.1212819E+05   3.3726018E+05   0.0000000E+00   0.0000000E+00   0.0000000E+00
   6.6666667E-01   2.1266045E+05   1.0652789E+05   3.1918834E+05   0.0000000E+00   0.0000000E+00   0.0000000E+00
   6.8115942E-01   1.9884945E+05   1.0276199E+05   3.0161144E+05   0.0000000E+00   0.0000000E+00   0.0000000E+00
   6.9565217E-01   1.8952889E+05   9.6153628E+04   2.8565094E+05   0.0000000E+00   0.0000000E+00   0.0000000E+00
   7.1014493E-01   1.7792894E+05   8.8376840E+04   2.6625939E+05   0.0000000E+00   0.0000000E+00   0.0000000E+00
   7.2463768E-01   1.6482288E+05   8.2517525E+04   2.4731010E+05   0.0000000E+00   0.0000000E+00   0.0000000E+00
   7.3913043E-01   1.5190392E+05   7.6501690E+04   2.2839075E+05   0.0000000E+00   0.0000000E+00   0.0000000E+00
   7.5362319E-01   1.4345995E+05   7.4564204E+04   2.1800959E+05   0.0000000E+00   0.0000000E+00   0.0000000E+00
   7.6811594E-01   1.3401931E+05   6.9054117E+04   2.0305913E+05   0.0000000E+00   0.0000000E+00   0.0000000E+00
   7.8260870E-01   1.2421269E+05   6.3621817E+04   1.8783450E+05   0.0000000E+00   0.0000000E+00   0.0000000E+00
   7.9710145E-01   1.1732519E+05   5.7973745E+04   1.7529894E+05   0.0000000E+00   0.0000000E+00   0.0000000E+00
   8.1159420E-01   1.0800454E+05   5.3853429E+04   1.6184444E+05   0.0000000E+00   0.0000000E+00   0.0000000E+00
   8.2608696E-01   9.6564900E+04   4.8043164E+04   1.4460806E+05   2.6118488E-05   0.0000000E+00   1.7441137E-05
   8.4057971E-01   8.8132615E+04   4.3844212E+04   1.3197683E+05   0.0000000E+00   0.0000000E+00   0.0000000E+00
   8.5507246E-01   8.0975081E+04   4.0789351E+04   1.2176443E+05   0.0000000E+00   0.0000000E+00   0.0000000E+00
   8.6956522E-01   7.2869011E+04   3.7002808E+04   1.0987182E+05   0.0000000E+00   0.0000000E+00   0.0000000E+00
   8.8405797E-01   6.4084648E+04   3.1501971E+04   9.5574197E+04   0.0000000E+00   0.0000000E+00   0.0000000E+00
   8.9855072E-01   5.7441329E+04   2.9233970E+04   8.6675299E+04   0.0000000E+00   0.0000000E+00   0.0000000E+00
   9.1304348E-01   5.0744303E+04   2.5462358E+04   7.6206661E+04   0.0000000E+00   0.0000000E+00   0.0000000E+00
   9.2753623E-01   4.1107215E+04   2.2140119E+04   6.3247334E+04   0.0000000E+00   0.0000000E+00   0.0000000E+00
   9.4202899E-01   3.3690139E+04   1.7346341E+04   5.1036480E+04   0.0000000E+00   0.0000000E+00   0.0000000E+00
   9.5652174E-01   2.7014461E+04   1.3455567E+04   4.0470027E+04   0.0000000E+00   0.0000000E+00   0.0000000E+00
   9.7101449E-01   1.9893415E+04   9.5112918E+03   2.9404707E+04   0.0000000E+00   0.0000000E+00   0.0000000E+00
   9.8550725E-01   6.7750574E+03   3.2760968E+03   1.0051154E+04   0.0000000E+00   0.0000000E+00   0.0000000E+00
   1.0000000E+00   0.0000000E+00   0.0000000E+00   0.0000000E+00   0.0000000E+00   0.0000000E+00   0.0000000E+00
