   0.0000000E+00   3.5765171E+05   2.2429006E+05   5.8194177E+05   0.0000000E+00   0.0000000E+00   0.0000000E+00
   1.4492754E-02   3.2809998E+05   1.6215565E+05   4.9025563E+05   0.0000000E+00   0.0000000E+00   0.0000000E+00
   2.8985507E-02   3.5727285E+05   1.7276396E+05   5.3003681E+05   0.0000000E+00   0.0000000E+00   0.0000000E+00
   4.3478261E-02   3.5260014E+05   1.7756296E+05   5.3016310E+05   0.0000000E+00   0.0000000E+00   0.0000000E+00
   5.7971014E-02   3.3908717E+05   1.7825755E+05   5.1734472E+05   0.0000000E+00   0.0000000E+00   0.0000000E+00
   7.2463768E-02   3.5825790E+05   1.7700729E+05   5.3526519E+05   0.0000000E+00   0.0000000E+00   0.0000000E+00
   8.6956522E-02   3.5714656E+05   1.8463517E+05   5.4178173E+05   0.0000000E+00   0.0000000E+00   0.0000000E+00
   1.0144928E-01   3.6176514E+05   1.8791870E+05   5.4968384E+05   0.0000000E+00   0.0000000E+00   0.0000000E+00
   1.1594203E-01   3.7176456E+05   1.8185680E+05   5.5362136E+05   0.0000000E+00   0.0000000E+00   0.0000000E+00
   1.3043478E-01   3.7903673E+05   1.8286712E+05   5.6190385E+05   0.0000000E+00   0.0000000E+00   0.0000000E+00
   1.4492754E-01   3.8667303E+05   1.9655690E+05   5.8322993E+05   0.0000000E+00   0.0000000E+00   0.0000000E+00
   1.5942029E-01   3.8720345E+05   1.9391171E+05   5.8111515E+05   0.0000000E+00   0.0000000E+00   0.0000000E+00
   1.7391304E-01   3.8852948E+05   1.9934789E+05   5.8781423E+05   0.0000000E+00   0.0000000E+00   0.0000000E+00
   1.8840580E-01   3.9821977E+05   2.0144138E+05   5.9960287E+05   0.0000000E+00   0.0000000E+00   0.0000000E+00
   2.0289855E-01   4.1659280E+05   2.1205802E+05   6.2865083E+05   0.0000000E+00   0.0000000E+00   0.0000000E+00
   2.1739130E-01   4.1438093E+05   2.0666005E+05   6.2104099E+05   0.0000000E+00   0.0000000E+00   0.0000000E+00
   2.3188406E-01   4.2433254E+05   2.1263986E+05   6.3687768E+05   0.0000000E+00   0.0000000E+00   0.0000000E+00
   2.4637681E-01   4.3043901E+05   2.1403833E+05   6.4434362E+05   0.0000000E+00   0.0000000E+00   0.0000000E+00
   2.6086957E-01   4.4188678E+05   2.2096444E+05   6.6285121E+05   0.0000000E+00   0.0000000E+00   0.0000000E+00
   2.7536232E-01   4.3976644E+05   2.1830793E+05   6.5799461E+05   0.0000000E+00   0.0000000E+00   0.0000000E+00
   2.8985507E-01   4.5494511E+05   2.1750832E+05   6.7241553E+05   0.0000000E+00   0.0000000E+00   0.0000000E+00
   3.0434783E-01   4.5778121E+05   2.2050138E+05   6.7813825E+05   0.0000000E+00   0.0000000E+00   0.0000000E+00
   3.1884058E-01   4.5257546E+05   2.2856094E+05   6.8106751E+05   0.0000000E+00   0.0000000E+00   0.0000000E+00
   3.3333333E-01   4.5398311E+05   2.3143914E+05   6.8538930E+05   0.0000000E+00   0.0000000E+00   0.0000000E+00
   3.4782609E-01   4.4804339E+05   2.2283773E+05   6.7084954E+05   0.0000000E+00   0.0000000E+00   0.0000000E+00
   3.6231884E-01   4.5361149E+05   2.2319892E+05   6.7674979E+05   0.0000000E+00   0.0000000E+00   0.0000000E+00
   3.7681159E-01   4.4831782E+05   2.2076367E+05   6.6902320E+05   0.0000000E+00   0.0000000E+00   0.0000000E+00
   3.9130435E-01   4.4279887E+05   2.2218523E+05   6.6484378E+05   0.0000000E+00   0.0000000E+00   0.0000000E+00
   4.0579710E-01   4.3940609E+05   2.1733512E+05   6.5674121E+05   0.0000000E+00   0.0000000E+00   0.0000000E+00
   4.2028986E-01   4.2733736E+05   2.1519722E+05   6.4248232E+05   0.0000000E+00   0.0000000E+00   0.0000000E+00
   4.3478261E-01   4.1776549E+05   2.0701366E+05   6.2472864E+05   0.0000000E+00   0.0000000E+00   0.0000000E+00
   4.4927536E-01   4.1157324E+05   2.0238902E+05   6.1396226E+05   0.0000000E+00   0.0000000E+00   0.0000000E+00
   4.6376812E-01   4.0200299E+05   2.0053975E+05   6.0251906E+05   0.0000000E+00   0.0000000E+00   0.0000000E+00
   4.7826087E-01   3.8910927E+05   1.9384282E+05   5.8290617E+05   0.0000000E+00   0.0000000E+00   0.0000000E+00
   4.9275362E-01   3.8018324E+05   1.8985761E+05   5.7001856E+05   0.0000000E+00   0.0000000E+00   0.0000000E+00
   5.0724638E-01   3.6224143E+05   1.8244134E+05   5.4466113E+05   0.0000000E+00   0.0000000E+00   0.0000000E+00
   5.2173913E-01   3.5649406E+05   1.7604749E+05   5.3245736E+05   0.0000000E+00   0.0000000E+00   0.0000000E+00
   5.3623188E-01   3.3983466E+05   1.6936439E+05   5.0911713E+05   0.0000000E+00   0.0000000E+00   0.0000000E+00
   5.5072464E-01   3.2271607E+05   1.6263422E+05   4.8525058E+05   0.0000000E+00   0.0000000E+00   0.0000000E+00
   5.6521739E-01   3.0888456E+05   1.5553031E+05   4.6435658E+05   0.0000000E+00   0.0000000E+00   0.0000000E+00
   5.7971014E-01   2.9491112E+05   1.4425412E+05   4.3914630E+05   0.0000000E+00   0.0000000E+00   0.0000000E+00
   5.9420290E-01   2.8267275E+05   1.4025521E+05   4.2290948E+05   0.0000000E+00   0.0000000E+00   0.0000000E+00
   6.0869565E-01   2.6728259E+05   1.3550858E+05   4.0275509E+05   0.0000000E+00   0.0000000E+00   0.0000000E+00
   6.2318841E-01   2.5743663E+05   1.2853329E+05   3.8593468E+05   0.0000000E+00   0.0000000E+00   0.0000000E+00
   6.3768116E-01   2.3870428E+05   1.1934353E+05   3.5801336E+05   0.0000000E+00   0.0000000E+00   0.0000000E+00
   6.5217391E-01   2.2715262E+05   1.1226290E+05   3.3938184E+05   0.0000000E+00   0.0000000E+00   0.0000000E+00
   6.6666667E-01   2.1386294E+05   1.0687382E+05   3.2070382E+05   0.0000000E+00   0.0000000E+00   0.0000000E+00
   6.8115942E-01   2.0015534E+05   1.0119815E+05   3.0135349E+05   0.0000000E+00   0.0000000E+00   0.0000000E+00
   6.9565217E-01   1.8847121E+05   9.3517336E+04   2.8197276E+05   0.0000000E+00   0.0000000E+00   0.0000000E+00
   7.1014493E-01   1.7534645E+05   9.1485107E+04   2.6681610E+05   0.0000000E+00   0.0000000E+00   0.0000000E+00
   7.2463768E-01   1.6717187E+05   8.3684439E+04   2.5084115E+05   0.0000000E+00   0.0000000E+00   0.0000000E+00
   7.3913043E-01   1.5625719E+05   7.8314315E+04   2.3454179E+05   0.0000000E+00   0.0000000E+00   0.0000000E+00
   7.5362319E-01   1.4544173E+05   7.2640719E+04   2.1808245E+05   0.0000000E+00   0.0000000E+00   0.0000000E+00
   7.6811594E-01   1.3447682E+05   6.6680828E+04   2.0114335E+05   0.0000000E+00   0.0000000E+00   0.0000000E+00
   7.8260870E-01   1.2741202E+05   6.2190537E+04   1.8958852E+05   0.0000000E+00   0.0000000E+00   0.0000000E+00
   7.9710145E-01   1.1488666E+05   5.8883029E+04   1.7376969E+05   0.0000000E+00   0.0000000E+00   0.0000000E+00
   8.1159420E-01   1.0639435E+05   5.3826367E+04   1.6020718E+05   0.0000000E+00   0.0000000E+00   0.0000000E+00
   8.2608696E-01   9.7681564E+04   4.9930859E+04   1.4761242E+05   0.0000000E+00   0.0000000E+00   0.0000000E+00
   8.4057971E-01   9.0706307E+04   4.4262274E+04   1.3496858E+05   0.0000000E+00   0.0000000E+00   0.0000000E+00
   8.5507246E-01   8.0397146E+04   4.0262788E+04   1.2065993E+05   0.0000000E+00   0.0000000E+00   0.0000000E+00
   8.6956522E-01   7.2654319E+04   3.6118782E+04   1.0877310E+05   0.0000000E+00   0.0000000E+00   0.0000000E+00
   8.8405797E-01   6.6531765E+04   3.2222442E+04   9.8754207E+04   0.0000000E+00   0.0000000E+00   0.0000000E+00
   8.9855072E-01   5.9079018E+04   2.8952874E+04   8.8019671E+04   0.0000000E+00   0.0000000E+00   0.0000000E+00
   9.1304348E-01   5.0179007E+04   2.4355822E+04   7.4534829E+04   0.0000000E+00   0.0000000E+00   0.0000000E+00
   9.2753623E-01   4.3202831E+04   2.1027193E+04   6.4230024E+04   0.0000000E+00   0.0000000E+00   0.0000000E+00
   9.4202899E-01   3.5625282E+04   1.7532861E+04   5.3158143E+04   0.0000000E+00   0.0000000E+00   0.0000000E+00
   9.5652174E-01   2.6681516E+04   1.3995167E+04   4.0676683E+04   0.0000000E+00   0.0000000E+00   0.0000000E+00
   9.7101449E-01   1.9916034E+04   9.7148629E+03   2.9630897E+04   0.0000000E+00   0.0000000E+00   0.0000000E+00
   9.8550725E-01   6.6636255E+03   3.3318128E+03   9.9954383E+03   0.0000000E+00   0.0000000E+00   0.0000000E+00
   1.0000000E+00   0.0000000E+00   0.0000000E+00   0.0000000E+00   0.0000000E+00   0.0000000E+00   0.0000000E+00
