   0.0000000E+00   3.2128035E+05   1.5760923E+05   4.7888958E+05   0.0000000E+00   0.0000000E+00   0.0000000E+00
   1.4492754E-02   3.6295587E+05   1.8640322E+05   5.4935910E+05   0.0000000E+00   0.0000000E+00   0.0000000E+00
   2.8985507E-02   3.5613624E+05   1.7162736E+05   5.2776360E+05   0.0000000E+00   0.0000000E+00   0.0000000E+00
   4.3478261E-02   3.5941977E+05   1.7528975E+05   5.3470952E+05   0.0000000E+00   0.0000000E+00   0.0000000E+00
   5.7971014E-02   3.6106153E+05   1.8697153E+05   5.4803306E+05   0.0000000E+00   0.0000000E+00   0.0000000E+00
   7.2463768E-02   3.5598469E+05   1.7170313E+05   5.2768783E+05   0.0000000E+00   0.0000000E+00   0.0000000E+00
   8.6956522E-02   3.5941977E+05   1.8109907E+05   5.4051883E+05   0.0000000E+00   0.0000000E+00   0.0000000E+00
   1.0144928E-01   3.6284762E+05   1.8423826E+05   5.4708589E+05   0.0000000E+00   0.0000000E+00   0.0000000E+00
   1.1594203E-01   3.6627097E+05   1.8640322E+05   5.5267419E+05   0.0000000E+00   0.0000000E+00   0.0000000E+00
   1.3043478E-01   3.7305903E+05   1.8362486E+05   5.5668388E+05   0.0000000E+00   0.0000000E+00   0.0000000E+00
   1.4492754E-01   3.7894412E+05   1.8291764E+05   5.6186175E+05   0.0000000E+00   0.0000000E+00   0.0000000E+00
   1.5942029E-01   3.7755952E+05   1.9804482E+05   5.7560434E+05   0.0000000E+00   0.0000000E+00   0.0000000E+00
   1.7391304E-01   3.9465452E+05   1.9139166E+05   5.8598304E+05   0.0000000E+00   0.0000000E+00   0.0000000E+00
   1.8840580E-01   4.1133444E+05   2.0208254E+05   6.1341699E+05   0.0000000E+00   0.0000000E+00   0.0000000E+00
   2.0289855E-01   4.1513145E+05   2.0085435E+05   6.1598580E+05   0.0000000E+00   0.0000000E+00   0.0000000E+00
   2.1739130E-01   4.1720982E+05   2.0615489E+05   6.2336471E+05   0.0000000E+00   0.0000000E+00   0.0000000E+00
   2.3188406E-01   4.2546915E+05   2.1235571E+05   6.3777750E+05   0.0000000E+00   0.0000000E+00   0.0000000E+00
   2.4637681E-01   4.3788266E+05   2.1506350E+05   6.5294616E+05   0.0000000E+00   0.0000000E+00   0.0000000E+00
   2.6086957E-01   4.4546498E+05   2.1747043E+05   6.6289331E+05   0.0000000E+00   0.0000000E+00   0.0000000E+00
   2.7536232E-01   4.4080335E+05   2.2253530E+05   6.6333865E+05   0.0000000E+00   0.0000000E+00   0.0000000E+00
   2.8985507E-01   4.4475355E+05   2.2622229E+05   6.7093795E+05   0.0000000E+00   0.0000000E+00   0.0000000E+00
   3.0434783E-01   4.5467809E+05   2.2270242E+05   6.7738051E+05   0.0000000E+00   0.0000000E+00   0.0000000E+00
   3.1884058E-01   4.5229992E+05   2.2508224E+05   6.7738215E+05   0.0000000E+00   0.0000000E+00   0.0000000E+00
   3.3333333E-01   4.5760707E+05   2.3157092E+05   6.8914504E+05   0.0000000E+00   0.0000000E+00   0.0000000E+00
   3.4782609E-01   4.5700994E+05   2.2829975E+05   6.8524654E+05   6.9046648E-06   0.0000000E+00   4.6049126E-06
   3.6231884E-01   4.5488449E+05   2.2589646E+05   6.8078095E+05   0.0000000E+00   0.0000000E+00   0.0000000E+00
   3.7681159E-01   4.5251452E+05   2.2225000E+05   6.7467709E+05   0.0000000E+00   0.0000000E+00   0.0000000E+00
   3.9130435E-01   4.4785044E+05   2.2622650E+05   6.7402081E+05   0.0000000E+00   0.0000000E+00   0.0000000E+00
   4.0579710E-01   4.4021795E+05   2.1841760E+05   6.5860849E+05   0.0000000E+00   0.0000000E+00   0.0000000E+00
   4.2028986E-01   4.2699769E+05   2.1313304E+05   6.4013072E+05   0.0000000E+00   0.0000000E+00   0.0000000E+00
   4.3478261E-01   4.2142789E+05   2.0857965E+05   6.2998228E+05   0.0000000E+00   0.0000000E+00   0.0000000E+00
   4.4927536E-01   4.1252652E+05   2.0363562E+05   6.1613770E+05   0.0000000E+00   0.0000000E+00   0.0000000E+00
   4.6376812E-01   4.0815960E+05   1.9753248E+05   6.0569208E+05   0.0000000E+00   0.0000000E+00   0.0000000E+00
   4.7826087E-01   3.8552724E+05   1.9657527E+05   5.8207954E+05   0.0000000E+00   0.0000000E+00   0.0000000E+00
   4.9275362E-01   3.8007181E+05   1.8854272E+05   5.6859224E+05   0.0000000E+00   0.0000000E+00   0.0000000E+00
   5.0724638E-01   3.6215484E+05   1.8081762E+05   5.4297246E+05   0.0000000E+00   0.0000000E+00   0.0000000E+00
   5.2173913E-01   3.5049531E+05   1.7754191E+05   5.2795303E+05   0.0000000E+00   0.0000000E+00   0.0000000E+00
   5.3623188E-01   3.3453051E+05   1.6973302E+05   5.0420209E+05   2.1535981E-05   0.0000000E+00   1.4288800E-05
   5.5072464E-01   3.2548779E+05   1.5998214E+05   4.8544999E+05   0.0000000E+00   0.0000000E+00   0.0000000E+00
   5.6521739E-01   3.0816568E+05   1.5520002E+05   4.6336570E+05   0.0000000E+00   0.0000000E+00   0.0000000E+00
   5.7971014E-01   2.9604772E+05   1.4863005E+05   4.4462094E+05   0.0000000E+00   0.0000000E+00   0.0000000E+00
   5.9420290E-01   2.8132360E+05   1.4138258E+05   4.2270618E+05   0.0000000E+00   0.0000000E+00   0.0000000E+00
   6.0869565E-01   2.6284442E+05   1.3294671E+05   3.9579113E+05   0.0000000E+00   0.0000000E+00   0.0000000E+00
   6.2318841E-01   2.5606213E+05   1.2516753E+05   3.8121204E+05   0.0000000E+00   0.0000000E+00   0.0000000E+00
   6.3768116E-01   2.4137358E+05   1.2001516E+05   3.6131985E+05   0.0000000E+00   0.0000000E+00   0.0000000E+00
   6.5217391E-01   2.2545192E+05   1.1453611E+05   3.3997119E+05   0.0000000E+00   0.0000000E+00   0.0000000E+00
   6.6666667E-01   2.1330288E+05   1.0871874E+05   3.2200515E+05   0.0000000E+00   0.0000000E+00   0.0000000E+00
   6.8115942E-01   2.0078410E+05   1.0006961E+05   3.0083759E+05   0.0000000E+00   0.0000000E+00   0.0000000E+00
   6.9565217E-01   1.8501404E+05   9.3675198E+04   2.7867345E+05   0.0000000E+00   0.0000000E+00   0.0000000E+00
   7.1014493E-01   1.7448047E+05   8.8701584E+04   2.6318205E+05   0.0000000E+00   0.0000000E+00   0.0000000E+00
   7.2463768E-01   1.6612619E+05   8.3729904E+04   2.4982578E+05   3.2575706E-05   0.0000000E+00   2.1661807E-05
   7.3913043E-01   1.5674749E+05   7.6605693E+04   2.3333833E+05   0.0000000E+00   0.0000000E+00   0.0000000E+00
   7.5362319E-01   1.4477142E+05   7.2407569E+04   2.1716442E+05   0.0000000E+00   0.0000000E+00   0.0000000E+00
   7.6811594E-01   1.3523455E+05   6.6151842E+04   2.0135780E+05   0.0000000E+00   0.0000000E+00   0.0000000E+00
   7.8260870E-01   1.2484413E+05   6.3004402E+04   1.8784854E+05   4.7252491E-05   0.0000000E+00   3.1404005E-05
   7.9710145E-01   1.1589238E+05   5.8056407E+04   1.7393501E+05   0.0000000E+00   0.0000000E+00   0.0000000E+00
   8.1159420E-01   1.0938470E+05   5.2838603E+04   1.6220977E+05   0.0000000E+00   0.0000000E+00   0.0000000E+00
   8.2608696E-01   9.6697836E+04   4.8242569E+04   1.4492711E+05   0.0000000E+00   0.0000000E+00   0.0000000E+00
   8.4057971E-01   9.0418889E+04   4.5242106E+04   1.3564793E+05   0.0000000E+00   0.0000000E+00   0.0000000E+00
   8.5507246E-01   8.0679692E+04   3.9453680E+04   1.2013337E+05   0.0000000E+00   0.0000000E+00   0.0000000E+00
   8.6956522E-01   7.2591174E+04   3.6320845E+04   1.0891202E+05   0.0000000E+00   0.0000000E+00   0.0000000E+00
   8.8405797E-01   6.6655984E+04   3.2470880E+04   9.9114443E+04   0.0000000E+00   0.0000000E+00   0.0000000E+00
   8.9855072E-01   5.6585820E+04   2.9013982E+04   8.5599802E+04   0.0000000E+00   0.0000000E+00   0.0000000E+00
   9.1304348E-01   5.0840523E+04   2.4909090E+04   7.5749613E+04   0.0000000E+00   0.0000000E+00   0.0000000E+00
   9.2753623E-01   4.2871321E+04   2.1394222E+04   6.4265543E+04   0.0000000E+00   0.0000000E+00   0.0000000E+00
   9.4202899E-01   3.5963349E+04   1.7812641E+04   5.3775990E+04   0.0000000E+00   0.0000000E+00   0.0000000E+00
   9.5652174E-01   2.8667705E+04   1.4109976E+04   4.2777680E+04   0.0000000E+00   0.0000000E+00   0.0000000E+00
   9.7101449E-01   1.8920798E+04   9.4321253E+03   2.8352923E+04   0.0000000E+00   0.0000000E+00   0.0000000E+00
   9.8550725E-01   6.5967664E+03   3.0309467E+03   9.6277132E+03   0.0000000E+00   0.0000000E+00   0.0000000E+00
   1.0000000E+00   0.0000000E+00   0.0000000E+00   0.0000000E+00   0.0000000E+00   0.0000000E+00   0.0000000E+00
