   0.0000000E+00   3.9402308E+05   1.5760923E+05   5.5163231E+05   0.0000000E+00   0.0000000E+00   0.0000000E+00
   1.4492754E-02   3.2885772E+05   1.7958359E+05   5.0844132E+05   0.0000000E+00   0.0000000E+00   0.0000000E+00
   2.8985507E-02   3.4325472E+05   1.8034133E+05   5.2359605E+05   0.0000000E+00   0.0000000E+00   0.0000000E+00
   4.3478261E-02   3.6346103E+05   1.8589807E+05   5.4935910E+05   0.0000000E+00   0.0000000E+00   0.0000000E+00
   5.7971014E-02   3.5272643E+05   1.7825755E+05   5.3098398E+05   0.0000000E+00   0.0000000E+00   0.0000000E+00
   7.2463768E-02   3.5249911E+05   1.7215777E+05   5.2465688E+05   0.0000000E+00   0.0000000E+00   0.0000000E+00
   8.6956522E-02   3.5323158E+05   1.8147794E+05   5.3470952E+05   0.0000000E+00   0.0000000E+00   0.0000000E+00
   1.0144928E-01   3.5840945E+05   1.7817637E+05   5.3658582E+05   0.0000000E+00   0.0000000E+00   0.0000000E+00
   1.1594203E-01   3.6106153E+05   1.8640322E+05   5.4746475E+05   0.0000000E+00   0.0000000E+00   0.0000000E+00
   1.3043478E-01   3.7642675E+05   1.8690838E+05   5.6333513E+05   0.0000000E+00   0.0000000E+00   0.0000000E+00
   1.4492754E-01   3.7667091E+05   1.9314708E+05   5.6981799E+05   0.0000000E+00   0.0000000E+00   0.0000000E+00
   1.5942029E-01   3.7597517E+05   1.9239623E+05   5.6837140E+05   0.0000000E+00   0.0000000E+00   0.0000000E+00
   1.7391304E-01   3.8827691E+05   1.9915846E+05   5.8743536E+05   0.0000000E+00   0.0000000E+00   0.0000000E+00
   1.8840580E-01   4.0993555E+05   2.0219912E+05   6.1201809E+05   0.0000000E+00   0.0000000E+00   0.0000000E+00
   2.0289855E-01   4.1166752E+05   2.0529252E+05   6.1696003E+05   0.0000000E+00   0.0000000E+00   0.0000000E+00
   2.1739130E-01   4.2241294E+05   2.0701366E+05   6.2942661E+05   0.0000000E+00   0.0000000E+00   0.0000000E+00
   2.3188406E-01   4.2475877E+05   2.1249778E+05   6.3725655E+05   0.0000000E+00   0.0000000E+00   0.0000000E+00
   2.4637681E-01   4.2642746E+05   2.1065080E+05   6.3707826E+05   0.0000000E+00   0.0000000E+00   0.0000000E+00
   2.6086957E-01   4.3826648E+05   2.2378490E+05   6.6205138E+05   0.0000000E+00   0.0000000E+00   0.0000000E+00
   2.7536232E-01   4.3920811E+05   2.2572577E+05   6.6493388E+05   0.0000000E+00   0.0000000E+00   0.0000000E+00
   2.8985507E-01   4.4850434E+05   2.2421428E+05   6.7260497E+05   0.0000000E+00   0.0000000E+00   0.0000000E+00
   3.0434783E-01   4.4796671E+05   2.2555295E+05   6.7348358E+05   0.0000000E+00   0.0000000E+00   0.0000000E+00
   3.1884058E-01   4.5126664E+05   2.2649438E+05   6.7765769E+05   0.0000000E+00   0.0000000E+00   0.0000000E+00
   3.3333333E-01   4.5032621E+05   2.3041784E+05   6.8071110E+05   0.0000000E+00   0.0000000E+00   0.0000000E+00
   3.4782609E-01   4.5265295E+05   2.1668112E+05   6.6917621E+05   0.0000000E+00   0.0000000E+00   0.0000000E+00
   3.6231884E-01   4.4748898E+05   2.2592677E+05   6.7335513E+05   0.0000000E+00   0.0000000E+00   0.0000000E+00
   3.7681159E-01   4.4776409E+05   2.2959422E+05   6.7735831E+05   0.0000000E+00   0.0000000E+00   0.0000000E+00
   3.9130435E-01   4.4456692E+05   2.2440232E+05   6.6888504E+05   0.0000000E+00   0.0000000E+00   0.0000000E+00
   4.0579710E-01   4.3610452E+05   2.1795754E+05   6.5400794E+05   0.0000000E+00   0.0000000E+00   0.0000000E+00
   4.2028986E-01   4.3089088E+05   2.1564141E+05   6.4648004E+05   0.0000000E+00   0.0000000E+00   0.0000000E+00
   4.3478261E-01   4.2016499E+05   2.1299978E+05   6.3311426E+05   0.0000000E+00   0.0000000E+00   0.0000000E+00
   4.4927536E-01   4.1372423E+05   2.0700877E+05   6.2068412E+05   0.0000000E+00   0.0000000E+00   0.0000000E+00
   4.6376812E-01   4.0162412E+05   2.0572551E+05   6.0734963E+05   0.0000000E+00   0.0000000E+00   0.0000000E+00
   4.7826087E-01   3.8463173E+05   1.9682784E+05   5.8141365E+05   0.0000000E+00   0.0000000E+00   0.0000000E+00
   4.9275362E-01   3.7476765E+05   1.8889930E+05   5.6362237E+05   0.0000000E+00   0.0000000E+00   0.0000000E+00
   5.0724638E-01   3.6423320E+05   1.8525579E+05   5.4944569E+05   0.0000000E+00   0.0000000E+00   0.0000000E+00
   5.2173913E-01   3.4809581E+05   1.7396371E+05   5.2199638E+05   0.0000000E+00   0.0000000E+00   0.0000000E+00
   5.3623188E-01   3.3876974E+05   1.6705022E+05   5.0577900E+05   0.0000000E+00   0.0000000E+00   0.0000000E+00
   5.5072464E-01   3.1976488E+05   1.6004196E+05   4.7976696E+05   0.0000000E+00   0.0000000E+00   0.0000000E+00
   5.6521739E-01   3.1150749E+05   1.5492801E+05   4.6637721E+05   0.0000000E+00   0.0000000E+00   0.0000000E+00
   5.7971014E-01   2.9752531E+05   1.5024024E+05   4.4774661E+05   0.0000000E+00   0.0000000E+00   0.0000000E+00
   5.9420290E-01   2.7890254E+05   1.4116080E+05   4.2002638E+05   0.0000000E+00   0.0000000E+00   0.0000000E+00
   6.0869565E-01   2.7067437E+05   1.3392094E+05   4.0459531E+05   0.0000000E+00   0.0000000E+00   0.0000000E+00
   6.2318841E-01   2.5570970E+05   1.2472698E+05   3.8043668E+05   0.0000000E+00   0.0000000E+00   0.0000000E+00
   6.3768116E-01   2.4359512E+05   1.1949852E+05   3.6307642E+05   0.0000000E+00   0.0000000E+00   0.0000000E+00
   6.5217391E-01   2.2698423E+05   1.1325638E+05   3.4017326E+05   0.0000000E+00   0.0000000E+00   0.0000000E+00
   6.6666667E-01   2.1102967E+05   1.0799395E+05   3.1902362E+05   0.0000000E+00   0.0000000E+00   0.0000000E+00
   6.8115942E-01   2.0512093E+05   1.0192365E+05   3.0702846E+05   0.0000000E+00   0.0000000E+00   0.0000000E+00
   6.9565217E-01   1.8798184E+05   9.4559224E+04   2.8250949E+05   0.0000000E+00   0.0000000E+00   0.0000000E+00
   7.1014493E-01   1.7693925E+05   9.1639747E+04   2.6856353E+05   0.0000000E+00   0.0000000E+00   0.0000000E+00
   7.2463768E-01   1.6423185E+05   8.3366190E+04   2.4758288E+05   0.0000000E+00   0.0000000E+00   0.0000000E+00
   7.3913043E-01   1.5457828E+05   7.8789758E+04   2.3332347E+05   0.0000000E+00   0.0000000E+00   0.0000000E+00
   7.5362319E-01   1.4506286E+05   7.2465856E+04   2.1752872E+05   0.0000000E+00   0.0000000E+00   0.0000000E+00
   7.6811594E-01   1.3710745E+05   6.8239192E+04   2.0534664E+05   0.0000000E+00   0.0000000E+00   0.0000000E+00
   7.8260870E-01   1.2317431E+05   6.4379554E+04   1.8755386E+05   0.0000000E+00   0.0000000E+00   0.0000000E+00
   7.9710145E-01   1.1378450E+05   5.7946191E+04   1.7173069E+05   0.0000000E+00   0.0000000E+00   0.0000000E+00
   8.1159420E-01   1.0583958E+05   5.3745181E+04   1.5957123E+05   0.0000000E+00   0.0000000E+00   0.0000000E+00
   8.2608696E-01   9.7402398E+04   4.9106655E+04   1.4650905E+05   0.0000000E+00   0.0000000E+00   0.0000000E+00
   8.4057971E-01   8.9713411E+04   4.4784851E+04   1.3449826E+05   0.0000000E+00   0.0000000E+00   0.0000000E+00
   8.5507246E-01   8.2105265E+04   4.0789351E+04   1.2289462E+05   0.0000000E+00   0.0000000E+00   0.0000000E+00
   8.6956522E-01   7.2553287E+04   3.6522908E+04   1.0907620E+05   0.0000000E+00   0.0000000E+00   0.0000000E+00
   8.8405797E-01   6.3997695E+04   3.3377680E+04   9.7362953E+04   0.0000000E+00   0.0000000E+00   0.0000000E+00
   8.9855072E-01   5.7575766E+04   2.8806216E+04   8.6369760E+04   0.0000000E+00   0.0000000E+00   0.0000000E+00
   9.1304348E-01   5.0479696E+04   2.5690882E+04   7.6170578E+04   0.0000000E+00   0.0000000E+00   0.0000000E+00
   9.2753623E-01   4.2788443E+04   2.1074552E+04   6.3862995E+04   0.0000000E+00   0.0000000E+00   0.0000000E+00
   9.4202899E-01   3.5870089E+04   1.7614464E+04   5.3484552E+04   0.0000000E+00   0.0000000E+00   0.0000000E+00
   9.5652174E-01   2.8816956E+04   1.4419959E+04   4.3236914E+04   0.0000000E+00   0.0000000E+00   0.0000000E+00
   9.7101449E-01   1.9407107E+04   9.4773633E+03   2.8884470E+04   0.0000000E+00   0.0000000E+00   0.0000000E+00
   9.8550725E-01   6.7973438E+03   3.1200922E+03   9.9174360E+03   0.0000000E+00   0.0000000E+00   0.0000000E+00
   1.0000000E+00   0.0000000E+00   0.0000000E+00   0.0000000E+00   0.0000000E+00   0.0000000E+00   0.0000000E+00
