   0.0000000E+00   3.5158982E+05   1.6973302E+05   5.2132284E+05   0.0000000E+00   0.0000000E+00   0.0000000E+00
   1.4492754E-02   3.5462077E+05   1.9322285E+05   5.4784362E+05   0.0000000E+00   0.0000000E+00   0.0000000E+00
   2.8985507E-02   3.4742227E+05   1.8261454E+05   5.3003681E+05   0.0000000E+00   0.0000000E+00   0.0000000E+00
   4.3478261E-02   3.4805372E+05   1.7049075E+05   5.1854447E+05   0.0000000E+00   0.0000000E+00   0.0000000E+00
   5.7971014E-02   3.5481020E+05   1.7882586E+05   5.3363606E+05   0.0000000E+00   0.0000000E+00   0.0000000E+00
   7.2463768E-02   3.5158982E+05   1.8413001E+05   5.3571984E+05   0.0000000E+00   0.0000000E+00   0.0000000E+00
   8.6956522E-02   3.5386303E+05   1.7339541E+05   5.2725844E+05   0.0000000E+00   0.0000000E+00   0.0000000E+00
   1.0144928E-01   3.6641981E+05   1.8445476E+05   5.5087457E+05   0.0000000E+00   0.0000000E+00   0.0000000E+00
   1.1594203E-01   3.6162983E+05   1.8365643E+05   5.4528626E+05   0.0000000E+00   0.0000000E+00   0.0000000E+00
   1.3043478E-01   3.7339580E+05   1.8934998E+05   5.6274578E+05   0.0000000E+00   0.0000000E+00   0.0000000E+00
   1.4492754E-01   3.7689823E+05   1.8632745E+05   5.6322568E+05   0.0000000E+00   0.0000000E+00   0.0000000E+00
   1.5942029E-01   3.9264537E+05   1.8557660E+05   5.7822198E+05   0.0000000E+00   0.0000000E+00   0.0000000E+00
   1.7391304E-01   3.9673830E+05   1.9177053E+05   5.8850882E+05   0.0000000E+00   0.0000000E+00   0.0000000E+00
   1.8840580E-01   3.9518882E+05   1.9567093E+05   5.9085975E+05   0.0000000E+00   0.0000000E+00   0.0000000E+00
   2.0289855E-01   4.0901544E+05   2.0637500E+05   6.1533631E+05   0.0000000E+00   0.0000000E+00   0.0000000E+00
   2.1739130E-01   4.2640369E+05   2.0923636E+05   6.3564005E+05   0.0000000E+00   0.0000000E+00   0.0000000E+00
   2.3188406E-01   4.2168046E+05   2.1017721E+05   6.3185768E+05   0.0000000E+00   0.0000000E+00   0.0000000E+00
   2.4637681E-01   4.2651661E+05   2.2317574E+05   6.4969235E+05   0.0000000E+00   0.0000000E+00   0.0000000E+00
   2.6086957E-01   4.4272871E+05   2.2100653E+05   6.6373524E+05   0.0000000E+00   0.0000000E+00   0.0000000E+00
   2.7536232E-01   4.4455215E+05   2.2094006E+05   6.6549221E+05   0.0000000E+00   0.0000000E+00   0.0000000E+00
   2.8985507E-01   4.5077755E+05   2.1883435E+05   6.6957402E+05   0.0000000E+00   0.0000000E+00   0.0000000E+00
   3.0434783E-01   4.5687914E+05   2.2389315E+05   6.8073620E+05   0.0000000E+00   0.0000000E+00   0.0000000E+00
   3.1884058E-01   4.5095665E+05   2.2608107E+05   6.7700328E+05   0.0000000E+00   0.0000000E+00   0.0000000E+00
   3.3333333E-01   4.5312654E+05   2.3259222E+05   6.8568581E+05   0.0000000E+00   0.0000000E+00   0.0000000E+00
   3.4782609E-01   4.5205308E+05   2.2583710E+05   6.7789018E+05   0.0000000E+00   0.0000000E+00   0.0000000E+00
   3.6231884E-01   4.4618567E+05   2.2898803E+05   6.7514339E+05   0.0000000E+00   0.0000000E+00   0.0000000E+00
   3.7681159E-01   4.4808467E+05   2.2408605E+05   6.7214158E+05   0.0000000E+00   0.0000000E+00   0.0000000E+00
   3.9130435E-01   4.3957147E+05   2.1937880E+05   6.5895027E+05   0.0000000E+00   0.0000000E+00   0.0000000E+00
   4.0579710E-01   4.3236996E+05   2.1535959E+05   6.4764837E+05   0.0000000E+00   0.0000000E+00   0.0000000E+00
   4.2028986E-01   4.3021153E+05   2.1326368E+05   6.4342296E+05   0.0000000E+00   0.0000000E+00   0.0000000E+00
   4.3478261E-01   4.2210985E+05   2.1327762E+05   6.3536221E+05   0.0000000E+00   0.0000000E+00   0.0000000E+00
   4.4927536E-01   4.0832230E+05   2.0649547E+05   6.1476888E+05   0.0000000E+00   0.0000000E+00   0.0000000E+00
   4.6376812E-01   4.0761498E+05   1.9762720E+05   6.0512378E+05   0.0000000E+00   0.0000000E+00   0.0000000E+00
   4.7826087E-01   3.8876484E+05   1.9533533E+05   5.8405425E+05   0.0000000E+00   0.0000000E+00   0.0000000E+00
   4.9275362E-01   3.7104583E+05   1.8907759E+05   5.6007884E+05   0.0000000E+00   0.0000000E+00   0.0000000E+00
   5.0724638E-01   3.6410330E+05   1.8542899E+05   5.4953229E+05   0.0000000E+00   0.0000000E+00   0.0000000E+00
   5.2173913E-01   3.5390513E+05   1.7659474E+05   5.3047882E+05   0.0000000E+00   0.0000000E+00   0.0000000E+00
   5.3623188E-01   3.4137062E+05   1.6969206E+05   5.1098076E+05   0.0000000E+00   0.0000000E+00   0.0000000E+00
   5.5072464E-01   3.2409196E+05   1.6257440E+05   4.8662647E+05   0.0000000E+00   0.0000000E+00   0.0000000E+00
   5.6521739E-01   3.0835997E+05   1.5621033E+05   4.6455087E+05   0.0000000E+00   0.0000000E+00   0.0000000E+00
   5.7971014E-01   3.0402290E+05   1.5169888E+05   4.5568390E+05   0.0000000E+00   0.0000000E+00   0.0000000E+00
   5.9420290E-01   2.8640599E+05   1.3970077E+05   4.2606979E+05   0.0000000E+00   0.0000000E+00   0.0000000E+00
   6.0869565E-01   2.6607382E+05   1.3433589E+05   4.0037363E+05   0.0000000E+00   0.0000000E+00   0.0000000E+00
   6.2318841E-01   2.5504007E+05   1.2633056E+05   3.8133539E+05   0.0000000E+00   0.0000000E+00   0.0000000E+00
   6.3768116E-01   2.4113248E+05   1.2061790E+05   3.6169872E+05   0.0000000E+00   0.0000000E+00   0.0000000E+00
   6.5217391E-01   2.2747255E+05   1.1554643E+05   3.4298530E+05   0.0000000E+00   0.0000000E+00   0.0000000E+00
   6.6666667E-01   2.1602085E+05   1.0593488E+05   3.2193926E+05   0.0000000E+00   0.0000000E+00   0.0000000E+00
   6.8115942E-01   2.0270262E+05   1.0095632E+05   3.0361058E+05   0.0000000E+00   0.0000000E+00   0.0000000E+00
   6.9565217E-01   1.8957625E+05   9.4132997E+04   2.8369346E+05   0.0000000E+00   0.0000000E+00   0.0000000E+00
   7.1014493E-01   1.7412480E+05   8.6273734E+04   2.6039853E+05   0.0000000E+00   0.0000000E+00   0.0000000E+00
   7.2463768E-01   1.6436824E+05   8.3608666E+04   2.4796175E+05   0.0000000E+00   0.0000000E+00   0.0000000E+00
   7.3913043E-01   1.5471200E+05   7.8730327E+04   2.3342747E+05   0.0000000E+00   0.0000000E+00   0.0000000E+00
   7.5362319E-01   1.4644719E+05   7.2932156E+04   2.1937934E+05   0.0000000E+00   0.0000000E+00   0.0000000E+00
   7.6811594E-01   1.3451971E+05   6.7638722E+04   2.0212983E+05   0.0000000E+00   0.0000000E+00   0.0000000E+00
   7.8260870E-01   1.2453543E+05   6.2386987E+04   1.8692241E+05   0.0000000E+00   0.0000000E+00   0.0000000E+00
   7.9710145E-01   1.1502443E+05   5.8910583E+04   1.7392123E+05   0.0000000E+00   0.0000000E+00   0.0000000E+00
   8.1159420E-01   1.0436470E+05   5.3231002E+04   1.5759570E+05   0.0000000E+00   0.0000000E+00   0.0000000E+00
   8.2608696E-01   9.7681564E+04   4.9651693E+04   1.4733326E+05   0.0000000E+00   0.0000000E+00   0.0000000E+00
   8.4057971E-01   8.8015035E+04   4.4549691E+04   1.3256473E+05   0.0000000E+00   0.0000000E+00   0.0000000E+00
   8.5507246E-01   7.9819212E+04   4.0249945E+04   1.2006916E+05   0.0000000E+00   0.0000000E+00   0.0000000E+00
   8.6956522E-01   7.3929842E+04   3.6232442E+04   1.1016228E+05   0.0000000E+00   0.0000000E+00   0.0000000E+00
   8.8405797E-01   6.3463553E+04   3.3390102E+04   9.6853655E+04   0.0000000E+00   0.0000000E+00   0.0000000E+00
   8.9855072E-01   5.6891359E+04   2.9747276E+04   8.6638635E+04   0.0000000E+00   0.0000000E+00   0.0000000E+00
   9.1304348E-01   5.0431586E+04   2.4836925E+04   7.5256483E+04   0.0000000E+00   0.0000000E+00   0.0000000E+00
   9.2753623E-01   4.3060755E+04   2.2376911E+04   6.5425827E+04   0.0000000E+00   0.0000000E+00   0.0000000E+00
   9.4202899E-01   3.5765171E+04   1.7089877E+04   5.2855048E+04   0.0000000E+00   0.0000000E+00   0.0000000E+00
   9.5652174E-01   2.7462214E+04   1.3088179E+04   4.0550393E+04   0.0000000E+00   0.0000000E+00   0.0000000E+00
   9.7101449E-01   1.9339250E+04   9.4434348E+03   2.8782684E+04   0.0000000E+00   0.0000000E+00   0.0000000E+00
   9.8550725E-01   6.5967664E+03   3.1758082E+03   9.7725746E+03   0.0000000E+00   0.0000000E+00   0.0000000E+00
   1.0000000E+00   0.0000000E+00   0.0000000E+00   0.0000000E+00   0.0000000E+00   0.0000000E+00   0.0000000E+00
