   0.0000000E+00   3.4552793E+05   1.5154734E+05   4.9707526E+05   0.0000000E+00   0.0000000E+00   0.0000000E+00
   1.4492754E-02   3.3870830E+05   1.7427944E+05   5.1298774E+05   0.0000000E+00   0.0000000E+00   0.0000000E+00
   2.8985507E-02   3.5954606E+05   1.6404999E+05   5.2359605E+05   0.0000000E+00   0.0000000E+00   0.0000000E+00
   4.3478261E-02   3.4325472E+05   1.6872270E+05   5.1197742E+05   0.0000000E+00   0.0000000E+00   0.0000000E+00
   5.7971014E-02   3.5499964E+05   1.7863642E+05   5.3363606E+05   0.0000000E+00   0.0000000E+00   0.0000000E+00
   7.2463768E-02   3.6189504E+05   1.7033921E+05   5.3208270E+05   0.0000000E+00   0.0000000E+00   0.0000000E+00
   8.6956522E-02   3.6245071E+05   1.8034133E+05   5.4279204E+05   0.0000000E+00   0.0000000E+00   0.0000000E+00
   1.0144928E-01   3.5851770E+05   1.8218155E+05   5.4059100E+05   0.0000000E+00   0.0000000E+00   0.0000000E+00
   1.1594203E-01   3.6039851E+05   1.8403530E+05   5.4443381E+05   0.0000000E+00   0.0000000E+00   0.0000000E+00
   1.3043478E-01   3.7491127E+05   1.8505614E+05   5.5996741E+05   0.0000000E+00   0.0000000E+00   0.0000000E+00
   1.4492754E-01   3.7856525E+05   1.9208625E+05   5.7065150E+05   0.0000000E+00   0.0000000E+00   0.0000000E+00
   1.5942029E-01   3.7659513E+05   1.9639157E+05   5.7298670E+05   0.0000000E+00   0.0000000E+00   0.0000000E+00
   1.7391304E-01   3.9231817E+05   2.0364173E+05   5.9583361E+05   0.0000000E+00   0.0000000E+00   0.0000000E+00
   1.8840580E-01   3.9769518E+05   2.0418089E+05   6.0175950E+05   0.0000000E+00   0.0000000E+00   0.0000000E+00
   2.0289855E-01   4.0988142E+05   2.0626675E+05   6.1614817E+05   0.0000000E+00   0.0000000E+00   0.0000000E+00
   2.1739130E-01   4.1822013E+05   2.0448787E+05   6.2260698E+05   0.0000000E+00   0.0000000E+00   0.0000000E+00
   2.3188406E-01   4.2797915E+05   2.1226099E+05   6.4019278E+05   0.0000000E+00   0.0000000E+00   0.0000000E+00
   2.4637681E-01   4.3507457E+05   2.2067967E+05   6.5570967E+05   0.0000000E+00   0.0000000E+00   0.0000000E+00
   2.6086957E-01   4.3325700E+05   2.2845761E+05   6.6163041E+05   0.0000000E+00   0.0000000E+00   0.0000000E+00
   2.7536232E-01   4.3633669E+05   2.2827815E+05   6.6457495E+05   0.0000000E+00   0.0000000E+00   0.0000000E+00
   2.8985507E-01   4.4816336E+05   2.2538878E+05   6.7355214E+05   0.0000000E+00   0.0000000E+00   0.0000000E+00
   3.0434783E-01   4.4663165E+05   2.3139835E+05   6.7795784E+05   0.0000000E+00   0.0000000E+00   0.0000000E+00
   3.1884058E-01   4.5887845E+05   2.2425562E+05   6.8303074E+05   0.0000000E+00   0.0000000E+00   0.0000000E+00
   3.3333333E-01   4.5516913E+05   2.2959422E+05   6.8469746E+05   0.0000000E+00   0.0000000E+00   0.0000000E+00
   3.4782609E-01   4.4996930E+05   2.2741572E+05   6.7735345E+05   0.0000000E+00   0.0000000E+00   0.0000000E+00
   3.6231884E-01   4.5264159E+05   2.3159464E+05   6.8414530E+05   0.0000000E+00   0.0000000E+00   0.0000000E+00
   3.7681159E-01   4.4380055E+05   2.2880733E+05   6.7257874E+05   0.0000000E+00   0.0000000E+00   0.0000000E+00
   3.9130435E-01   4.3642827E+05   2.2002428E+05   6.5639642E+05   0.0000000E+00   0.0000000E+00   0.0000000E+00
   4.0579710E-01   4.3623983E+05   2.2336995E+05   6.5955566E+05   0.0000000E+00   0.0000000E+00   0.0000000E+00
   4.2028986E-01   4.2762478E+05   2.1362949E+05   6.4112362E+05   0.0000000E+00   0.0000000E+00   0.0000000E+00
   4.3478261E-01   4.1794230E+05   2.0938790E+05   6.2730494E+05   0.0000000E+00   0.0000000E+00   0.0000000E+00
   4.4927536E-01   4.1888173E+05   2.0304899E+05   6.2188183E+05   0.0000000E+00   0.0000000E+00   0.0000000E+00
   4.6376812E-01   3.9925619E+05   1.9895324E+05   5.9816207E+05   0.0000000E+00   0.0000000E+00   0.0000000E+00
   4.7826087E-01   3.9028032E+05   1.9303916E+05   5.8325059E+05   0.0000000E+00   0.0000000E+00   0.0000000E+00
   4.9275362E-01   3.8029467E+05   1.8887701E+05   5.6912711E+05   0.0000000E+00   0.0000000E+00   0.0000000E+00
   5.0724638E-01   3.6808683E+05   1.8144546E+05   5.4944569E+05   0.0000000E+00   0.0000000E+00   0.0000000E+00
   5.2173913E-01   3.5672559E+05   1.7350065E+05   5.3020520E+05   0.0000000E+00   0.0000000E+00   0.0000000E+00
   5.3623188E-01   3.3498105E+05   1.6868857E+05   5.0352627E+05   0.0000000E+00   0.0000000E+00   0.0000000E+00
   5.5072464E-01   3.2467023E+05   1.6538600E+05   4.9005623E+05   0.0000000E+00   0.0000000E+00   0.0000000E+00
   5.6521739E-01   3.1074976E+05   1.5220793E+05   4.6293826E+05   0.0000000E+00   0.0000000E+00   0.0000000E+00
   5.7971014E-01   2.9479746E+05   1.4679254E+05   4.4159000E+05   0.0000000E+00   0.0000000E+00   0.0000000E+00
   5.9420290E-01   2.8200742E+05   1.4330464E+05   4.2527509E+05   0.0000000E+00   0.0000000E+00   0.0000000E+00
   6.0869565E-01   2.6899652E+05   1.3568899E+05   4.0468551E+05   0.0000000E+00   0.0000000E+00   0.0000000E+00
   6.2318841E-01   2.5195626E+05   1.2694733E+05   3.7888596E+05   0.0000000E+00   0.0000000E+00   0.0000000E+00
   6.3768116E-01   2.3796376E+05   1.1989461E+05   3.5780671E+05   0.0000000E+00   0.0000000E+00   0.0000000E+00
   6.5217391E-01   2.2683269E+05   1.1286909E+05   3.3961758E+05   0.0000000E+00   0.0000000E+00   0.0000000E+00
   6.6666667E-01   2.1196860E+05   1.0489711E+05   3.1681630E+05   0.0000000E+00   0.0000000E+00   0.0000000E+00
   6.8115942E-01   2.0112266E+05   1.0253628E+05   3.0365895E+05   0.0000000E+00   0.0000000E+00   0.0000000E+00
   6.9565217E-01   1.9374380E+05   9.5017023E+04   2.8874504E+05   0.0000000E+00   0.0000000E+00   0.0000000E+00
   7.1014493E-01   1.7791348E+05   9.1113970E+04   2.6902745E+05   0.0000000E+00   0.0000000E+00   0.0000000E+00
   7.2463768E-01   1.6552000E+05   8.1956800E+04   2.4746165E+05   0.0000000E+00   0.0000000E+00   0.0000000E+00
   7.3913043E-01   1.5594518E+05   7.6486832E+04   2.3241716E+05   0.0000000E+00   0.0000000E+00   0.0000000E+00
   7.5362319E-01   1.4242535E+05   7.1912126E+04   2.1432291E+05   0.0000000E+00   0.0000000E+00   0.0000000E+00
   7.6811594E-01   1.3499151E+05   6.6652234E+04   2.0162944E+05   0.0000000E+00   0.0000000E+00   0.0000000E+00
   7.8260870E-01   1.2509671E+05   6.2836016E+04   1.8793273E+05   0.0000000E+00   0.0000000E+00   0.0000000E+00
   7.9710145E-01   1.1481777E+05   5.7794643E+04   1.7261242E+05   0.0000000E+00   0.0000000E+00   0.0000000E+00
   8.1159420E-01   1.0759861E+05   5.3677525E+04   1.6127613E+05   0.0000000E+00   0.0000000E+00   0.0000000E+00
   8.2608696E-01   9.7681564E+04   4.8229275E+04   1.4588425E+05   0.0000000E+00   0.0000000E+00   0.0000000E+00
   8.4057971E-01   8.9517444E+04   4.2524705E+04   1.3202908E+05   0.0000000E+00   0.0000000E+00   0.0000000E+00
   8.5507246E-01   8.1822719E+04   4.1726890E+04   1.2354961E+05   0.0000000E+00   0.0000000E+00   0.0000000E+00
   8.6956522E-01   7.1568230E+04   3.6661827E+04   1.0823006E+05   0.0000000E+00   0.0000000E+00   0.0000000E+00
   8.8405797E-01   6.4519415E+04   3.3526743E+04   9.8033736E+04   0.0000000E+00   0.0000000E+00   0.0000000E+00
   8.9855072E-01   5.7722425E+04   2.8048479E+04   8.5770904E+04   0.0000000E+00   0.0000000E+00   0.0000000E+00
   9.1304348E-01   5.0960799E+04   2.5582634E+04   7.6543433E+04   0.0000000E+00   0.0000000E+00   0.0000000E+00
   9.2753623E-01   4.2977878E+04   2.1713892E+04   6.4691769E+04   0.0000000E+00   0.0000000E+00   0.0000000E+00
   9.4202899E-01   3.5648597E+04   1.8208995E+04   5.3857592E+04   0.0000000E+00   0.0000000E+00   0.0000000E+00
   9.5652174E-01   2.6934095E+04   1.3512971E+04   4.0447066E+04   0.0000000E+00   0.0000000E+00   0.0000000E+00
   9.7101449E-01   1.9554130E+04   9.3755778E+03   2.8929708E+04   0.0000000E+00   0.0000000E+00   0.0000000E+00
   9.8550725E-01   6.1287526E+03   3.0866627E+03   9.2154153E+03   0.0000000E+00   0.0000000E+00   0.0000000E+00
   1.0000000E+00   0.0000000E+00   0.0000000E+00   0.0000000E+00   0.0000000E+00   0.0000000E+00   0.0000000E+00
