   0.0000000E+00   3.6977550E+05   2.0610438E+05   5.7587988E+05   0.0000000E+00   0.0000000E+00   0.0000000E+00
   1.4492754E-02   3.2734225E+05   1.5003186E+05   4.7737411E+05   0.0000000E+00   0.0000000E+00   0.0000000E+00
   2.8985507E-02   3.4780114E+05   1.8185680E+05   5.2965794E+05   0.0000000E+00   0.0000000E+00   0.0000000E+00
   4.3478261E-02   3.4855887E+05   1.6847012E+05   5.1702900E+05   0.0000000E+00   0.0000000E+00   0.0000000E+00
   5.7971014E-02   3.5935662E+05   1.8488775E+05   5.4424437E+05   0.0000000E+00   0.0000000E+00   0.0000000E+00
   7.2463768E-02   3.5795481E+05   1.8458466E+05   5.4253947E+05   0.0000000E+00   0.0000000E+00   0.0000000E+00
   8.6956522E-02   3.6939663E+05   1.7314283E+05   5.4253947E+05   0.0000000E+00   0.0000000E+00   0.0000000E+00
   1.0144928E-01   3.6165689E+05   1.8218155E+05   5.4383844E+05   0.0000000E+00   0.0000000E+00   0.0000000E+00
   1.1594203E-01   3.6447135E+05   1.8280398E+05   5.4727532E+05   0.0000000E+00   0.0000000E+00   0.0000000E+00
   1.3043478E-01   3.7575320E+05   1.9440156E+05   5.7015476E+05   0.0000000E+00   0.0000000E+00   0.0000000E+00
   1.4492754E-01   3.7447347E+05   1.8526662E+05   5.5974009E+05   0.0000000E+00   0.0000000E+00   0.0000000E+00
   1.5942029E-01   3.7315087E+05   1.9460056E+05   5.6775143E+05   0.0000000E+00   0.0000000E+00   0.0000000E+00
   1.7391304E-01   3.9168672E+05   1.9429631E+05   5.8598304E+05   0.0000000E+00   0.0000000E+00   0.0000000E+00
   1.8840580E-01   4.0906123E+05   1.9788585E+05   6.0688880E+05   0.0000000E+00   0.0000000E+00   0.0000000E+00
   2.0289855E-01   4.1881189E+05   2.0334405E+05   6.2215594E+05   0.0000000E+00   0.0000000E+00   0.0000000E+00
   2.1739130E-01   4.1488609E+05   2.1201472E+05   6.2690082E+05   0.0000000E+00   0.0000000E+00   0.0000000E+00
   2.3188406E-01   4.2504292E+05   2.1567080E+05   6.4066637E+05   0.0000000E+00   0.0000000E+00   0.0000000E+00
   2.4637681E-01   4.3418312E+05   2.1546465E+05   6.4964777E+05   0.0000000E+00   0.0000000E+00   0.0000000E+00
   2.6086957E-01   4.4096065E+05   2.1553399E+05   6.5649464E+05   0.0000000E+00   0.0000000E+00   0.0000000E+00
   2.7536232E-01   4.3781228E+05   2.2349244E+05   6.6126484E+05   0.0000000E+00   0.0000000E+00   0.0000000E+00
   2.8985507E-01   4.4816336E+05   2.2084236E+05   6.6896783E+05   0.0000000E+00   0.0000000E+00   0.0000000E+00
   3.0434783E-01   4.4609041E+05   2.1996013E+05   6.6597838E+05   0.0000000E+00   0.0000000E+00   0.0000000E+00
   3.1884058E-01   4.4844235E+05   2.3128190E+05   6.7968981E+05   0.0000000E+00   0.0000000E+00   0.0000000E+00
   3.3333333E-01   4.4963436E+05   2.2679388E+05   6.7632941E+05   0.0000000E+00   0.0000000E+00   0.0000000E+00
   3.4782609E-01   4.5120062E+05   2.3117283E+05   6.8234188E+05   0.0000000E+00   0.0000000E+00   0.0000000E+00
   3.6231884E-01   4.5030776E+05   2.2886679E+05   6.7914424E+05   0.0000000E+00   0.0000000E+00   0.0000000E+00
   3.7681159E-01   4.5000816E+05   2.2767073E+05   6.7767889E+05   0.0000000E+00   0.0000000E+00   0.0000000E+00
   3.9130435E-01   4.4178855E+05   2.2103460E+05   6.6273896E+05   0.0000000E+00   0.0000000E+00   0.0000000E+00
   4.0579710E-01   4.3805299E+05   2.1912121E+05   6.5717420E+05   0.0000000E+00   0.0000000E+00   0.0000000E+00
   4.2028986E-01   4.2934928E+05   2.1292401E+05   6.4201200E+05   0.0000000E+00   0.0000000E+00   0.0000000E+00
   4.3478261E-01   4.2168046E+05   2.1034770E+05   6.3190188E+05   0.0000000E+00   0.0000000E+00   0.0000000E+00
   4.4927536E-01   4.1651075E+05   2.0661768E+05   6.2307954E+05   0.0000000E+00   0.0000000E+00   0.0000000E+00
   4.6376812E-01   4.0789913E+05   1.9821918E+05   6.0609463E+05   0.0000000E+00   0.0000000E+00   0.0000000E+00
   4.7826087E-01   3.9005070E+05   1.9595530E+05   5.8596007E+05   0.0000000E+00   0.0000000E+00   0.0000000E+00
   4.9275362E-01   3.7681800E+05   1.9386916E+05   5.7062030E+05   0.0000000E+00   0.0000000E+00   0.0000000E+00
   5.0724638E-01   3.6462289E+05   1.8003824E+05   5.4461783E+05   0.0000000E+00   0.0000000E+00   0.0000000E+00
   5.2173913E-01   3.5851469E+05   1.7962569E+05   5.3807724E+05   0.0000000E+00   0.0000000E+00   0.0000000E+00
   5.3623188E-01   3.3731570E+05   1.7038836E+05   5.0764262E+05   0.0000000E+00   0.0000000E+00   0.0000000E+00
   5.5072464E-01   3.2616576E+05   1.6452856E+05   4.9067438E+05   0.0000000E+00   0.0000000E+00   0.0000000E+00
   5.6521739E-01   3.1214866E+05   1.5607433E+05   4.6816470E+05   0.0000000E+00   0.0000000E+00   0.0000000E+00
   5.7971014E-01   2.9254319E+05   1.4766394E+05   4.4013135E+05   0.0000000E+00   0.0000000E+00   0.0000000E+00
   5.9420290E-01   2.8060283E+05   1.4190006E+05   4.2250289E+05   0.0000000E+00   0.0000000E+00   0.0000000E+00
   6.0869565E-01   2.6822074E+05   1.3321733E+05   4.0138395E+05   0.0000000E+00   0.0000000E+00   0.0000000E+00
   6.2318841E-01   2.5595640E+05   1.2403973E+05   3.7999614E+05   0.0000000E+00   0.0000000E+00   0.0000000E+00
   6.3768116E-01   2.3686160E+05   1.1941241E+05   3.5627401E+05   0.0000000E+00   0.0000000E+00   0.0000000E+00
   6.5217391E-01   2.2691688E+05   1.1472133E+05   3.4157086E+05   0.0000000E+00   0.0000000E+00   0.0000000E+00
   6.6666667E-01   2.1158973E+05   1.0804337E+05   3.1961663E+05   0.0000000E+00   0.0000000E+00   0.0000000E+00
   6.8115942E-01   2.0466951E+05   1.0242343E+05   3.0704458E+05   0.0000000E+00   0.0000000E+00   0.0000000E+00
   6.9565217E-01   1.8828178E+05   9.2712241E+04   2.8099402E+05   0.0000000E+00   0.0000000E+00   0.0000000E+00
   7.1014493E-01   1.7727946E+05   8.9366537E+04   2.6664599E+05   0.0000000E+00   0.0000000E+00   0.0000000E+00
   7.2463768E-01   1.6562608E+05   8.1577931E+04   2.4717371E+05   0.0000000E+00   0.0000000E+00   0.0000000E+00
   7.3913043E-01   1.5615319E+05   7.7690296E+04   2.3384348E+05   0.0000000E+00   0.0000000E+00   0.0000000E+00
   7.5362319E-01   1.4570402E+05   7.1489542E+04   2.1719356E+05   0.0000000E+00   0.0000000E+00   0.0000000E+00
   7.6811594E-01   1.3616385E+05   6.6938173E+04   2.0304484E+05   0.0000000E+00   0.0000000E+00   0.0000000E+00
   7.8260870E-01   1.2520897E+05   6.2190537E+04   1.8738548E+05   0.0000000E+00   0.0000000E+00   0.0000000E+00
   7.9710145E-01   1.1481777E+05   5.9806090E+04   1.7461009E+05   0.0000000E+00   0.0000000E+00   0.0000000E+00
   8.1159420E-01   1.0471650E+05   5.2405610E+04   1.5712211E+05   0.0000000E+00   0.0000000E+00   0.0000000E+00
   8.2608696E-01   9.7761326E+04   4.8229275E+04   1.4599060E+05   0.0000000E+00   0.0000000E+00   0.0000000E+00
   8.4057971E-01   8.7152783E+04   4.3478408E+04   1.3060506E+05   0.0000000E+00   0.0000000E+00   0.0000000E+00
   8.5507246E-01   7.9318335E+04   4.1470030E+04   1.2077552E+05   0.0000000E+00   0.0000000E+00   0.0000000E+00
   8.6956522E-01   7.4207679E+04   3.7230129E+04   1.1143781E+05   0.0000000E+00   0.0000000E+00   0.0000000E+00
   8.8405797E-01   6.3376599E+04   3.3626118E+04   9.7002717E+04   0.0000000E+00   0.0000000E+00   0.0000000E+00
   8.9855072E-01   5.7807976E+04   2.9185084E+04   8.6993060E+04   0.0000000E+00   0.0000000E+00   0.0000000E+00
   9.1304348E-01   5.0371448E+04   2.4548263E+04   7.4907684E+04   0.0000000E+00   0.0000000E+00   0.0000000E+00
   9.2753623E-01   4.1308489E+04   2.1074552E+04   6.2383040E+04   0.0000000E+00   0.0000000E+00   0.0000000E+00
   9.4202899E-01   3.3725111E+04   1.7521204E+04   5.1246315E+04   0.0000000E+00   0.0000000E+00   0.0000000E+00
   9.5652174E-01   2.7622946E+04   1.3926282E+04   4.1549228E+04   0.0000000E+00   0.0000000E+00   0.0000000E+00
   9.7101449E-01   2.0266629E+04   9.7714104E+03   3.0038039E+04   0.0000000E+00   0.0000000E+00   0.0000000E+00
   9.8550725E-01   6.1956117E+03   3.1535218E+03   9.3491335E+03   0.0000000E+00   0.0000000E+00   0.0000000E+00
   1.0000000E+00   0.0000000E+00   0.0000000E+00   0.0000000E+00   0.0000000E+00   0.0000000E+00   0.0000000E+00
