   0.0000000E+00   3.2128035E+05   1.5760923E+05   4.7888958E+05   0.0000000E+00   0.0000000E+00   0.0000000E+00
   1.4492754E-02   3.8341476E+05   1.9170738E+05   5.7512214E+05   0.0000000E+00   0.0000000E+00   0.0000000E+00
   2.8985507E-02   3.6257700E+05   1.9284399E+05   5.5504212E+05   0.0000000E+00   0.0000000E+00   0.0000000E+00
   4.3478261E-02   3.5891461E+05   1.7301654E+05   5.3193115E+05   0.0000000E+00   0.0000000E+00   0.0000000E+00
   5.7971014E-02   3.4609623E+05   1.7484774E+05   5.2094397E+05   0.0000000E+00   0.0000000E+00   0.0000000E+00
   7.2463768E-02   3.5325684E+05   1.7806812E+05   5.3132496E+05   0.0000000E+00   0.0000000E+00   0.0000000E+00
   8.6956522E-02   3.6257700E+05   1.7731038E+05   5.3988739E+05   0.0000000E+00   0.0000000E+00   0.0000000E+00
   1.0144928E-01   3.6014142E+05   1.7698564E+05   5.3712706E+05   0.0000000E+00   0.0000000E+00   0.0000000E+00
   1.1594203E-01   3.6996494E+05   1.8289869E+05   5.5286363E+05   0.0000000E+00   0.0000000E+00   0.0000000E+00
   1.3043478E-01   3.7617417E+05   1.8463517E+05   5.6080934E+05   0.0000000E+00   0.0000000E+00   0.0000000E+00
   1.4492754E-01   3.8667303E+05   1.8670632E+05   5.7330358E+05   0.0000000E+00   0.0000000E+00   0.0000000E+00
   1.5942029E-01   3.8685902E+05   2.0135130E+05   5.8814144E+05   0.0000000E+00   0.0000000E+00   0.0000000E+00
   1.7391304E-01   3.8935037E+05   1.9997934E+05   5.8932971E+05   0.0000000E+00   0.0000000E+00   0.0000000E+00
   1.8840580E-01   4.0101757E+05   1.9899331E+05   5.9995259E+05   0.0000000E+00   0.0000000E+00   0.0000000E+00
   2.0289855E-01   4.0674223E+05   2.0729511E+05   6.1403733E+05   0.0000000E+00   0.0000000E+00   0.0000000E+00
   2.1739130E-01   4.2271604E+05   2.1150957E+05   6.3417509E+05   0.0000000E+00   0.0000000E+00   0.0000000E+00
   2.3188406E-01   4.2291179E+05   2.1481835E+05   6.3773014E+05   0.0000000E+00   0.0000000E+00   0.0000000E+00
   2.4637681E-01   4.3471799E+05   2.1345888E+05   6.4817687E+05   0.0000000E+00   0.0000000E+00   0.0000000E+00
   2.6086957E-01   4.3144685E+05   2.1974364E+05   6.5114839E+05   0.0000000E+00   0.0000000E+00   0.0000000E+00
   2.7536232E-01   4.3960692E+05   2.1838769E+05   6.5795473E+05   0.0000000E+00   0.0000000E+00   0.0000000E+00
   2.8985507E-01   4.4763295E+05   2.2425217E+05   6.7188512E+05   0.0000000E+00   0.0000000E+00   0.0000000E+00
   3.0434783E-01   4.5561624E+05   2.2872823E+05   6.8416406E+05   0.0000000E+00   0.0000000E+00   0.0000000E+00
   3.1884058E-01   4.5064667E+05   2.2880204E+05   6.7934538E+05   0.0000000E+00   0.0000000E+00   0.0000000E+00
   3.3333333E-01   4.5391722E+05   2.2880353E+05   6.8265486E+05   0.0000000E+00   0.0000000E+00   0.0000000E+00
   3.4782609E-01   4.4959043E+05   2.2590025E+05   6.7533282E+05   0.0000000E+00   0.0000000E+00   0.0000000E+00
   3.6231884E-01   4.5018652E+05   2.2562368E+05   6.7577988E+05   0.0000000E+00   0.0000000E+00   0.0000000E+00
   3.7681159E-01   4.4860926E+05   2.2245400E+05   6.7106326E+05   0.0000000E+00   0.0000000E+00   0.0000000E+00
   3.9130435E-01   4.4599820E+05   2.2263426E+05   6.6854827E+05   0.0000000E+00   0.0000000E+00   0.0000000E+00
   4.0579710E-01   4.2993438E+05   2.2044725E+05   6.5035457E+05   0.0000000E+00   0.0000000E+00   0.0000000E+00
   4.2028986E-01   4.2801671E+05   2.1462238E+05   6.4256071E+05   0.0000000E+00   0.0000000E+00   0.0000000E+00
   4.3478261E-01   4.2882845E+05   2.1312607E+05   6.4187875E+05   0.0000000E+00   0.0000000E+00   0.0000000E+00
   4.4927536E-01   4.1685295E+05   2.0400227E+05   6.2083078E+05   0.0000000E+00   0.0000000E+00   0.0000000E+00
   4.6376812E-01   4.0697564E+05   1.9897692E+05   6.0590520E+05   0.0000000E+00   0.0000000E+00   0.0000000E+00
   4.7826087E-01   3.8355253E+05   1.9331470E+05   5.7677539E+05   0.0000000E+00   0.0000000E+00   0.0000000E+00
   4.9275362E-01   3.7380934E+05   1.8716096E+05   5.6090344E+05   0.0000000E+00   0.0000000E+00   0.0000000E+00
   5.0724638E-01   3.6590022E+05   1.7722379E+05   5.4310236E+05   0.0000000E+00   0.0000000E+00   0.0000000E+00
   5.2173913E-01   3.4919032E+05   1.7737353E+05   5.2652175E+05   0.0000000E+00   0.0000000E+00   0.0000000E+00
   5.3623188E-01   3.3860590E+05   1.6922103E+05   5.0776550E+05   0.0000000E+00   0.0000000E+00   0.0000000E+00
   5.5072464E-01   3.2598630E+05   1.6365118E+05   4.8963748E+05   0.0000000E+00   0.0000000E+00   0.0000000E+00
   5.6521739E-01   3.0913714E+05   1.5469486E+05   4.6377371E+05   0.0000000E+00   0.0000000E+00   0.0000000E+00
   5.7971014E-01   2.9623716E+05   1.4648944E+05   4.4270766E+05   0.0000000E+00   0.0000000E+00   0.0000000E+00
   5.9420290E-01   2.8309782E+05   1.3912785E+05   4.2220718E+05   2.0202369E-09   0.0000000E+00   1.3546067E-09
   6.0869565E-01   2.6970014E+05   1.3366836E+05   4.0333241E+05   0.0000000E+00   0.0000000E+00   0.0000000E+00
   6.2318841E-01   2.5144523E+05   1.2848042E+05   3.7987278E+05   0.0000000E+00   0.0000000E+00   0.0000000E+00
   6.3768116E-01   2.3760211E+05   1.2220226E+05   3.5978715E+05   0.0000000E+00   0.0000000E+00   0.0000000E+00
   6.5217391E-01   2.2796087E+05   1.1263335E+05   3.4052687E+05   0.0000000E+00   0.0000000E+00   0.0000000E+00
   6.6666667E-01   2.1330288E+05   1.0728563E+05   3.2058851E+05   0.0000000E+00   0.0000000E+00   0.0000000E+00
   6.8115942E-01   2.0221896E+05   9.9811656E+04   3.0198225E+05   0.0000000E+00   0.0000000E+00   0.0000000E+00
   6.9565217E-01   1.9178631E+05   9.7732246E+04   2.8950277E+05   0.0000000E+00   0.0000000E+00   0.0000000E+00
   7.1014493E-01   1.7530006E+05   8.7603639E+04   2.6288824E+05   0.0000000E+00   0.0000000E+00   0.0000000E+00
   7.2463768E-01   1.6568670E+05   8.3896606E+04   2.4956815E+05   0.0000000E+00   0.0000000E+00   0.0000000E+00
   7.3913043E-01   1.5434056E+05   7.9562352E+04   2.3388806E+05   0.0000000E+00   0.0000000E+00   0.0000000E+00
   7.5362319E-01   1.4637433E+05   7.3063303E+04   2.1942306E+05   0.0000000E+00   0.0000000E+00   0.0000000E+00
   7.6811594E-01   1.3683581E+05   6.8653803E+04   2.0547531E+05   0.0000000E+00   0.0000000E+00   0.0000000E+00
   7.8260870E-01   1.2662622E+05   6.1194253E+04   1.8782047E+05   0.0000000E+00   0.0000000E+00   0.0000000E+00
   7.9710145E-01   1.1501065E+05   5.7505326E+04   1.7251598E+05   0.0000000E+00   0.0000000E+00   0.0000000E+00
   8.1159420E-01   1.0644847E+05   5.2595044E+04   1.5902999E+05   0.0000000E+00   0.0000000E+00   0.0000000E+00
   8.2608696E-01   9.7508747E+04   4.8215982E+04   1.4572473E+05   0.0000000E+00   0.0000000E+00   0.0000000E+00
   8.4057971E-01   8.9987763E+04   4.3595988E+04   1.3357069E+05   0.0000000E+00   0.0000000E+00   0.0000000E+00
   8.5507246E-01   8.0718221E+04   3.9710539E+04   1.2042876E+05   0.0000000E+00   0.0000000E+00   0.0000000E+00
   8.6956522E-01   7.2363853E+04   3.6737600E+04   1.0910145E+05   0.0000000E+00   0.0000000E+00   0.0000000E+00
   8.8405797E-01   6.4556681E+04   3.2247286E+04   9.6803967E+04   0.0000000E+00   0.0000000E+00   0.0000000E+00
   8.9855072E-01   5.6781365E+04   2.8757329E+04   8.5538694E+04   0.0000000E+00   0.0000000E+00   0.0000000E+00
   9.1304348E-01   5.1201350E+04   2.5618716E+04   7.6820067E+04   0.0000000E+00   0.0000000E+00   0.0000000E+00
   9.2753623E-01   4.2350377E+04   2.1666533E+04   6.4016910E+04   0.0000000E+00   0.0000000E+00   0.0000000E+00
   9.4202899E-01   3.5193955E+04   1.8372200E+04   5.3566155E+04   0.0000000E+00   0.0000000E+00   0.0000000E+00
   9.5652174E-01   2.7324444E+04   1.4190342E+04   4.1514786E+04   0.0000000E+00   0.0000000E+00   0.0000000E+00
   9.7101449E-01   1.9395797E+04   1.0110695E+04   2.9506493E+04   0.0000000E+00   0.0000000E+00   0.0000000E+00
   9.8550725E-01   6.2624708E+03   3.5658197E+03   9.8282905E+03   0.0000000E+00   0.0000000E+00   0.0000000E+00
   1.0000000E+00   0.0000000E+00   0.0000000E+00   0.0000000E+00   0.0000000E+00   0.0000000E+00   0.0000000E+00
