   0.0000000E+00   2.4247574E+05   1.5760923E+05   4.0008497E+05   0.0000000E+00   0.0000000E+00   0.0000000E+00
   1.4492754E-02   3.6750229E+05   1.7049075E+05   5.3799305E+05   0.0000000E+00   0.0000000E+00   0.0000000E+00
   2.8985507E-02   3.5803058E+05   1.7162736E+05   5.2965794E+05   0.0000000E+00   0.0000000E+00   0.0000000E+00
   4.3478261E-02   3.5487335E+05   1.7251139E+05   5.2738473E+05   0.0000000E+00   0.0000000E+00   0.0000000E+00
   5.7971014E-02   3.4761170E+05   1.8090963E+05   5.2852134E+05   0.0000000E+00   0.0000000E+00   0.0000000E+00
   7.2463768E-02   3.5310529E+05   1.7776503E+05   5.3087032E+05   0.0000000E+00   0.0000000E+00   0.0000000E+00
   8.6956522E-02   3.6156669E+05   1.8185680E+05   5.4342349E+05   0.0000000E+00   0.0000000E+00   0.0000000E+00
   1.0144928E-01   3.6977550E+05   1.9008366E+05   5.5985916E+05   0.0000000E+00   0.0000000E+00   0.0000000E+00
   1.1594203E-01   3.6522908E+05   1.8015190E+05   5.4538098E+05   0.0000000E+00   0.0000000E+00   0.0000000E+00
   1.3043478E-01   3.7558482E+05   1.8648742E+05   5.6207223E+05   0.0000000E+00   0.0000000E+00   0.0000000E+00
   1.4492754E-01   3.7682245E+05   1.9299553E+05   5.6981799E+05   0.0000000E+00   0.0000000E+00   0.0000000E+00
   1.5942029E-01   3.7817949E+05   1.8950306E+05   5.6768255E+05   0.0000000E+00   0.0000000E+00   0.0000000E+00
   1.7391304E-01   3.8594055E+05   2.0016877E+05   5.8610933E+05   0.0000000E+00   0.0000000E+00   0.0000000E+00
   1.8840580E-01   4.0066784E+05   1.9806071E+05   5.9867027E+05   0.0000000E+00   0.0000000E+00   0.0000000E+00
   2.0289855E-01   4.1134277E+05   2.0821522E+05   6.1950386E+05   0.0000000E+00   0.0000000E+00   0.0000000E+00
   2.1739130E-01   4.1685621E+05   2.0767037E+05   6.2447606E+05   0.0000000E+00   0.0000000E+00   0.0000000E+00
   2.3188406E-01   4.2400103E+05   2.0941948E+05   6.3337315E+05   0.0000000E+00   0.0000000E+00   0.0000000E+00
   2.4637681E-01   4.3043901E+05   2.1261200E+05   6.4296186E+05   0.0000000E+00   0.0000000E+00   0.0000000E+00
   2.6086957E-01   4.3666681E+05   2.2264830E+05   6.5931511E+05   0.0000000E+00   0.0000000E+00   0.0000000E+00
   2.7536232E-01   4.3741347E+05   2.2201685E+05   6.5943032E+05   0.0000000E+00   0.0000000E+00   0.0000000E+00
   2.8985507E-01   4.5297499E+05   2.3353445E+05   6.8647155E+05   0.0000000E+00   0.0000000E+00   0.0000000E+00
   3.0434783E-01   4.4886878E+05   2.2587770E+05   6.7463823E+05   0.0000000E+00   0.0000000E+00   0.0000000E+00
   3.1884058E-01   4.5880956E+05   2.2687325E+05   6.8568281E+05   0.0000000E+00   0.0000000E+00   0.0000000E+00
   3.3333333E-01   4.5444434E+05   2.2481718E+05   6.7919563E+05   0.0000000E+00   0.0000000E+00   0.0000000E+00
   3.4782609E-01   4.6133535E+05   2.2722629E+05   6.8856164E+05   0.0000000E+00   0.0000000E+00   0.0000000E+00
   3.6231884E-01   4.5561191E+05   2.2322923E+05   6.7881083E+05   0.0000000E+00   0.0000000E+00   0.0000000E+00
   3.7681159E-01   4.4403370E+05   2.2277459E+05   6.6669171E+05   0.0000000E+00   0.0000000E+00   0.0000000E+00
   3.9130435E-01   4.4510014E+05   2.2266233E+05   6.6756602E+05   0.0000000E+00   0.0000000E+00   0.0000000E+00
   4.0579710E-01   4.3732231E+05   2.1395237E+05   6.5124762E+05   0.0000000E+00   0.0000000E+00   0.0000000E+00
   4.2028986E-01   4.2595253E+05   2.1621624E+05   6.4206426E+05   0.0000000E+00   0.0000000E+00   0.0000000E+00
   4.3478261E-01   4.1953354E+05   2.1216627E+05   6.3169982E+05   0.0000000E+00   0.0000000E+00   0.0000000E+00
   4.4927536E-01   4.1372423E+05   2.0412449E+05   6.1782427E+05   0.0000000E+00   0.0000000E+00   0.0000000E+00
   4.6376812E-01   4.0100846E+05   1.9772192E+05   5.9858830E+05   0.0000000E+00   0.0000000E+00   0.0000000E+00
   4.7826087E-01   3.8904038E+05   1.9542718E+05   5.8444460E+05   0.0000000E+00   0.0000000E+00   0.0000000E+00
   4.9275362E-01   3.7773174E+05   1.8675981E+05   5.6442468E+05   0.0000000E+00   0.0000000E+00   0.0000000E+00
   5.0724638E-01   3.6587857E+05   1.8393517E+05   5.4974879E+05   0.0000000E+00   0.0000000E+00   0.0000000E+00
   5.2173913E-01   3.5283167E+05   1.7644741E+05   5.2921593E+05   0.0000000E+00   0.0000000E+00   0.0000000E+00
   5.3623188E-01   3.3989610E+05   1.7079794E+05   5.1061213E+05   0.0000000E+00   0.0000000E+00   0.0000000E+00
   5.5072464E-01   3.2778094E+05   1.6129821E+05   4.8905921E+05   0.0000000E+00   0.0000000E+00   0.0000000E+00
   5.6521739E-01   3.1407214E+05   1.5486972E+05   4.6884472E+05   0.0000000E+00   0.0000000E+00   0.0000000E+00
   5.7971014E-01   3.0012056E+05   1.4895209E+05   4.4901582E+05   0.0000000E+00   0.0000000E+00   0.0000000E+00
   5.9420290E-01   2.8293149E+05   1.4047699E+05   4.2337151E+05   0.0000000E+00   0.0000000E+00   0.0000000E+00
   6.0869565E-01   2.6975426E+05   1.3559878E+05   4.0528088E+05   0.0000000E+00   0.0000000E+00   0.0000000E+00
   6.2318841E-01   2.5546299E+05   1.2687684E+05   3.8232221E+05   0.0000000E+00   0.0000000E+00   0.0000000E+00
   6.3768116E-01   2.3982366E+05   1.2263279E+05   3.6245645E+05   0.0000000E+00   0.0000000E+00   0.0000000E+00
   6.5217391E-01   2.2410483E+05   1.1497391E+05   3.3902823E+05   0.0000000E+00   0.0000000E+00   0.0000000E+00
   6.6666667E-01   2.1210038E+05   1.0863638E+05   3.2070382E+05   0.0000000E+00   0.0000000E+00   0.0000000E+00
   6.8115942E-01   2.0213835E+05   1.0161733E+05   3.0375568E+05   0.0000000E+00   0.0000000E+00   0.0000000E+00
   6.9565217E-01   1.8681366E+05   9.5253816E+04   2.8203591E+05   0.0000000E+00   0.0000000E+00   0.0000000E+00
   7.1014493E-01   1.7556295E+05   8.8222200E+04   2.6375422E+05   0.0000000E+00   0.0000000E+00   0.0000000E+00
   7.2463768E-01   1.6683846E+05   8.0365553E+04   2.4720402E+05   0.0000000E+00   0.0000000E+00   0.0000000E+00
   7.3913043E-01   1.5659891E+05   7.7749727E+04   2.3430407E+05   0.0000000E+00   0.0000000E+00   0.0000000E+00
   7.5362319E-01   1.4203191E+05   7.1445826E+04   2.1347774E+05   0.0000000E+00   0.0000000E+00   0.0000000E+00
   7.6811594E-01   1.3450541E+05   6.7638722E+04   2.0208694E+05   0.0000000E+00   0.0000000E+00   0.0000000E+00
   7.8260870E-01   1.2596671E+05   6.1601186E+04   1.8755386E+05   0.0000000E+00   0.0000000E+00   0.0000000E+00
   7.9710145E-01   1.1586483E+05   5.7023130E+04   1.7288796E+05   0.0000000E+00   0.0000000E+00   0.0000000E+00
   8.1159420E-01   1.0889759E+05   5.1634343E+04   1.6053193E+05   0.0000000E+00   0.0000000E+00   0.0000000E+00
   8.2608696E-01   9.8691880E+04   4.8415386E+04   1.4710727E+05   0.0000000E+00   0.0000000E+00   0.0000000E+00
   8.4057971E-01   8.6460369E+04   4.4092436E+04   1.3055280E+05   0.0000000E+00   0.0000000E+00   0.0000000E+00
   8.5507246E-01   8.0499890E+04   4.0917781E+04   1.2141767E+05   0.0000000E+00   0.0000000E+00   0.0000000E+00
   8.6956522E-01   7.2275451E+04   3.5664140E+04   1.0793959E+05   0.0000000E+00   0.0000000E+00   0.0000000E+00
   8.8405797E-01   6.4034961E+04   3.2123067E+04   9.6158027E+04   0.0000000E+00   0.0000000E+00   0.0000000E+00
   8.9855072E-01   5.7771311E+04   2.8158473E+04   8.5929784E+04   0.0000000E+00   0.0000000E+00   0.0000000E+00
   9.1304348E-01   5.1490012E+04   2.5089504E+04   7.6579515E+04   0.0000000E+00   0.0000000E+00   0.0000000E+00
   9.2753623E-01   4.1900471E+04   2.0743042E+04   6.2643512E+04   0.0000000E+00   0.0000000E+00   0.0000000E+00
   9.4202899E-01   3.4960805E+04   1.7731038E+04   5.2691843E+04   0.0000000E+00   0.0000000E+00   0.0000000E+00
   9.5652174E-01   2.8564377E+04   1.3719626E+04   4.2284003E+04   0.0000000E+00   0.0000000E+00   0.0000000E+00
   9.7101449E-01   1.8807703E+04   9.8053389E+03   2.8613042E+04   0.0000000E+00   0.0000000E+00   0.0000000E+00
   9.8550725E-01   6.4964777E+03   3.2983832E+03   9.7948610E+03   0.0000000E+00   0.0000000E+00   0.0000000E+00
   1.0000000E+00   0.0000000E+00   0.0000000E+00   0.0000000E+00   0.0000000E+00   0.0000000E+00   0.0000000E+00
