   0.0000000E+00   2.9097089E+05   1.4548544E+05   4.3645633E+05   0.0000000E+00   0.0000000E+00   0.0000000E+00
   1.4492754E-02   3.4098151E+05   1.7579491E+05   5.1677642E+05   0.0000000E+00   0.0000000E+00   0.0000000E+00
   2.8985507E-02   3.6068266E+05   1.6556547E+05   5.2624813E+05   0.0000000E+00   0.0000000E+00   0.0000000E+00
   4.3478261E-02   3.5664140E+05   1.6493402E+05   5.2157542E+05   0.0000000E+00   0.0000000E+00   0.0000000E+00
   5.7971014E-02   3.3416188E+05   1.6689150E+05   5.0105338E+05   0.0000000E+00   0.0000000E+00   0.0000000E+00
   7.2463768E-02   3.6310742E+05   1.7640110E+05   5.3950852E+05   0.0000000E+00   0.0000000E+00   0.0000000E+00
   8.6956522E-02   3.5222127E+05   1.8008875E+05   5.3231002E+05   0.0000000E+00   0.0000000E+00   0.0000000E+00
   1.0144928E-01   3.6165689E+05   1.7482068E+05   5.3647757E+05   0.0000000E+00   0.0000000E+00   0.0000000E+00
   1.1594203E-01   3.6617625E+05   1.8261454E+05   5.4879079E+05   0.0000000E+00   0.0000000E+00   0.0000000E+00
   1.3043478E-01   3.7280645E+05   1.8724515E+05   5.5996741E+05   0.0000000E+00   0.0000000E+00   0.0000000E+00
   1.4492754E-01   3.7917144E+05   1.9072232E+05   5.6989376E+05   0.0000000E+00   0.0000000E+00   0.0000000E+00
   1.5942029E-01   3.9057882E+05   1.9060522E+05   5.8111515E+05   0.0000000E+00   0.0000000E+00   0.0000000E+00
   1.7391304E-01   3.9010810E+05   1.9656952E+05   5.8667763E+05   0.0000000E+00   0.0000000E+00   0.0000000E+00
   1.8840580E-01   4.0626344E+05   2.0488034E+05   6.1114378E+05   0.0000000E+00   0.0000000E+00   0.0000000E+00
   2.0289855E-01   4.1312886E+05   2.0247807E+05   6.1560693E+05   0.0000000E+00   0.0000000E+00   0.0000000E+00
   2.1739130E-01   4.2342326E+05   2.1090338E+05   6.3427612E+05   0.0000000E+00   0.0000000E+00   0.0000000E+00
   2.3188406E-01   4.2068594E+05   2.1207155E+05   6.3271013E+05   0.0000000E+00   0.0000000E+00   0.0000000E+00
   2.4637681E-01   4.3400483E+05   2.2250715E+05   6.5651198E+05   0.0000000E+00   0.0000000E+00   0.0000000E+00
   2.6086957E-01   4.3014186E+05   2.2361651E+05   6.5375837E+05   0.0000000E+00   0.0000000E+00   0.0000000E+00
   2.7536232E-01   4.4530988E+05   2.2341268E+05   6.6868268E+05   0.0000000E+00   0.0000000E+00   0.0000000E+00
   2.8985507E-01   4.4202569E+05   2.2724523E+05   6.6923304E+05   0.0000000E+00   0.0000000E+00   0.0000000E+00
   3.0434783E-01   4.4637907E+05   2.2331583E+05   6.6962273E+05   0.0000000E+00   0.0000000E+00   0.0000000E+00
   3.1884058E-01   4.5329875E+05   2.2559888E+05   6.7872541E+05   0.0000000E+00   0.0000000E+00   0.0000000E+00
   3.3333333E-01   4.5095216E+05   2.2139089E+05   6.7234305E+05   0.0000000E+00   0.0000000E+00   0.0000000E+00
   3.4782609E-01   4.5704151E+05   2.2842604E+05   6.8546755E+05   0.0000000E+00   0.0000000E+00   0.0000000E+00
   3.6231884E-01   4.5152014E+05   2.2838184E+05   6.7981104E+05   0.0000000E+00   0.0000000E+00   0.0000000E+00
   3.7681159E-01   4.4534516E+05   2.2522266E+05   6.7053868E+05   0.0000000E+00   0.0000000E+00   0.0000000E+00
   3.9130435E-01   4.4526853E+05   2.2153975E+05   6.6680828E+05   0.0000000E+00   0.0000000E+00   0.0000000E+00
   4.0579710E-01   4.3098980E+05   2.1449361E+05   6.4537516E+05   0.0000000E+00   0.0000000E+00   0.0000000E+00
   4.2028986E-01   4.2947993E+05   2.1545851E+05   6.4486005E+05   0.0000000E+00   0.0000000E+00   0.0000000E+00
   4.3478261E-01   4.1935674E+05   2.1087812E+05   6.3015908E+05   0.0000000E+00   0.0000000E+00   0.0000000E+00
   4.4927536E-01   4.1560635E+05   2.0827982E+05   6.2381284E+05   0.0000000E+00   0.0000000E+00   0.0000000E+00
   4.6376812E-01   4.0186091E+05   2.0278928E+05   6.0457916E+05   0.0000000E+00   0.0000000E+00   0.0000000E+00
   4.7826087E-01   3.8848930E+05   1.9466944E+05   5.8311282E+05   0.0000000E+00   0.0000000E+00   0.0000000E+00
   4.9275362E-01   3.7828890E+05   1.8918902E+05   5.6741106E+05   0.0000000E+00   0.0000000E+00   0.0000000E+00
   5.0724638E-01   3.6592187E+05   1.7804647E+05   5.4392504E+05   0.0000000E+00   0.0000000E+00   0.0000000E+00
   5.2173913E-01   3.4942185E+05   1.7621588E+05   5.2563773E+05   0.0000000E+00   0.0000000E+00   0.0000000E+00
   5.3623188E-01   3.3205250E+05   1.6963062E+05   5.0162168E+05   0.0000000E+00   0.0000000E+00   0.0000000E+00
   5.5072464E-01   3.2606606E+05   1.6484761E+05   4.9085385E+05   0.0000000E+00   0.0000000E+00   0.0000000E+00
   5.6521739E-01   3.0954515E+05   1.5568574E+05   4.6521147E+05   0.0000000E+00   0.0000000E+00   0.0000000E+00
   5.7971014E-01   3.0322728E+05   1.5105481E+05   4.5422526E+05   0.0000000E+00   0.0000000E+00   0.0000000E+00
   5.9420290E-01   2.8219223E+05   1.4101295E+05   4.2316822E+05   0.0000000E+00   0.0000000E+00   0.0000000E+00
   6.0869565E-01   2.6829291E+05   1.3740292E+05   4.0567779E+05   0.0000000E+00   0.0000000E+00   0.0000000E+00
   6.2318841E-01   2.5526915E+05   1.2629532E+05   3.8154685E+05   0.0000000E+00   0.0000000E+00   0.0000000E+00
   6.3768116E-01   2.4228630E+05   1.1984295E+05   3.6211203E+05   0.0000000E+00   0.0000000E+00   0.0000000E+00
   6.5217391E-01   2.2492993E+05   1.1453611E+05   3.3944920E+05   0.0000000E+00   0.0000000E+00   0.0000000E+00
   6.6666667E-01   2.1620204E+05   1.0596783E+05   3.2215340E+05   0.0000000E+00   0.0000000E+00   0.0000000E+00
   6.8115942E-01   1.9741459E+05   9.9602069E+04   2.9700054E+05   0.0000000E+00   0.0000000E+00   0.0000000E+00
   6.9565217E-01   1.8711360E+05   9.4117211E+04   2.8121503E+05   0.0000000E+00   0.0000000E+00   0.0000000E+00
   7.1014493E-01   1.7905782E+05   8.9180969E+04   2.6820786E+05   0.0000000E+00   0.0000000E+00   0.0000000E+00
   7.2463768E-01   1.6292854E+05   8.3305571E+04   2.4620380E+05   0.0000000E+00   0.0000000E+00   0.0000000E+00
   7.3913043E-01   1.5471200E+05   7.5981675E+04   2.3069368E+05   0.0000000E+00   0.0000000E+00   0.0000000E+00
   7.5362319E-01   1.4590803E+05   7.0848380E+04   2.1674184E+05   0.0000000E+00   0.0000000E+00   0.0000000E+00
   7.6811594E-01   1.3516307E+05   6.6108951E+04   2.0125772E+05   0.0000000E+00   0.0000000E+00   0.0000000E+00
   7.8260870E-01   1.2533526E+05   6.2597469E+04   1.8787660E+05   0.0000000E+00   0.0000000E+00   0.0000000E+00
   7.9710145E-01   1.1878556E+05   5.9475441E+04   1.7826100E+05   0.0000000E+00   0.0000000E+00   0.0000000E+00
   8.1159420E-01   1.0719268E+05   5.3312188E+04   1.6050487E+05   0.0000000E+00   0.0000000E+00   0.0000000E+00
   8.2608696E-01   9.7548628E+04   4.9319353E+04   1.4686798E+05   0.0000000E+00   0.0000000E+00   0.0000000E+00
   8.4057971E-01   8.7139719E+04   4.4366789E+04   1.3149344E+05   0.0000000E+00   0.0000000E+00   0.0000000E+00
   8.5507246E-01   8.0037543E+04   4.0275631E+04   1.2030033E+05   0.0000000E+00   0.0000000E+00   0.0000000E+00
   8.6956522E-01   7.2086017E+04   3.6346103E+04   1.0843212E+05   0.0000000E+00   0.0000000E+00   0.0000000E+00
   8.8405797E-01   6.5873404E+04   3.2657209E+04   9.8530613E+04   0.0000000E+00   0.0000000E+00   0.0000000E+00
   8.9855072E-01   5.8687928E+04   2.9478401E+04   8.8166330E+04   0.0000000E+00   0.0000000E+00   0.0000000E+00
   9.1304348E-01   5.2199638E+04   2.6340370E+04   7.8540009E+04   0.0000000E+00   0.0000000E+00   0.0000000E+00
   9.2753623E-01   4.2954198E+04   2.2009883E+04   6.4964081E+04   0.0000000E+00   0.0000000E+00   0.0000000E+00
   9.4202899E-01   3.4774285E+04   1.7521204E+04   5.2295489E+04   0.0000000E+00   0.0000000E+00   0.0000000E+00
   9.5652174E-01   2.7060384E+04   1.4787346E+04   4.1847731E+04   0.0000000E+00   0.0000000E+00   0.0000000E+00
   9.7101449E-01   1.8694608E+04   1.0099386E+04   2.8793994E+04   0.0000000E+00   0.0000000E+00   0.0000000E+00
   9.8550725E-01   6.3516163E+03   3.2092377E+03   9.5608540E+03   0.0000000E+00   0.0000000E+00   0.0000000E+00
   1.0000000E+00   0.0000000E+00   0.0000000E+00   0.0000000E+00   0.0000000E+00   0.0000000E+00   0.0000000E+00
