   0.0000000E+00   3.2734225E+05   1.8185680E+05   5.0919905E+05   0.0000000E+00   0.0000000E+00   0.0000000E+00
   1.4492754E-02   3.5916719E+05   1.6367112E+05   5.2283831E+05   0.0000000E+00   0.0000000E+00   0.0000000E+00
   2.8985507E-02   3.5272643E+05   1.6745981E+05   5.2018623E+05   0.0000000E+00   0.0000000E+00   0.0000000E+00
   4.3478261E-02   3.4603309E+05   1.7023818E+05   5.1627126E+05   0.0000000E+00   0.0000000E+00   0.0000000E+00
   5.7971014E-02   3.4060264E+05   1.8545605E+05   5.2605869E+05   0.0000000E+00   0.0000000E+00   0.0000000E+00
   7.2463768E-02   3.5219601E+05   1.7821967E+05   5.3041568E+05   0.0000000E+00   0.0000000E+00   0.0000000E+00
   8.6956522E-02   3.5765171E+05   1.8135165E+05   5.3900336E+05   0.0000000E+00   0.0000000E+00   0.0000000E+00
   1.0144928E-01   3.6241463E+05   1.8488775E+05   5.4730238E+05   0.0000000E+00   0.0000000E+00   0.0000000E+00
   1.1594203E-01   3.6598682E+05   1.8318284E+05   5.4916966E+05   0.0000000E+00   0.0000000E+00   0.0000000E+00
   1.3043478E-01   3.7263806E+05   1.8505614E+05   5.5769420E+05   0.0000000E+00   0.0000000E+00   0.0000000E+00
   1.4492754E-01   3.8841582E+05   1.8700941E+05   5.7542524E+05   0.0000000E+00   0.0000000E+00   0.0000000E+00
   1.5942029E-01   3.9209429E+05   1.8660988E+05   5.7870417E+05   0.0000000E+00   0.0000000E+00   0.0000000E+00
   1.7391304E-01   3.8549854E+05   1.8930788E+05   5.7474327E+05   0.0000000E+00   0.0000000E+00   0.0000000E+00
   1.8840580E-01   4.0364050E+05   1.9858530E+05   6.0222580E+05   0.0000000E+00   0.0000000E+00   0.0000000E+00
   2.0289855E-01   4.1215463E+05   2.0226157E+05   6.1430795E+05   0.0000000E+00   0.0000000E+00   0.0000000E+00
   2.1739130E-01   4.1998819E+05   2.0923636E+05   6.2912351E+05   0.0000000E+00   0.0000000E+00   0.0000000E+00
   2.3188406E-01   4.2921047E+05   2.1174004E+05   6.4095052E+05   0.0000000E+00   0.0000000E+00   0.0000000E+00
   2.4637681E-01   4.3525287E+05   2.1840646E+05   6.5365932E+05   0.0000000E+00   0.0000000E+00   0.0000000E+00
   2.6086957E-01   4.4251822E+05   2.2071186E+05   6.6323008E+05   0.0000000E+00   0.0000000E+00   0.0000000E+00
   2.7536232E-01   4.3701466E+05   2.1970376E+05   6.5663866E+05   0.0000000E+00   0.0000000E+00   0.0000000E+00
   2.8985507E-01   4.4198781E+05   2.2281247E+05   6.6480028E+05   0.0000000E+00   0.0000000E+00   0.0000000E+00
   3.0434783E-01   4.5078116E+05   2.3038803E+05   6.8109703E+05   0.0000000E+00   0.0000000E+00   0.0000000E+00
   3.1884058E-01   4.4933785E+05   2.2797541E+05   6.7731327E+05   0.0000000E+00   0.0000000E+00   0.0000000E+00
   3.3333333E-01   4.5843069E+05   2.2768340E+05   6.8608115E+05   0.0000000E+00   0.0000000E+00   0.0000000E+00
   3.4782609E-01   4.5378956E+05   2.2722629E+05   6.8098427E+05   0.0000000E+00   0.0000000E+00   0.0000000E+00
   3.6231884E-01   4.4251822E+05   2.2535089E+05   6.6786911E+05   0.0000000E+00   0.0000000E+00   0.0000000E+00
   3.7681159E-01   4.4983330E+05   2.2496036E+05   6.7470623E+05   0.0000000E+00   0.0000000E+00   0.0000000E+00
   3.9130435E-01   4.4192887E+05   2.1814397E+05   6.6001672E+05   0.0000000E+00   0.0000000E+00   0.0000000E+00
   4.0579710E-01   4.3461611E+05   2.2496661E+05   6.5950154E+05   0.0000000E+00   0.0000000E+00   0.0000000E+00
   4.2028986E-01   4.2464609E+05   2.1538012E+05   6.3994782E+05   0.0000000E+00   0.0000000E+00   0.0000000E+00
   4.3478261E-01   4.2178150E+05   2.0890800E+05   6.3061373E+05   0.0000000E+00   0.0000000E+00   0.0000000E+00
   4.4927536E-01   4.1223320E+05   2.0634881E+05   6.1858201E+05   0.0000000E+00   0.0000000E+00   0.0000000E+00
   4.6376812E-01   4.0020337E+05   1.9949786E+05   5.9970123E+05   0.0000000E+00   0.0000000E+00   0.0000000E+00
   4.7826087E-01   3.8931592E+05   1.9322285E+05   5.8249285E+05   0.0000000E+00   0.0000000E+00   0.0000000E+00
   4.9275362E-01   3.7900206E+05   1.8932274E+05   5.6828023E+05   0.0000000E+00   0.0000000E+00   0.0000000E+00
   5.0724638E-01   3.6659301E+05   1.8391352E+05   5.5046323E+05   0.0000000E+00   0.0000000E+00   0.0000000E+00
   5.2173913E-01   3.5403142E+05   1.7470040E+05   5.2873182E+05   0.0000000E+00   0.0000000E+00   0.0000000E+00
   5.3623188E-01   3.4022377E+05   1.7090034E+05   5.1110363E+05   4.3187067E-07   0.0000000E+00   2.8748117E-07
   5.5072464E-01   3.2183869E+05   1.6291339E+05   4.8473213E+05   0.0000000E+00   0.0000000E+00   0.0000000E+00
   5.6521739E-01   3.1084690E+05   1.5712350E+05   4.6793155E+05   0.0000000E+00   0.0000000E+00   0.0000000E+00
   5.7971014E-01   2.9388817E+05   1.5025918E+05   4.4409053E+05   0.0000000E+00   0.0000000E+00   0.0000000E+00
   5.9420290E-01   2.8160083E+05   1.4162283E+05   4.2314973E+05   0.0000000E+00   0.0000000E+00   0.0000000E+00
   6.0869565E-01   2.7155839E+05   1.3475084E+05   4.0627315E+05   0.0000000E+00   0.0000000E+00   0.0000000E+00
   6.2318841E-01   2.5218534E+05   1.2791653E+05   3.8004900E+05   0.0000000E+00   0.0000000E+00   0.0000000E+00
   6.3768116E-01   2.3848040E+05   1.2044569E+05   3.5889165E+05   0.0000000E+00   0.0000000E+00   0.0000000E+00
   6.5217391E-01   2.2701791E+05   1.1194297E+05   3.3894404E+05   0.0000000E+00   0.0000000E+00   0.0000000E+00
   6.6666667E-01   2.1498308E+05   1.0777981E+05   3.2276288E+05   0.0000000E+00   0.0000000E+00   0.0000000E+00
   6.8115942E-01   2.0134837E+05   1.0040817E+05   3.0174042E+05   0.0000000E+00   0.0000000E+00   0.0000000E+00
   6.9565217E-01   1.8979725E+05   9.3517336E+04   2.8328302E+05   0.0000000E+00   0.0000000E+00   0.0000000E+00
   7.1014493E-01   1.7729492E+05   8.7696423E+04   2.6499134E+05   0.0000000E+00   0.0000000E+00   0.0000000E+00
   7.2463768E-01   1.6732341E+05   8.3835987E+04   2.5114425E+05   0.0000000E+00   0.0000000E+00   0.0000000E+00
   7.3913043E-01   1.5306281E+05   7.9413776E+04   2.3247659E+05   0.0000000E+00   0.0000000E+00   0.0000000E+00
   7.5362319E-01   1.4686977E+05   7.3107018E+04   2.1997679E+05   0.0000000E+00   0.0000000E+00   0.0000000E+00
   7.6811594E-01   1.3510588E+05   6.7238408E+04   2.0232999E+05   0.0000000E+00   0.0000000E+00   0.0000000E+00
   7.8260870E-01   1.2363737E+05   6.2555373E+04   1.8617871E+05   0.0000000E+00   0.0000000E+00   0.0000000E+00
   7.9710145E-01   1.1505198E+05   5.7326224E+04   1.7235065E+05   0.0000000E+00   0.0000000E+00   0.0000000E+00
   8.1159420E-01   1.0489241E+05   5.3582808E+04   1.5847522E+05   0.0000000E+00   0.0000000E+00   0.0000000E+00
   8.2608696E-01   9.9476204E+04   4.9877685E+04   1.4935389E+05   0.0000000E+00   0.0000000E+00   0.0000000E+00
   8.4057971E-01   8.7387943E+04   4.5046139E+04   1.3242102E+05   0.0000000E+00   0.0000000E+00   0.0000000E+00
   8.5507246E-01   8.0936552E+04   4.0031614E+04   1.2095532E+05   0.0000000E+00   0.0000000E+00   0.0000000E+00
   8.6956522E-01   7.2376482E+04   3.6156669E+04   1.0853315E+05   0.0000000E+00   0.0000000E+00   0.0000000E+00
   8.8405797E-01   6.6469656E+04   3.2880803E+04   9.9350459E+04   0.0000000E+00   0.0000000E+00   0.0000000E+00
   8.9855072E-01   5.7759090E+04   2.8916210E+04   8.6663078E+04   0.0000000E+00   0.0000000E+00   0.0000000E+00
   9.1304348E-01   5.0780385E+04   2.5161669E+04   7.5942054E+04   0.0000000E+00   0.0000000E+00   0.0000000E+00
   9.2753623E-01   4.2338537E+04   2.2329553E+04   6.4668090E+04   0.0000000E+00   0.0000000E+00   0.0000000E+00
   9.4202899E-01   3.5473734E+04   1.8465460E+04   5.3939194E+04   0.0000000E+00   0.0000000E+00   0.0000000E+00
   9.5652174E-01   2.7358887E+04   1.3960724E+04   4.1319611E+04   0.0000000E+00   0.0000000E+00   0.0000000E+00
   9.7101449E-01   1.8762465E+04   9.6356963E+03   2.8398161E+04   0.0000000E+00   0.0000000E+00   0.0000000E+00
   9.8550725E-01   6.3961891E+03   3.2203809E+03   9.6165700E+03   0.0000000E+00   0.0000000E+00   0.0000000E+00
   1.0000000E+00   0.0000000E+00   0.0000000E+00   0.0000000E+00   0.0000000E+00   0.0000000E+00   0.0000000E+00
