1.01999963278043	6.2665e-27	8.629710480000002e-08
1.0607978032552452	5.4332e-27	1.014942555e-07
1.1003385513657558	4.6208999999999994e-27	1.1767275e-07
1.1371926934453171	3.8566e-27	1.3369340880000002e-07
1.1635953223164204	3.163e-27	1.460130864e-07
1.1776505820947405	2.9472e-27	1.52376042e-07
1.1909215732850154	2.7746000000000002e-27	1.5898896e-07
1.2081722414427276	2.5524e-27	1.673121e-07
1.2306016749049722	2.3012e-27	1.78928289e-07
1.2597557253928136	2.02053e-27	1.9554596100000001e-07
1.2894574675805712	1.7516399999999998e-27	2.12145753e-07
1.3121850527374443	1.58955e-27	2.2371903000000005e-07
1.3340570721619045	1.49037e-27	2.3694844200000003e-07
1.3624884288681998	1.37304e-27	2.5516682100000004e-07
1.3925758237914014	1.25396e-27	2.73365532e-07
1.4182168695294852	1.17474e-27	2.91544575e-07
1.4449435763295329	1.11819e-27	3.08038875e-07
1.4796847303123766	1.0534299999999999e-27	3.327468000000001e-07
1.5154888599021579	9.9032e-28	3.5917344e-07
1.5447725415615772	9.5199e-28	3.80585634e-07
1.5749409559670149	9.2525e-28	4.051876200000001e-07
1.6141543853692917	8.9344e-28	4.3638643200000003e-07
1.6553900610481815	8.6061e-28	4.7085013200000007e-07
1.689881675025738	8.4113e-28	5.02079787e-07
1.7253455227901278	8.2843e-28	5.33131536e-07
1.7714488489617632	8.1246e-28	5.755571999999999e-07
1.8192859920532516	7.9528e-28	6.23014743e-07
1.8584508097661867	7.8516e-28	6.621384179999999e-07
1.8984323038600617	7.7845e-28	7.02847602e-07
1.9504111628834602	7.6861e-28	7.59562962e-07
2.002072425536493	7.5848e-28	8.16565296e-07
2.042429850027943	7.5208e-28	8.6195904e-07
2.0840025667529356	7.467999999999999e-28	9.105649259999999e-07
2.138049042962999	7.3993e-28	9.75247614e-07
2.1972580805811477	7.309699999999999e-28	1.04934144e-06
2.250999923538004	7.2386e-28	1.1172899100000001e-06
2.3086955172279815	7.1616e-28	1.1926585800000001e-06
2.383696872323593	7.0465e-28	1.2936036960000005e-06
2.453282885226542	6.9421e-28	1.39171215e-06
2.499813994264384	6.8751e-28	1.4574068459999999e-06
2.544293690012008	6.823699999999999e-28	1.520945214e-06
2.602118914873564	6.7161999999999995e-28	1.606671768e-06
2.6655960588159107	6.6031999999999995e-28	1.7056179e-06
2.7238717519986992	6.5305e-28	1.784871e-06
2.787079911260022	6.3817999999999995e-28	1.8958387499999999e-06
2.8571455594978095	6.2444e-28	2.0064936000000003e-06
2.9220648502239586	6.1197e-28	2.11683555e-06
2.99239948314277	5.9705e-28	2.2268646e-06
3.0698994790705423	5.804e-28	2.36815236e-06
3.1415531091601574	5.6538e-28	2.49356715e-06
3.2195554258777936	5.4773e-28	2.63395644e-06
3.3054328362687797	5.2859e-28	2.7898968600000002e-06
3.3854476769251614	5.1143e-28	2.9453008800000002e-06
3.4733376112548924	4.9159e-28	3.0993013200000007e-06
3.569945241873229	4.7055e-28	3.2854857600000006e-06
3.660589838598988	4.518e-28	3.4700520600000006e-06
3.747410315763202	4.3435e-28	3.6390046500000004e-06
3.8300501876440336	4.1885e-28	3.7925714999999994e-06
3.9088659399633205	4.0399e-28	3.96042e-06
3.9992188665530293	3.8615e-28	4.14232218e-06
4.09650706082215	3.6996000000000003e-28	4.3234734e-06
4.188221114713425	3.5671e-28	4.5051520799999995e-06
4.277407360758934	3.4182999999999996e-28	4.68618708e-06
4.364098206751571	3.3393e-28	4.835181119999999e-06
4.463039198458307	3.2095000000000002e-28	5.02778448e-06
4.569725652666816	3.0827000000000004e-28	5.22095106e-06
4.668731459959341	3.0491e-28	5.3821035e-06
4.779630927244128	2.9865e-28	5.554944990000001e-06
4.8988591973027855	2.9658999999999998e-28	5.72847039e-06
5.002985435872633	2.9747e-28	5.8735487100000005e-06
5.096514326165997	3.0069e-28	5.969953200000001e-06
5.2022609543805665	2.9808e-28	6.0795933600000015e-06
5.316595647712164	3.0765e-28	6.175059150000001e-06
5.416930174513362	3.1722e-28	6.239351160000001e-06
5.50582475042282	3.2593e-28	6.274485360000001e-06
5.6050898200585015	3.3455e-28	6.307617000000001e-06
5.711581827509643	3.4560999999999997e-28	6.310003979999999e-06
5.8008004813480465	3.5649e-28	6.2836756799999995e-06
5.874981919283428	3.6294e-28	6.26107536e-06
5.942357720710977	3.6864e-28	6.22146669e-06
6.0053260623048805	3.7179e-28	6.18376671e-06
6.076493575501079	3.7038e-28	6.113985540000001e-06
6.150642605643567	3.6406e-28	6.059532000000001e-06
6.21273593682932	3.5553e-28	5.9918562e-06
6.268444932814868	3.4479e-28	5.926075680000001e-06
6.331964206887978	3.2535e-28	5.856933720000001e-06
6.401835408368399	3.0183e-28	5.75782488e-06
6.466067653885186	2.76288e-28	5.675719920000001e-06
6.535582369643767	2.43569e-28	5.5620657e-06
6.609731399786255	2.11815e-28	5.44872438e-06
6.674417354403564	1.80778e-28	5.35227966e-06
6.733691207607502	1.55213e-28	5.2410750000000005e-06
6.8013586791711	1.28151e-28	5.1136353e-06
6.876577166479104	1.02944e-28	4.9716234e-06
6.9443418614213845	8.407499999999999e-29	4.8463740000000004e-06
7.01512048110285	6.719299999999999e-29	4.703691600000001e-06
7.104760436248882	5.0738e-29	4.5317754e-06
7.199682861636706	3.8148e-29	4.34561778e-06
7.288869107682215	2.9464e-29	4.189713119999999e-06
7.383337823969519	2.2631900000000002e-29	4.0183512e-06
7.492487270438005	1.7021e-29	3.84767766e-06
7.615021135371896	1.27272e-29	3.6460538400000004e-06
7.749221805747788	9.579299999999999e-30	3.4601376e-06
7.888704946365473	7.410000000000001e-30	3.2751868800000003e-06
8.048118879613241	5.7414999999999995e-30	3.0737910300000004e-06
8.224352457373227	4.5464e-30	2.88919344e-06
8.391511853122767	3.8034e-30	2.7202453200000003e-06
8.577856662265818	3.1983000000000004e-30	2.5363852799999995e-06
8.820104914151784	2.70221e-30	2.3359236600000002e-06
9.071524571426878	2.37849e-30	2.140236e-06
9.284411362950479	2.22326e-30	1.9894182000000003e-06
9.481029442441068	2.14474e-30	1.8686566800000002e-06
9.661638072241802	2.11266e-30	1.7493076799999998e-06
9.798885075149771	2.1138e-30	1.6609715399999997e-06
9.900645544838325	2.13226e-30	1.6016099400000001e-06
10.008369048419455	2.1721400000000002e-30	1.5419712e-06
10.14843552930924	2.22946e-30	1.45321488e-06
10.28584457118168	2.29673e-30	1.36587108e-06
10.383392027793956	2.3583e-30	1.30844052e-06
10.459291078752743	2.4172199999999998e-30	1.260478761e-06
10.54342170910672	2.4946e-30	1.208112711e-06
10.638376542287439	2.5899200000000003e-30	1.147633611e-06
10.724613679179553	2.64307e-30	1.09187796e-06
10.796818241748374	2.7135e-30	1.0449143520000001e-06
10.863286624974878	2.76636e-30	1.000825848e-06
10.939380122691032	2.85199e-30	9.482796570000001e-07
11.018714399696629	2.9303099999999998e-30	8.945247780000002e-07
11.082849421834734	2.9637e-30	8.49724203e-07
11.135706532045571	3.0337000000000004e-30	8.13237828e-07
11.193424811190576	3.0383e-30	7.697196960000001e-07
11.256749638506319	3.0651000000000003e-30	7.235767800000001e-07
11.3122641877345	3.0569e-30	6.818730210000001e-07
11.358834186123815	3.0673000000000002e-30	6.4728729e-07
11.408936633938627	3.0581999999999996e-30	6.08253462e-07
11.463219687036819	3.0546e-30	5.66781696e-07
11.50975727763324	3.0034e-30	5.308348500000001e-07
11.54877626027815	2.9668e-30	5.00561328e-07
11.591198061176977	2.9e-30	4.6745472000000004e-07
11.63783287515208	2.86455e-30	4.316974020000001e-07
11.678828733163552	2.75489e-30	3.9885363e-07
11.713472663767712	2.6674299999999996e-30	3.71475774e-07
11.750968480146584	2.57373e-30	3.44133678e-07
11.792450455051473	2.4805400000000002e-30	3.12662196e-07
11.829460154536926	2.34343e-30	2.8405062000000003e-07
11.861187383780587	2.22626e-30	2.6088350400000005e-07
11.89586372217764	2.09343e-30	2.3639595000000003e-07
11.934785481443868	1.9585500000000002e-30	2.1059064000000003e-07
11.970142383491705	1.78966e-30	1.86168348e-07
11.999212173718023	1.65438e-30	1.67170848e-07
12.029124566559593	1.5135e-30	1.4819838e-07
12.062828671169814	1.37149e-30	1.2884703480000002e-07
12.09342162766217	1.21159e-30	1.1140491599999998e-07
12.118958968462993	1.08601e-30	9.79176744e-08
12.145922252151168	9.5464e-31	8.48145399e-08
12.176223538507474	8.0618e-31	7.0922808e-08
12.203413676745912	6.8139e-31	5.935122960000001e-08
12.224478742127301	5.8483e-31	5.127742620000001e-08
12.241752095740038	5.1558e-31	4.522182780000001e-08
12.26087269354776	4.4136e-31	3.91572e-08
12.28209979789362	3.6207e-31	3.28435485e-08
12.300604647636348	3.02e-31	2.7874204799999998e-08
12.315771494710948	2.54966e-31	2.42478279e-08
12.332072614536854	2.10534e-31	2.0757786e-08
12.349961716214587	1.6878400000000001e-31	1.7403945e-08
12.365744311354181	1.3579199999999999e-31	1.4587666200000002e-08
12.379193545405373	1.11366e-31	1.2606955560000001e-08
12.393712236622084	8.8873e-32	1.068958929e-08
12.409883725276412	6.8054e-32	8.81362416e-09
12.42446723207891	5.2109e-32	7.299894420000001e-09
12.434610871254874	4.296e-32	6.4041198299999995e-09
12.440833167490606	3.7935000000000004e-32	5.9208279e-09
12.44699064814055	3.3542e-32	5.466407700000001e-09
12.455027780778371	2.83638e-32	4.930146270000001e-09
12.464166778374604	2.33426e-32	4.35563058e-09
12.472592804527162	1.93024e-32	3.85998804e-09
12.479852150135516	1.648e-32	3.4993663200000002e-09
12.487014272365187	1.3823299999999998e-32	3.1777498200000006e-09
12.49482455045275	1.1522100000000001e-32	2.85730446e-09
12.503056129847938	9.4407e-33	2.5493572200000004e-09
12.511222893657338	7.689799999999999e-33	2.2690614000000005e-09
12.519162802916478	6.2965e-33	2.0421552600000003e-09
12.527167527761403	5.1308e-33	1.8413271e-09
12.53565836949975	4.1079e-33	1.6545258000000002e-09
12.544311250202563	3.2484e-33	1.48057128e-09
12.55192708153276	2.66754e-33	1.36052496e-09
12.557339182946132	2.29043e-33	1.277398158e-09
12.560936447957413	2.06428e-33	1.230729123e-09
12.564663344140275	1.87787e-33	1.1867268899999999e-09
12.569492105281547	1.6252400000000002e-33	1.129390647e-09
12.57483939110913	1.39538e-33	1.0703620620000002e-09
12.579473705493035	1.23704e-33	1.025041626e-09
12.583265417261686	1.1087400000000001e-33	9.903848220000001e-10
12.587186760201915	9.825499999999999e-34	9.58393926e-10
12.591723851207137	8.6399e-34	9.22094844e-10
12.596390573383935	7.5829e-34	8.874496620000001e-10
12.60057117866732	6.797699999999999e-34	8.60799522e-10
12.604395298228862	6.0495e-34	8.38146903e-10
12.60838145675488	5.3995e-34	8.1522072e-10
12.612724101002735	4.7894e-34	7.925757e-10
12.617066745250591	4.242e-34	7.7126274e-10
12.621020495983712	3.8023000000000002e-34	7.539459600000001e-10
12.624844615545259	3.4266e-34	7.390452150000001e-10
12.628895589657061	3.0726e-34	7.243974720000001e-10
12.633238233904919	2.74766e-34	7.08418116e-10
12.637418839188301	2.46195e-34	6.951019860000001e-10
12.64127536654274	2.23731e-34	6.842193240000001e-10
12.645067078311389	2.04471e-34	6.73569996e-10
12.649215275801877	1.87151e-34	6.64251834e-10
12.653590327842629	1.70146e-34	6.53602506e-10
12.657738525333118	1.57217e-34	6.44067996e-10
12.66146542151598	1.46862e-34	6.374144010000001e-10
12.665386764456205	1.37706e-34	6.320915250000001e-10
12.669697000911167	1.29354e-34	6.241072110000001e-10
12.673942421780339	1.23077e-34	6.185764800000001e-10
12.677766541341883	1.18429e-34	6.132553920000001e-10
12.681525845317639	1.14723e-34	6.092645760000001e-10
12.685609227222338	1.11592e-34	6.052737600000001e-10
12.689887055884405	1.0924800000000001e-34	6.010808999999999e-10
12.693873214410422	1.07646e-34	5.9842125e-10
12.697664926179073	1.06613e-34	5.957615999999999e-10
12.70165108470509	1.0594e-34	5.9310195e-10
12.705993728952944	1.05393e-34	5.90243832e-10
12.710303965407906	1.05266e-34	5.88914454e-10
12.714419755105498	1.05423e-34	5.87585076e-10
12.718567952595986	1.0575000000000001e-34	5.86255698e-10
12.723105043601208	1.06184e-34	5.847296400000001e-10
12.727901396949589	1.068e-34	5.847296400000001e-10
12.732632934712175	1.07542e-34	5.834007090000001e-10
12.737332064681873	1.0839200000000001e-34	5.834007090000001e-10
12.742096010237354	1.09325e-34	5.832044760000001e-10
12.746762732414153	1.10328e-34	5.832044760000001e-10
12.75133223121227	1.11375e-34	5.8453296e-10
12.755804506631703	1.12453e-34	5.8433628e-10
12.760374005429819	1.13443e-34	5.8433628e-10
12.765235174363987	1.14466e-34	5.85664317e-10
12.770355605641308	1.15447e-34	5.85664317e-10
12.775800114847575	1.16474e-34	5.8546719e-10
12.781471478604104	1.17546e-34	5.8679478e-10
12.78720765794642	1.18631e-34	5.8679478e-10
12.793365138596364	1.19582e-34	5.879243490000001e-10
12.800235590689985	1.20561e-34	5.879243490000001e-10
12.807656975262812	1.21493e-34	5.87726328e-10
12.81608300141537	1.22323e-34	5.87726328e-10
12.82570811590502	1.23155e-34	5.87528307e-10
12.836467503145975	1.23894e-34	5.87330286e-10
12.848101900795081	1.2445e-34	5.87330286e-10
12.85999556078734	1.2487e-34	5.858069100000001e-10
12.871824405193813	1.2523e-34	5.85609336e-10
12.885435678209479	1.2545800000000001e-34	5.84087301e-10
12.903130333129843	1.2547699999999999e-34	5.8256616e-10
12.922250930937565	1.25524e-34	5.810459130000001e-10
12.943186365147378	1.25281e-34	5.7952656e-10
12.965807004587697	1.25096e-34	5.76490536e-10
12.990566558359053	1.24746e-34	5.74973865e-10
13.01730298749697	1.2445499999999998e-34	5.719432050000001e-10
13.046599632273546	1.24076e-34	5.68916121e-10
13.078229638138525	1.23647e-34	5.660843760000001e-10
13.107040166021685	1.2319600000000001e-34	5.617449e-10
13.138572948507978	1.22741e-34	5.600463e-10
13.172633538840039	1.22389e-34	5.55715764e-10
13.203615388847126	1.2198399999999999e-34	5.5270656e-10
13.237578755800504	1.21505e-34	5.497009320000001e-10
13.274231969564118	1.21137e-34	5.466988800000001e-10
13.307611996245395	1.20747e-34	5.43700404e-10
13.33797809818749	1.2027500000000002e-34	5.407055040000001e-10
13.37122849369719	1.1988e-34	5.3771418e-10
13.407168736017125	1.19593e-34	5.347264320000001e-10
13.439835791254726	1.19027e-34	5.3174226e-10
13.475646402403088	1.18343e-34	5.28761664e-10
13.514308899326158	1.17697e-34	5.244767220000001e-10
13.549503762409524	1.17027e-34	5.21504172e-10
13.588069035953913	1.16361e-34	5.183577390000001e-10
13.629680642030378	1.15697e-34	5.140884420000001e-10
13.667565351923981	1.15007e-34	5.098245090000001e-10
13.709079734621763	1.14321e-34	5.066950619999999e-10
13.753867304401885	1.1361900000000001e-34	5.024423040000001e-10
13.794636307863096	1.12903e-34	4.9949568e-10
13.839326654264532	1.12188e-34	4.96211124e-10
13.88758185788436	1.11454e-34	4.919753519999999e-10
13.931462009463436	1.1076799999999999e-34	4.87576872e-10
13.971420818102287	1.10149e-34	4.84649022e-10
14.007749953936957	1.0958299999999998e-34	4.81724748e-10
14.04761153919712	1.09089e-34	4.786386599999999e-10
14.090584272575155	1.08634e-34	4.75722432e-10
14.129732886391642	1.08057e-34	4.7280978e-10
14.172608396390991	1.0747399999999998e-34	4.69737996e-10
14.21891913243715	1.06933e-34	4.6683339e-10
14.261049263199927	1.06344e-34	4.6377144e-10
14.307197960281615	1.05721e-34	4.607148540000001e-10
14.35704114575327	1.051e-34	4.5653674500000003e-10
14.402379648012598	1.04449e-34	4.53491334e-10
14.443667176160117	1.03802e-34	4.50608184e-10
14.488876047247867	1.03242e-34	4.4757260700000005e-10
14.537714591139794	1.02657e-34	4.4454239400000007e-10
14.582145675198076	1.0196499999999999e-34	4.403915520000001e-10
14.630822180125529	1.00745e-34	4.360936470000001e-10
14.683387620200318	9.9513e-35	4.3052626200000004e-10
14.731189114719621	9.8366e-35	4.2496960500000003e-10
14.783624923622833	9.701800000000002e-35	4.19423676e-10
14.84020893001653	9.571e-35	4.13888475e-10
14.891672505132906	9.450900000000001e-35	4.09636164e-10
14.948094472562133	9.312300000000001e-35	4.02708558e-10
15.009021123203688	9.1765e-35	3.97207329e-10
15.064438449053187	9.052799999999999e-35	3.9298452000000005e-10
15.125203060730268	8.9106e-35	3.8610072000000004e-10
15.190764025755728	8.7692e-35	3.80633463e-10
15.250426772474398	8.6414e-35	3.75044175e-10
15.304742233365486	8.522299999999999e-35	3.70861596e-10
15.364242941119683	8.393e-35	3.6542697e-10
15.42847518663647	8.259099999999999e-35	3.5987523000000005e-10
15.486938845018047	8.141299999999999e-35	3.55720812e-10
15.55097664377747	8.003699999999999e-35	3.5019410400000005e-10
15.62013487381421	7.8667e-35	3.446817e-10
15.683070807615222	7.7457e-35	3.40556784e-10
15.752034590894597	7.6074e-35	3.35069412e-10
15.826475291173136	7.467099999999999e-35	3.2959634400000004e-10
15.894207578322522	7.3417e-35	3.2413758e-10
15.955879608200648	7.2272e-35	3.20052894e-10
16.023417448592667	7.0967e-35	3.14506071e-10
16.09636739039806	6.969300000000001e-35	3.09088431e-10
16.16273855024588	6.854500000000001e-35	3.0503458800000007e-10
16.235461637501015	6.7245e-35	3.00771549e-10
16.313953311891357	6.591899999999999e-35	2.9539324500000003e-10
16.385412495223605	6.4758e-35	2.9013429e-10
16.46370972285658	6.3445e-35	2.859119280000001e-10
16.54822924672529	6.2079e-35	2.80472832e-10
16.625132939263803	6.0892e-35	2.7638010000000006e-10
16.70942560858225	5.9573e-35	2.70972741e-10
16.800394283236955	5.817300000000001e-35	2.65583262e-10
16.88319619408226	5.6962e-35	2.61528972e-10
16.95854431256184	5.5943e-35	2.5748541000000003e-10
17.041119368856883	5.4695e-35	2.52141525e-10
17.130273207109497	5.3453e-35	2.4803136000000003e-10
17.211357504931396	5.2356e-35	2.44024452e-10
17.300252080840853	5.1176e-35	2.3872794900000004e-10
17.3962115556013	4.9919e-35	2.3465890800000006e-10
17.483550557451824	4.882599999999999e-35	2.30603277e-10
17.563014465629003	4.7877e-35	2.2664509200000002e-10
17.65006179734348	4.6787999999999997e-35	2.2261493999999998e-10
17.74407680453026	4.5666e-35	2.18598198e-10
17.847101178141695	4.4498e-35	2.13316446e-10
17.95829231556253	4.3241000000000003e-35	2.0925187499999998e-10
18.05950185277188	4.2195000000000003e-35	2.0528028000000005e-10
18.170401320056666	4.1021e-35	1.99980648e-10
18.29011570700874	3.976e-35	1.9596703500000002e-10
18.399070706719858	3.8677999999999995e-35	1.9204192800000002e-10
18.518428607950096	3.7561e-35	1.8673514400000003e-10
18.6473144002913	3.6327e-35	1.8277383e-10
18.76459820277629	3.529e-35	1.7882860800000002e-10
18.871317064777692	3.4382000000000004e-35	1.7496608100000002e-10
18.988276789333742	3.3412e-35	1.7098644000000003e-10
19.114537550450493	3.2347e-35	1.67089494e-10
19.229423176261296	3.1465e-35	1.6320864e-10
19.35532745165621	3.0522e-35	1.592214e-10
19.491245735055504	2.9486e-35	1.5537541200000002e-10
19.614946280533594	2.8626e-35	1.5270235200000004e-10
19.750475670418158	2.7721e-35	1.4877054e-10
19.896796855336575	2.6712e-35	1.44916506e-10
20.02996047633984	2.588e-35	1.41081246e-10
20.17586035995063	2.5006000000000003e-35	1.3715748e-10
20.333362233417624	2.40376e-35	1.3336245e-10
20.47670190138975	2.32429e-35	1.30722915e-10
20.633782473549118	2.24133e-35	1.26862176e-10
20.80337245376574	2.14894e-35	1.23074298e-10
20.957665955736186	2.07355e-35	1.1930787600000001e-10
21.126769819059394	1.99617e-35	1.1663839200000003e-10
21.309322916433793	1.9093399999999998e-35	1.128675e-10
21.509376221971195	1.8264300000000002e-35	1.0892187569999999e-10
21.7420641749533	1.7291499999999998e-35	1.047429174e-10
21.988233769779495	1.63517e-35	1.0055855040000002e-10
22.24681554928426	1.5425100000000002e-35	9.641253600000001e-11
22.514503918592364	1.45303e-35	9.23048742e-11
22.78987293481645	1.36744e-35	8.83439625e-11
23.072728151199158	1.28554e-35	8.4457968e-11
23.363426053462316	1.20734e-35	8.06472036e-11
23.66209627277751	1.1326299999999999e-35	7.70881896e-11
23.968285100044213	1.06169e-35	7.35344055e-11
24.282413836570054	9.9424e-36	7.012464479999999e-11
24.605487123934765	9.3004e-36	6.6856896e-11
24.937051253037815	8.691099999999999e-36	6.37017018e-11
25.276620106985796	8.116000000000001e-36	6.06867315e-11
25.62578166763053	7.570500000000001e-36	5.770752120000001e-11
25.982526651812567	7.0566e-36	5.4865674000000004e-11
26.347697662147162	6.5746e-36	5.21359344e-11
26.724114176616123	6.1161e-36	4.95412335e-11
27.110901184811304	5.684e-36	4.7058103800000014e-11
27.50831794907587	5.2771e-36	4.4608767300000004e-11
27.91655891616718	4.8946e-36	4.2290893500000005e-11
28.33649909649338	4.5348e-36	4.01020686e-11
28.767879227711315	4.1971000000000004e-36	3.7926162000000006e-11
29.210861348785468	3.8813e-36	3.58608432e-11
29.667325111703704	3.5846e-36	3.3938028e-11
30.14498357117491	3.3026e-36	3.20134248e-11
30.643350610305664	3.0341000000000006e-36	3.0213132300000007e-11
31.15811599264101	2.7848e-36	2.84428782e-11
31.690543622103824	2.5516999999999998e-36	2.6779948800000003e-11
32.241054800001734	2.3348199999999998e-36	2.5133960700000003e-11
32.81191807183736	2.13254e-36	2.3607232199999998e-11
33.402063980445185	1.9447599999999998e-36	2.2185325199999996e-11
34.01586757786595	1.77023e-36	2.0791311e-11
34.65754187717593	1.60694e-36	1.9414998000000004e-11
35.326438722517246	1.45544e-36	1.8142120800000004e-11
36.03195637382928	1.31382e-36	1.68880176e-11
36.77701153247254	1.18093e-36	1.5735830400000002e-11
37.558039341228636	1.05892e-36	1.4603043000000002e-11
38.376984267671226	9.4658e-37	1.3491130499999998e-11
39.23773524694765	8.4384e-37	1.2479077800000003e-11
40.14191266870263	7.4963e-37	1.1564068800000001e-11
41.0956740135861	6.6388e-37	1.05938106e-11
42.10679715189274	5.8516e-37	9.793323000000001e-12
43.184356265633	5.1346e-37	8.934412500000003e-12
44.335481069243635	4.4791e-37	8.163873900000001e-12
45.56341234201411	3.8892e-37	7.4156406e-12
46.877548343883795	3.3572999999999998e-37	6.752471400000001e-12
48.285666945147376	2.882e-37	6.0849841800000004e-12
49.80364796432311	2.45758e-37	5.47720722e-12
51.44639898614246	2.07989e-37	4.9071883500000005e-12
53.17827143842153	1.75309e-37	4.396495320000001e-12
54.95259809939232	1.48256e-37	3.94372455e-12
56.77650868349161	1.2562100000000002e-37	3.5451748800000006e-12
58.6668552430245	1.0640299999999999e-37	3.18948804e-12
60.62007292077263	9.0161e-38	2.8685420400000005e-12
62.63227278158863	7.6507e-38	2.58281964e-12
64.70928822819351	6.4978e-38	2.3274127800000003e-12
66.85468411780569	5.5221e-38	2.1048237660000004e-12
69.06424743734887	4.6990999999999995e-38	1.90325448e-12
71.34057081025459	4.0044e-38	1.7212700520000002e-12
73.69143210681753	3.4152e-38	1.5600411749999998e-12
76.10710898916936	2.9169e-38	1.4161049400000001e-12
78.46185922087963	2.5104000000000004e-38	1.298012904e-12
80.61568113664435	2.2032e-38	1.1987547660000001e-12
82.55399122966102	1.9669e-38	1.120352307e-12
84.29882679909788	1.78009e-38	1.0554867959999999e-12
85.86866028690473	1.6301e-38	1.0005603300000002e-12
87.28196413503142	1.5085799999999999e-38	9.56299284e-13
88.55364592820939	1.40868e-38	9.19011885e-13
89.69828917324114	1.32578e-38	8.880571350000001e-13
90.73566262379227	1.25602e-38	8.59959162e-13
91.7253966187886	1.1944e-38	8.34591912e-13
92.71545469171384	1.13621e-38	8.102389050000001e-13
93.7055127646391	1.08107e-38	7.866100379999999e-13
94.69557083756435	1.0297299999999999e-38	7.662474e-13
95.6856289104896	9.8117e-39	7.435831590000002e-13
96.67536290548591	9.355899999999999e-39	7.2393885e-13
97.66542097841116	8.9267e-39	7.048859219999999e-13
98.65547905133643	8.5225e-39	6.86546406e-13
99.57521221368071	8.1588e-39	6.705889530000001e-13
