   0.0000000E+00   4.0008497E+05   1.9398059E+05   5.9406556E+05   0.0000000E+00   0.0000000E+00   0.0000000E+00
   1.4492754E-02   3.8189929E+05   1.7655265E+05   5.5845194E+05   0.0000000E+00   0.0000000E+00   0.0000000E+00
   2.8985507E-02   3.6144040E+05   1.7390057E+05   5.3534097E+05   0.0000000E+00   0.0000000E+00   0.0000000E+00
   4.3478261E-02   3.5436819E+05   1.7655265E+05   5.3092084E+05   0.0000000E+00   0.0000000E+00   0.0000000E+00
   5.7971014E-02   3.4344415E+05   1.8261454E+05   5.2605869E+05   0.0000000E+00   0.0000000E+00   0.0000000E+00
   7.2463768E-02   3.6144040E+05   1.7624955E+05   5.3768995E+05   0.0000000E+00   0.0000000E+00   0.0000000E+00
   8.6956522E-02   3.6068266E+05   1.7465831E+05   5.3534097E+05   0.0000000E+00   0.0000000E+00   0.0000000E+00
   1.0144928E-01   3.7074973E+05   1.8542899E+05   5.5607048E+05   0.0000000E+00   0.0000000E+00   0.0000000E+00
   1.1594203E-01   3.6210342E+05   1.8507719E+05   5.4718060E+05   0.0000000E+00   0.0000000E+00   0.0000000E+00
   1.3043478E-01   3.7120678E+05   1.8951836E+05   5.6064095E+05   0.0000000E+00   0.0000000E+00   0.0000000E+00
   1.4492754E-01   3.7780751E+05   1.9049500E+05   5.6822674E+05   0.0000000E+00   0.0000000E+00   0.0000000E+00
   1.5942029E-01   3.8555020E+05   1.9294731E+05   5.7849752E+05   0.0000000E+00   0.0000000E+00   0.0000000E+00
   1.7391304E-01   3.9875893E+05   2.0098966E+05   5.9968544E+05   0.0000000E+00   0.0000000E+00   0.0000000E+00
   1.8840580E-01   4.0177530E+05   1.9957619E+05   6.0123492E+05   0.0000000E+00   0.0000000E+00   0.0000000E+00
   2.0289855E-01   4.1063916E+05   2.0025898E+05   6.1084402E+05   0.0000000E+00   0.0000000E+00   0.0000000E+00
   2.1739130E-01   4.2069541E+05   2.1070131E+05   6.3129569E+05   0.0000000E+00   0.0000000E+00   0.0000000E+00
   2.3188406E-01   4.2688990E+05   2.1169269E+05   6.3848787E+05   0.0000000E+00   0.0000000E+00   0.0000000E+00
   2.4637681E-01   4.3378197E+05   2.1448405E+05   6.4822145E+05   0.0000000E+00   0.0000000E+00   0.0000000E+00
   2.6086957E-01   4.4281290E+05   2.1717575E+05   6.5986236E+05   0.0000000E+00   0.0000000E+00   0.0000000E+00
   2.7536232E-01   4.5300689E+05   2.2584541E+05   6.7881243E+05   0.0000000E+00   0.0000000E+00   0.0000000E+00
   2.8985507E-01   4.5426314E+05   2.2705580E+05   6.8128105E+05   0.0000000E+00   0.0000000E+00   0.0000000E+00
   3.0434783E-01   4.4493576E+05   2.2800658E+05   6.7265368E+05   0.0000000E+00   0.0000000E+00   0.0000000E+00
   3.1884058E-01   4.5440091E+05   2.2818207E+05   6.8244521E+05   0.0000000E+00   0.0000000E+00   0.0000000E+00
   3.3333333E-01   4.4676814E+05   2.2966011E+05   6.7626352E+05   0.0000000E+00   0.0000000E+00   0.0000000E+00
   3.4782609E-01   4.5211622E+05   2.2580553E+05   6.7779546E+05   0.0000000E+00   0.0000000E+00   0.0000000E+00
   3.6231884E-01   4.5470263E+05   2.2535089E+05   6.7996259E+05   0.0000000E+00   0.0000000E+00   0.0000000E+00
   3.7681159E-01   4.4770581E+05   2.2743758E+05   6.7499767E+05   0.0000000E+00   0.0000000E+00   0.0000000E+00
   3.9130435E-01   4.4243403E+05   2.2165201E+05   6.6397379E+05   0.0000000E+00   0.0000000E+00   0.0000000E+00
   4.0579710E-01   4.4035326E+05   2.1741630E+05   6.5755307E+05   0.0000000E+00   0.0000000E+00   0.0000000E+00
   4.2028986E-01   4.2989799E+05   2.1679108E+05   6.4629713E+05   0.0000000E+00   0.0000000E+00   0.0000000E+00
   4.3478261E-01   4.1965983E+05   2.1416164E+05   6.3372045E+05   0.0000000E+00   0.0000000E+00   0.0000000E+00
   4.4927536E-01   4.1115770E+05   2.0483334E+05   6.1579549E+05   0.0000000E+00   0.0000000E+00   0.0000000E+00
   4.6376812E-01   3.9918516E+05   1.9914267E+05   5.9823311E+05   0.0000000E+00   0.0000000E+00   0.0000000E+00
   4.7826087E-01   3.8991293E+05   1.9384282E+05   5.8366390E+05   0.0000000E+00   0.0000000E+00   0.0000000E+00
   4.9275362E-01   3.7349733E+05   1.9286627E+05   5.6631903E+05   0.0000000E+00   0.0000000E+00   0.0000000E+00
   5.0724638E-01   3.6808683E+05   1.8458466E+05   5.5258489E+05   0.0000000E+00   0.0000000E+00   0.0000000E+00
   5.2173913E-01   3.4607518E+05   1.7869957E+05   5.2466951E+05   0.0000000E+00   0.0000000E+00   0.0000000E+00
   5.3623188E-01   3.3647605E+05   1.6875001E+05   5.0498030E+05   0.0000000E+00   0.0000000E+00   0.0000000E+00
   5.5072464E-01   3.2337410E+05   1.6239494E+05   4.8566933E+05   0.0000000E+00   0.0000000E+00   0.0000000E+00
   5.6521739E-01   3.0804911E+05   1.5648234E+05   4.6443430E+05   0.0000000E+00   0.0000000E+00   0.0000000E+00
   5.7971014E-01   2.9589618E+05   1.4656522E+05   4.4230985E+05   0.0000000E+00   0.0000000E+00   0.0000000E+00
   5.9420290E-01   2.7731314E+05   1.3885063E+05   4.1612681E+05   0.0000000E+00   0.0000000E+00   0.0000000E+00
   6.0869565E-01   2.7181097E+05   1.3148536E+05   4.0324221E+05   0.0000000E+00   0.0000000E+00   0.0000000E+00
   6.2318841E-01   2.4940110E+05   1.2793415E+05   3.7728238E+05   0.0000000E+00   0.0000000E+00   0.0000000E+00
   6.3768116E-01   2.3858373E+05   1.2175451E+05   3.6018324E+05   0.0000000E+00   0.0000000E+00   0.0000000E+00
   6.5217391E-01   2.2466051E+05   1.1522649E+05   3.3985332E+05   0.0000000E+00   0.0000000E+00   0.0000000E+00
   6.6666667E-01   2.1183682E+05   1.0720327E+05   3.1900714E+05   0.0000000E+00   0.0000000E+00   0.0000000E+00
   6.8115942E-01   2.0545950E+05   1.0021471E+05   3.0564196E+05   0.0000000E+00   0.0000000E+00   0.0000000E+00
   6.9565217E-01   1.9293870E+05   9.4227714E+04   2.8710327E+05   0.0000000E+00   0.0000000E+00   0.0000000E+00
   7.1014493E-01   1.7816090E+05   8.6706726E+04   2.6483670E+05   0.0000000E+00   0.0000000E+00   0.0000000E+00
   7.2463768E-01   1.6282246E+05   8.2335668E+04   2.4511266E+05   0.0000000E+00   0.0000000E+00   0.0000000E+00
   7.3913043E-01   1.5252794E+05   8.1226401E+04   2.3373948E+05   0.0000000E+00   0.0000000E+00   0.0000000E+00
   7.5362319E-01   1.4719035E+05   7.1329251E+04   2.1850503E+05   0.0000000E+00   0.0000000E+00   0.0000000E+00
   7.6811594E-01   1.3692159E+05   6.7138330E+04   2.0401703E+05   0.0000000E+00   0.0000000E+00   0.0000000E+00
   7.8260870E-01   1.2648590E+05   6.2723759E+04   1.8916756E+05   0.0000000E+00   0.0000000E+00   0.0000000E+00
   7.9710145E-01   1.1550662E+05   5.9255009E+04   1.7474786E+05   0.0000000E+00   0.0000000E+00   0.0000000E+00
   8.1159420E-01   1.0471650E+05   5.2026742E+04   1.5672971E+05   0.0000000E+00   0.0000000E+00   0.0000000E+00
   8.2608696E-01   9.8585531E+04   4.8122926E+04   1.4669516E+05   0.0000000E+00   0.0000000E+00   0.0000000E+00
   8.4057971E-01   8.8707450E+04   4.5189848E+04   1.3389730E+05   0.0000000E+00   0.0000000E+00   0.0000000E+00
   8.5507246E-01   8.0243031E+04   4.0545334E+04   1.2078836E+05   0.0000000E+00   0.0000000E+00   0.0000000E+00
   8.6956522E-01   7.3159477E+04   3.6194556E+04   1.0935403E+05   0.0000000E+00   0.0000000E+00   0.0000000E+00
   8.8405797E-01   6.5314418E+04   3.3278305E+04   9.8580300E+04   0.0000000E+00   0.0000000E+00   0.0000000E+00
   8.9855072E-01   5.6842473E+04   2.7962928E+04   8.4805401E+04   0.0000000E+00   0.0000000E+00   0.0000000E+00
   9.1304348E-01   5.0960799E+04   2.3898774E+04   7.4859573E+04   0.0000000E+00   0.0000000E+00   0.0000000E+00
   9.2753623E-01   4.1178253E+04   2.0660164E+04   6.1826578E+04   0.0000000E+00   0.0000000E+00   0.0000000E+00
   9.4202899E-01   3.4797600E+04   1.7870928E+04   5.2668528E+04   0.0000000E+00   0.0000000E+00   0.0000000E+00
   9.5652174E-01   2.7955891E+04   1.3995167E+04   4.1951058E+04   0.0000000E+00   0.0000000E+00   0.0000000E+00
   9.7101449E-01   1.8807703E+04   1.0099386E+04   2.8907089E+04   0.0000000E+00   0.0000000E+00   0.0000000E+00
   9.8550725E-01   6.5967664E+03   2.8192262E+03   9.4159926E+03   0.0000000E+00   0.0000000E+00   0.0000000E+00
   1.0000000E+00   0.0000000E+00   0.0000000E+00   0.0000000E+00   0.0000000E+00   0.0000000E+00   0.0000000E+00
