   0.0000000E+00   7.2136532E+05   2.4853763E+05   9.6990296E+05   0.0000000E+00   0.0000000E+00   0.0000000E+00
   1.4492754E-02   6.7514339E+05   3.3870830E+05   1.0138517E+06   1.3441933E-08   0.0000000E+00   8.9512426E-09
   2.8985507E-02   7.0355851E+05   3.2052262E+05   1.0240811E+06   4.0390642E-04   0.0000000E+00   2.7748954E-04
   4.3478261E-02   7.0242191E+05   3.4502277E+05   1.0474447E+06   1.1819227E-04   0.0000000E+00   7.9260355E-05
   5.7971014E-02   7.0696833E+05   3.5386303E+05   1.0608314E+06   2.7635751E-04   0.0000000E+00   1.8417254E-04
   7.2463768E-02   6.9438990E+05   3.6826003E+05   1.0624984E+06   2.4534159E-04   5.4793028E-10   1.6034147E-04
   8.6956522E-02   7.4207679E+05   3.7002808E+05   1.1119786E+06   1.2484535E-04   1.5031333E-09   8.3315804E-05
   1.0144928E-01   7.6704602E+05   3.7724462E+05   1.1441824E+06   1.1139986E-04   1.9455113E-09   7.4680687E-05
   1.1594203E-01   7.5688423E+05   3.8530910E+05   1.1420986E+06   5.1453861E-05   6.5000278E-10   3.4098958E-05
   1.3043478E-01   7.9755996E+05   4.0395785E+05   1.2015178E+06   5.8778000E-05   2.0367195E-08   3.9018159E-05
   1.4492754E-01   8.2244740E+05   4.1546702E+05   1.2378386E+06   4.4497298E-05   3.2531973E-09   2.9563979E-05
   1.5942029E-01   8.4763181E+05   4.2598579E+05   1.2736176E+06   2.1811286E-04   0.0000000E+00   1.4516084E-04
   1.7391304E-01   8.5857881E+05   4.3721407E+05   1.2957297E+06   9.9513098E-05   5.7979915E-09   6.5937607E-05
   1.8840580E-01   8.7874140E+05   4.2637260E+05   1.3050557E+06   7.9472591E-05   5.0710106E-08   5.3502580E-05
   2.0289855E-01   8.7410339E+05   4.3531972E+05   1.3093149E+06   7.6555571E-05   5.6265087E-09   5.1109990E-05
   2.1739130E-01   8.5982907E+05   4.2908103E+05   1.2888091E+06   6.4183213E-05   3.3282848E-09   4.2819585E-05
   2.3188406E-01   8.5377981E+05   4.2741085E+05   1.2810959E+06   5.3924344E-05   4.1935537E-08   3.5945326E-05
   2.4637681E-01   8.2544269E+05   4.2379767E+05   1.2490175E+06   5.9264211E-05   1.8946010E-08   3.9163098E-05
   2.6086957E-01   8.0614764E+05   3.9760128E+05   1.2036226E+06   3.3125806E-05   2.4547520E-09   2.2186623E-05
   2.7536232E-01   7.8824556E+05   3.8959630E+05   1.1776823E+06   3.2865674E-05   5.9111457E-10   2.1997577E-05
   2.8985507E-01   7.4811343E+05   3.7693611E+05   1.1248222E+06   8.4642247E-05   2.1740563E-08   5.6302279E-05
   3.0434783E-01   7.0960236E+05   3.6176514E+05   1.0712953E+06   9.6298348E-05   5.8637146E-09   6.3787861E-05
   3.1884058E-01   6.8833489E+05   3.4525239E+05   1.0334840E+06   1.2785025E-04   2.6607795E-09   8.5151714E-05
   3.3333333E-01   6.4934739E+05   3.2128035E+05   9.7062775E+05   5.7948203E-06   3.5088396E-09   3.8771405E-06
   3.4782609E-01   6.1461917E+05   3.0445229E+05   9.1907145E+05   9.0853610E-05   8.0197841E-10   6.0757574E-05
   3.6231884E-01   5.7439472E+05   2.9094058E+05   8.6518375E+05   1.1621962E-04   7.6359291E-09   7.7155645E-05
   3.7681159E-01   5.4743561E+05   2.7339722E+05   8.2080369E+05   8.9289253E-05   2.9557765E-08   5.9543902E-05
   3.9130435E-01   5.0658907E+05   2.5347695E+05   7.6000989E+05   9.3851800E-05   5.0427306E-09   6.2558591E-05
   4.0579710E-01   4.7596689E+05   2.3811875E+05   7.1395033E+05   5.7185124E-05   5.0604008E-08   3.8140255E-05
   4.2028986E-01   4.4050630E+05   2.1668656E+05   6.5700996E+05   7.6500234E-05   6.4608749E-09   5.1292340E-05
   4.3478261E-01   4.1155205E+05   2.0761985E+05   6.1914664E+05   5.8124506E-05   7.4462744E-09   3.8634697E-05
   4.4927536E-01   3.8842560E+05   1.9402948E+05   5.8245508E+05   1.7172034E-04   1.9603260E-10   1.1451629E-04
   4.6376812E-01   3.5897775E+05   1.7927576E+05   5.3825352E+05   7.3473361E-05   1.1367800E-08   4.9004895E-05
   4.7826087E-01   3.3246271E+05   1.6886047E+05   5.0132318E+05   1.3943375E-04   1.9005422E-08   9.2462953E-05
   4.9275362E-01   3.1118463E+05   1.5384283E+05   4.6502746E+05   2.1119717E-04   7.3463664E-09   1.4133024E-04
   5.0724638E-01   2.9006160E+05   1.4466276E+05   4.3468106E+05   2.8398675E-04   1.8287388E-08   1.8950467E-04
   5.2173913E-01   2.6790201E+05   1.3542438E+05   4.0330535E+05   1.0207792E-04   1.9828173E-08   6.7801988E-05
   5.3623188E-01   2.5257207E+05   1.2269190E+05   3.7520253E+05   3.2977613E-05   8.5061900E-09   2.2198811E-05
   5.5072464E-01   2.2702190E+05   1.1172628E+05   3.3872824E+05   1.9751979E-04   4.3850021E-09   1.3238231E-04
   5.6521739E-01   2.1443948E+05   1.0532540E+05   3.1974545E+05   2.7641505E-04   7.2217138E-09   1.8537930E-04
   5.7971014E-01   1.9733358E+05   9.8126901E+04   2.9546048E+05   1.5837341E-04   4.7459743E-06   1.0488344E-04
   5.9420290E-01   1.8152414E+05   9.0669663E+04   2.7219380E+05   2.0968279E-04   4.0066006E-09   1.3983711E-04
   6.0869565E-01   1.6554742E+05   8.4325268E+04   2.4987269E+05   2.1405433E-04   2.1161381E-08   1.4182100E-04
   6.2318841E-01   1.5359146E+05   7.6742866E+04   2.3031671E+05   1.5899577E-04   6.0204386E-09   1.0603162E-04
   6.3768116E-01   1.3988852E+05   7.2260526E+04   2.1213183E+05   1.0001251E-04   5.3913146E-09   6.5950571E-05
   6.5217391E-01   1.3049910E+05   6.6243025E+04   1.9672528E+05   1.9110489E-04   2.2043121E-08   1.2676336E-04
   6.6666667E-01   1.1973887E+05   6.0503627E+04   1.8024250E+05   9.1949827E-05   7.4792777E-09   6.1086187E-05
   6.8115942E-01   1.1029099E+05   5.3928281E+04   1.6421927E+05   1.3693367E-04   1.5903948E-08   9.1966431E-05
   6.9565217E-01   1.0321005E+05   5.1084081E+04   1.5427835E+05   4.4686325E-05   3.3880389E-08   2.9893013E-05
   7.1014493E-01   9.2815012E+04   4.6082762E+04   1.3889777E+05   1.5935747E-04   1.3794681E-08   1.0649109E-04
   7.2463768E-01   8.3032786E+04   4.2115005E+04   1.2514779E+05   1.0541948E-04   1.7009542E-08   6.9941648E-05
   7.3913043E-01   7.7110851E+04   4.0293762E+04   1.1740461E+05   2.3778473E-04   1.0193807E-08   1.5617804E-04
   7.5362319E-01   7.2859297E+04   3.5016178E+04   1.0787547E+05   3.2979090E-04   1.0178720E-09   2.2274106E-04
   7.6811594E-01   6.6351999E+04   3.3268930E+04   9.9606632E+04   4.9819212E-04   6.0875978E-08   3.3188390E-04
   7.8260870E-01   6.0155873E+04   3.1670587E+04   9.1826460E+04   2.2497096E-04   8.1839428E-10   1.4737939E-04
   7.9710145E-01   5.6017406E+04   2.7967372E+04   8.3984779E+04   5.3498212E-04   4.9059323E-08   3.5683202E-04
   8.1159420E-01   4.9929435E+04   2.4829407E+04   7.4758842E+04   1.6821384E-04   8.7806619E-09   1.1234535E-04
   8.2608696E-01   4.4281068E+04   2.2120594E+04   6.6401662E+04   6.0494320E-04   1.4805772E-08   4.0341237E-04
   8.4057971E-01   4.0382139E+04   2.0275989E+04   6.0658128E+04   1.9746381E-04   4.3939444E-09   1.3145799E-04
   8.5507246E-01   3.5986071E+04   1.7877449E+04   5.3863520E+04   2.8143872E-04   1.5323382E-08   1.8803348E-04
   8.6956522E-01   3.2153293E+04   1.6101905E+04   4.8255198E+04   1.5096299E-04   6.7709200E-09   1.0058779E-04
   8.8405797E-01   2.8682197E+04   1.4148559E+04   4.2830756E+04   4.2745004E-04   1.4080976E-08   2.8624396E-04
   8.9855072E-01   2.5701939E+04   1.2893745E+04   3.8595685E+04   3.5686236E-04   7.1000291E-09   2.3764614E-04
   9.1304348E-01   2.2118695E+04   1.0788727E+04   3.2907422E+04   2.0020669E-04   5.4215512E-08   1.3455564E-04
   9.2753623E-01   1.8363275E+04   9.7558598E+03   2.8119135E+04   2.0844215E-04   0.0000000E+00   1.3612370E-04
   9.4202899E-01   1.5795895E+04   7.6706267E+03   2.3466522E+04   9.9163890E-09   3.7804594E-08   7.3112442E-09
   9.5652174E-01   1.3145583E+04   5.9585657E+03   1.9104149E+04   1.8069311E-04   0.0000000E+00   1.2433510E-04
   9.7101449E-01   8.3464130E+03   4.3541586E+03   1.2700572E+04   1.4761196E-08   0.0000000E+00   9.7005901E-09
   9.8550725E-01   4.0226903E+03   1.7940530E+03   5.8167434E+03   1.5263529E-03   0.0000000E+00   1.0555812E-03
   1.0000000E+00   0.0000000E+00   0.0000000E+00   0.0000000E+00   0.0000000E+00   0.0000000E+00   0.0000000E+00
