   0.0000000E+00   7.3348911E+05   3.0309467E+05   1.0365838E+06   2.1930459E-03   0.0000000E+00   1.5518044E-03
   1.4492754E-02   6.8196302E+05   3.2658451E+05   1.0085475E+06   3.6576832E-04   8.0015505E-09   2.4732862E-04
   2.8985507E-02   6.8650944E+05   3.3567735E+05   1.0221868E+06   5.8548127E-05   0.0000000E+00   3.9321426E-05
   4.3478261E-02   6.9812806E+05   3.4375988E+05   1.0418879E+06   1.4852673E-04   4.5148860E-09   9.9522901E-05
   5.7971014E-02   7.1928155E+05   3.4382302E+05   1.0631046E+06   2.3844358E-04   5.1324751E-09   1.6132763E-04
   7.2463768E-02   6.9787549E+05   3.5340839E+05   1.0511323E+06   1.3015342E-04   7.8535085E-09   8.6409775E-05
   8.6956522E-02   7.2767980E+05   3.6977550E+05   1.0974553E+06   7.6200411E-05   4.9001356E-09   5.0525206E-05
   1.0144928E-01   7.4528815E+05   3.8319827E+05   1.1284864E+06   4.5156431E-05   8.3959828E-09   2.9820387E-05
   1.1594203E-01   7.6986047E+05   3.8587741E+05   1.1557379E+06   4.9409904E-05   3.0627686E-09   3.2913319E-05
   1.3043478E-01   8.0362185E+05   3.9966400E+05   1.2032859E+06   7.4458241E-05   3.8369037E-09   4.9726134E-05
   1.4492754E-01   8.4396712E+05   4.1213298E+05   1.2561001E+06   6.9644585E-05   1.8249521E-09   4.6793730E-05
   1.5942029E-01   8.5762016E+05   4.2502139E+05   1.2825727E+06   3.3590917E-06   3.6739759E-08   2.2400046E-06
   1.7391304E-01   8.6407240E+05   4.3380425E+05   1.2978767E+06   1.3072890E-04   2.7307866E-08   8.7035356E-05
   1.8840580E-01   8.6789994E+05   4.2981156E+05   1.2976532E+06   6.5739089E-05   2.9051606E-09   4.3968736E-05
   2.0289855E-01   8.7789207E+05   4.3034031E+05   1.3081241E+06   1.9179443E-05   5.0025563E-08   1.2867000E-05
   2.1739130E-01   8.4967540E+05   4.3883057E+05   1.2885060E+06   1.4080541E-04   2.3432250E-07   9.2889623E-05
   2.3188406E-01   8.4440282E+05   4.2177518E+05   1.2659886E+06   5.4778004E-05   5.2349368E-09   3.6536296E-05
   2.4637681E-01   8.3475839E+05   4.1510598E+05   1.2497307E+06   6.7575055E-06   1.1582955E-08   4.5146314E-06
   2.6086957E-01   8.1582983E+05   4.0900942E+05   1.2247972E+06   6.1778643E-05   9.8838110E-09   4.1147663E-05
   2.7536232E-01   7.8601223E+05   3.9394331E+05   1.1798758E+06   1.2757936E-04   1.7985714E-09   8.4991668E-05
   2.8985507E-01   7.5068973E+05   3.7754230E+05   1.1280805E+06   1.1544850E-04   1.6835627E-09   7.6826345E-05
   3.0434783E-01   7.1487044E+05   3.5902286E+05   1.0737850E+06   3.0503173E-05   1.2020755E-09   2.0307826E-05
   3.1884058E-01   6.7965536E+05   3.4149815E+05   1.0210502E+06   9.7846004E-05   4.5091528E-08   6.5139289E-05
   3.3333333E-01   6.4354906E+05   3.2296055E+05   9.6641078E+05   2.4190850E-04   7.9740432E-09   1.6109228E-04
   3.4782609E-01   6.0533689E+05   3.0391556E+05   9.0922088E+05   1.1010603E-04   2.9880911E-08   7.3297144E-05
   3.6231884E-01   5.8133558E+05   2.9078903E+05   8.7212461E+05   7.2668019E-05   1.2279031E-09   4.8438794E-05
   3.7681159E-01   5.4262690E+05   2.7424239E+05   8.1672357E+05   7.0205465E-05   4.8978343E-06   4.6304860E-05
   3.9130435E-01   5.0080782E+05   2.6066142E+05   7.6141311E+05   8.4742858E-05   1.5438879E-08   5.5733763E-05
   4.0579710E-01   4.7910608E+05   2.3746926E+05   7.1652122E+05   5.3329975E-05   2.1137867E-09   3.5659215E-05
   4.2028986E-01   4.4220468E+05   2.2052750E+05   6.6257541E+05   1.1871801E-04   1.6943681E-07   7.9266918E-05
   4.3478261E-01   4.1387578E+05   2.0511932E+05   6.1894458E+05   1.3347450E-04   2.2269055E-08   8.9249483E-05
   4.4927536E-01   3.8881669E+05   1.9341840E+05   5.8221065E+05   6.1194097E-05   9.8227344E-09   4.0863891E-05
   4.6376812E-01   3.6293219E+05   1.7742878E+05   5.4036097E+05   2.3153400E-04   3.1125214E-08   1.5550121E-04
   4.7826087E-01   3.3390930E+05   1.6915897E+05   5.0304531E+05   3.2659650E-05   6.0878749E-09   2.1678549E-05
   4.9275362E-01   3.1071661E+05   1.5589318E+05   4.6658751E+05   7.5111067E-05   3.9018869E-08   5.0031078E-05
   5.0724638E-01   2.8956366E+05   1.4591844E+05   4.3541715E+05   1.1527034E-04   1.0410658E-08   7.6654338E-05
   5.2173913E-01   2.6493421E+05   1.3717139E+05   4.0210560E+05   4.7681975E-05   1.2301961E-08   3.1415197E-05
   5.3623188E-01   2.4933633E+05   1.2148362E+05   3.7079947E+05   1.6841398E-04   4.2034307E-08   1.1326022E-04
   5.5072464E-01   2.3021237E+05   1.1519592E+05   3.4540829E+05   2.1859306E-04   1.9605792E-09   1.4569041E-04
   5.6521739E-01   2.1546923E+05   1.0596656E+05   3.2141636E+05   1.4504571E-04   8.2494013E-07   9.7000835E-05
   5.7971014E-01   1.9434052E+05   9.9225619E+04   2.9356613E+05   7.8479811E-05   6.3098561E-09   5.1955412E-05
   5.9420290E-01   1.7952815E+05   8.8599748E+04   2.6812790E+05   7.6730845E-05   1.8530730E-08   5.1373922E-05
   6.0869565E-01   1.6395979E+05   8.6778892E+04   2.5072064E+05   7.9434809E-05   3.0555118E-09   5.1945699E-05
   6.2318841E-01   1.5329189E+05   7.8275962E+04   2.3151499E+05   1.1099370E-04   5.2413456E-09   7.3491377E-05
   6.3768116E-01   1.3840749E+05   7.1244470E+04   2.0965196E+05   1.7365967E-04   1.1954204E-08   1.1465020E-04
   6.5217391E-01   1.3302488E+05   6.4710713E+04   1.9773560E+05   1.5125345E-04   1.7570140E-08   1.0174898E-04
   6.6666667E-01   1.1822340E+05   6.0091814E+04   1.7831521E+05   5.1487863E-05   1.5708138E-08   3.4134626E-05
   6.8115942E-01   1.0927530E+05   5.3589718E+04   1.6286502E+05   3.4794650E-04   2.2220245E-08   2.3346124E-04
   6.9565217E-01   1.0232602E+05   4.9521250E+04   1.5184727E+05   3.6896374E-04   2.6710778E-08   2.4864116E-04
   7.1014493E-01   9.2335627E+04   4.6268330E+04   1.3858849E+05   5.9034965E-05   2.5853489E-07   3.9287455E-05
   7.2463768E-01   8.4805890E+04   4.2024076E+04   1.2682997E+05   2.2835196E-04   2.7297798E-10   1.5268949E-04
   7.3913043E-01   7.7199996E+04   3.9075441E+04   1.1627544E+05   7.1433178E-05   1.1822381E-08   4.7430647E-05
   7.5362319E-01   7.2509572E+04   3.6021636E+04   1.0853121E+05   3.8169319E-04   8.0761938E-09   2.5500686E-04
   7.6811594E-01   6.6209030E+04   3.3197445E+04   9.9406475E+04   3.1054270E-04   2.3755073E-06   2.0694607E-04
   7.8260870E-01   5.9327976E+04   2.8850123E+04   8.8178099E+04   2.7024932E-04   2.7712032E-07   1.8190751E-04
   7.9710145E-01   5.3840636E+04   2.7113196E+04   8.0953832E+04   1.4876769E-04   1.6402165E-09   9.8941641E-05
   8.1159420E-01   5.0159462E+04   2.5059435E+04   7.5218897E+04   2.2028745E-04   1.0164272E-08   1.4689579E-04
   8.2608696E-01   4.5477495E+04   2.2107300E+04   6.7584795E+04   1.1936506E-04   3.7098750E-09   8.0319333E-05
   8.4057971E-01   4.1714711E+04   2.0328246E+04   6.2042957E+04   3.0487448E-04   4.7268501E-08   2.0496866E-04
   8.5507246E-01   3.6127344E+04   1.7646275E+04   5.3773619E+04   3.4942538E-04   2.3096284E-09   2.3475789E-04
   8.6956522E-01   3.3315156E+04   1.6922786E+04   5.0237942E+04   6.7993048E-05   2.9715986E-08   4.5087408E-05
   8.8405797E-01   2.9030010E+04   1.4396997E+04   4.3427007E+04   4.8338360E-04   9.2975806E-09   3.2313050E-04
   8.9855072E-01   2.6031922E+04   1.2747086E+04   3.8779008E+04   2.8346529E-04   0.0000000E+00   1.9028713E-04
   9.1304348E-01   2.2419384E+04   1.0548176E+04   3.2967560E+04   1.7890945E-04   1.9139701E-09   1.2166674E-04
   9.2753623E-01   1.8907898E+04   9.7321805E+03   2.8640079E+04   2.8704061E-04   0.0000000E+00   1.8950138E-04
   9.4202899E-01   1.6168935E+04   7.4491345E+03   2.3618070E+04   1.8065202E-04   0.0000000E+00   1.2367441E-04
   9.5652174E-01   1.2100825E+04   6.4866852E+03   1.8587510E+04   4.0120966E-04   2.9981474E-08   2.6118871E-04
   9.7101449E-01   8.6404601E+03   4.5351106E+03   1.3175571E+04   1.5683577E-04   3.2827061E-12   1.0285196E-04
   9.8550725E-01   4.2789836E+03   2.0837759E+03   6.3627595E+03   2.9623978E-05   0.0000000E+00   1.9922255E-05
   1.0000000E+00   0.0000000E+00   0.0000000E+00   0.0000000E+00   0.0000000E+00   0.0000000E+00   0.0000000E+00
