   0.0000000E+00   7.7592236E+05   4.1220876E+05   1.1881311E+06   0.0000000E+00   0.0000000E+00   0.0000000E+00
   1.4492754E-02   6.9408680E+05   3.4477019E+05   1.0388570E+06   1.9283910E-04   5.9145368E-09   1.2884150E-04
   2.8985507E-02   7.0431625E+05   3.5310529E+05   1.0574215E+06   2.4371423E-04   1.0561364E-08   1.6233403E-04
   4.3478261E-02   7.1252506E+05   3.5158982E+05   1.0641149E+06   2.7165586E-04   8.4237817E-09   1.8189771E-04
   5.7971014E-02   7.0999927E+05   3.5632568E+05   1.0663249E+06   1.3173931E-04   1.3208344E-08   8.7719785E-05
   7.2463768E-02   7.2485091E+05   3.4780114E+05   1.0726520E+06   5.8025010E-05   3.9863836E-09   3.9209453E-05
   8.6956522E-02   7.3045816E+05   3.7002808E+05   1.1003600E+06   3.2755005E-04   1.9115868E-09   2.1743898E-04
   1.0144928E-01   7.5015932E+05   3.7085798E+05   1.1210173E+06   6.0353059E-05   1.3031721E-08   4.0385085E-05
   1.1594203E-01   7.7014462E+05   3.9061326E+05   1.1607579E+06   1.2211927E-04   1.1025612E-08   8.1027870E-05
   1.3043478E-01   7.9705480E+05   4.1271391E+05   1.2097687E+06   1.2043474E-04   1.7739527E-09   7.9348809E-05
   1.4492754E-01   8.1244527E+05   4.1410310E+05   1.2265484E+06   1.8006281E-05   4.7026246E-09   1.1928026E-05
   1.5942029E-01   8.4956059E+05   4.2963670E+05   1.2791973E+06   6.4018177E-05   3.0920989E-09   4.2516101E-05
   1.7391304E-01   8.5201176E+05   4.3153104E+05   1.2834797E+06   1.1767285E-04   4.8442224E-09   7.8115972E-05
   1.8840580E-01   8.6638447E+05   4.3045272E+05   1.2966040E+06   2.2271374E-05   2.9640504E-09   1.4880731E-05
   2.0289855E-01   8.7724258E+05   4.3412900E+05   1.3113716E+06   1.6407935E-04   3.8174433E-10   1.0976091E-04
   2.1739130E-01   8.5972804E+05   4.3478931E+05   1.2944668E+06   4.8606751E-05   6.4319255E-09   3.2283404E-05
   2.3188406E-01   8.4667603E+05   4.2286443E+05   1.2694457E+06   4.1513836E-05   3.2582978E-09   2.7688153E-05
   2.4637681E-01   8.3529326E+05   4.1118358E+05   1.2463877E+06   9.7962911E-05   1.9235229E-09   6.5652377E-05
   2.6086957E-01   8.1039938E+05   3.9684354E+05   1.2071166E+06   9.5008414E-05   2.0102809E-09   6.3784475E-05
   2.7536232E-01   7.7891343E+05   3.8082251E+05   1.1595764E+06   7.4912468E-05   3.9189140E-09   5.0320404E-05
   2.8985507E-01   7.5288717E+05   3.6685822E+05   1.1196696E+06   9.8820549E-05   8.8738389E-09   6.6451256E-05
   3.0434783E-01   7.1840654E+05   3.6104349E+05   1.0792696E+06   3.2184829E-05   9.4262847E-09   2.1426434E-05
   3.1884058E-01   6.7424788E+05   3.4446021E+05   1.0186392E+06   5.8608593E-05   2.4592539E-09   3.8794158E-05
   3.3333333E-01   6.4064989E+05   3.2309233E+05   9.6367634E+05   5.7622945E-05   1.0938446E-06   3.8233209E-05
   3.4782609E-01   6.1345099E+05   3.0644134E+05   9.1976605E+05   5.9038588E-05   1.0295180E-08   3.9377199E-05
   3.6231884E-01   5.7648607E+05   2.9536576E+05   8.7185183E+05   1.3517224E-04   1.5238935E-08   8.9381734E-05
   3.7681159E-01   5.4457953E+05   2.7234805E+05   8.1686929E+05   8.9799935E-05   2.6937170E-09   5.9867340E-05
   3.9130435E-01   5.0824486E+05   2.5560984E+05   7.6377051E+05   3.0136058E-05   4.8868530E-09   2.0052159E-05
   4.0579710E-01   4.7994500E+05   2.3795638E+05   7.1779314E+05   6.1088838E-05   9.4928465E-09   4.0849568E-05
   4.2028986E-01   4.4633304E+05   2.2786971E+05   6.7407210E+05   1.0139126E-04   2.2323766E-08   6.7130651E-05
   4.3478261E-01   4.1774023E+05   2.0393220E+05   6.2159666E+05   1.2042259E-04   1.9943590E-08   8.0922748E-05
   4.4927536E-01   3.8827894E+05   1.9473833E+05   5.8301727E+05   3.1486239E-05   1.2542399E-07   2.1002275E-05
   4.6376812E-01   3.5708341E+05   1.7747614E+05   5.3451219E+05   7.0774582E-05   7.7265007E-09   4.7283678E-05
   4.7826087E-01   3.3592993E+05   1.6603618E+05   5.0196611E+05   1.6283016E-04   3.3446977E-08   1.0898081E-04
   4.9275362E-01   3.1419329E+05   1.5426627E+05   4.6843728E+05   9.1895956E-05   1.2387295E-09   6.1637382E-05
   5.0724638E-01   2.8731210E+05   1.4596173E+05   4.3327384E+05   9.3380318E-05   7.8328101E-08   6.1921259E-05
   5.2173913E-01   2.6546042E+05   1.3502447E+05   4.0046384E+05   5.3737955E-05   8.8881535E-08   3.5647989E-05
   5.3623188E-01   2.4597771E+05   1.2660346E+05   3.7254022E+05   1.4886092E-04   1.7781273E-09   9.8289216E-05
   5.5072464E-01   2.2684243E+05   1.1372032E+05   3.4054282E+05   2.5877194E-04   9.9068981E-09   1.7237102E-04
   5.6521739E-01   2.1212741E+05   1.0579170E+05   3.1791911E+05   1.7694787E-04   5.1516336E-08   1.1808325E-04
   5.7971014E-01   1.9824286E+05   9.6308333E+04   2.9451331E+05   1.3063753E-04   1.2019840E-07   8.7974065E-05
   5.9420290E-01   1.8224491E+05   8.7601753E+04   2.6982819E+05   1.9205071E-04   3.6563809E-09   1.2971253E-04
   6.0869565E-01   1.6419432E+05   8.4271144E+04   2.4846547E+05   1.1838354E-04   4.2888327E-08   7.8229433E-05
   6.2318841E-01   1.5589992E+05   7.7306764E+04   2.3320668E+05   1.6006492E-04   1.1809270E-08   1.0700091E-04
   6.3768116E-01   1.4357388E+05   7.0452290E+04   2.1402617E+05   7.1211926E-05   1.2196995E-08   4.7766738E-05
   6.5217391E-01   1.3145890E+05   6.4660197E+04   1.9611909E+05   3.3903756E-04   2.7533795E-09   2.2725649E-04
   6.6666667E-01   1.2023304E+05   5.9004626E+04   1.7922120E+05   2.1612902E-04   2.2370361E-08   1.4499589E-04
   6.8115942E-01   1.1096812E+05   5.6540054E+04   1.6750817E+05   1.2777841E-04   3.2022126E-08   8.4637981E-05
   6.9565217E-01   9.9973884E+04   5.0231628E+04   1.5020551E+05   2.3821059E-04   8.3935320E-09   1.5854807E-04
   7.1014493E-01   9.3479964E+04   4.5232241E+04   1.3871221E+05   2.0309555E-04   2.7934483E-08   1.3686779E-04
   7.2463768E-01   8.4578569E+04   4.2645421E+04   1.2720883E+05   4.9330220E-04   5.1181608E-08   3.2797688E-04
   7.3913043E-01   7.9473206E+04   3.8599998E+04   1.1807320E+05   1.7397122E-04   2.5842282E-08   1.1709093E-04
   7.5362319E-01   7.3179877E+04   3.5161897E+04   1.0834177E+05   2.9605132E-04   7.3441055E-09   1.9997080E-04
   7.6811594E-01   6.4622072E+04   3.3125960E+04   9.7748032E+04   2.0871720E-04   1.7909569E-08   1.3798161E-04
   7.8260870E-01   5.9889262E+04   2.9720117E+04   8.9609379E+04   3.9410903E-04   2.0526259E-08   2.6339611E-04
   7.9710145E-01   5.6554711E+04   2.8394460E+04   8.4949171E+04   3.0943744E-04   1.9577351E-09   2.0600739E-04
   8.1159420E-01   4.9794125E+04   2.4382884E+04   7.4177009E+04   1.1670902E-04   1.2296710E-07   7.8305259E-05
   8.2608696E-01   4.4201307E+04   2.2359879E+04   6.6561186E+04   3.0218387E-04   1.8511240E-08   2.0066665E-04
   8.4057971E-01   4.1949871E+04   2.0315182E+04   6.2265052E+04   2.1146089E-04   5.6140013E-09   1.4246816E-04
   8.5507246E-01   3.6743808E+04   1.8237052E+04   5.4980860E+04   3.8349316E-04   8.4871076E-08   2.5626180E-04
   8.6956522E-01   3.2128035E+04   1.6266081E+04   4.8394116E+04   2.3382325E-04   1.3506432E-08   1.5523503E-04
   8.8405797E-01   2.8110789E+04   1.4844186E+04   4.2954975E+04   1.9532053E-04   3.0541032E-09   1.2782278E-04
   8.9855072E-01   2.6386347E+04   1.2331553E+04   3.8717900E+04   2.7945969E-04   0.0000000E+00   1.9045248E-04
   9.1304348E-01   2.1685702E+04   1.1618629E+04   3.3304331E+04   2.8163652E-04   1.0106715E-08   1.8338412E-04
   9.2753623E-01   1.9156531E+04   9.8268976E+03   2.8983428E+04   2.2223791E-04   1.0202516E-07   1.4690403E-04
   9.4202899E-01   1.5959100E+04   8.3700760E+03   2.4329176E+04   1.3218485E-04   0.0000000E+00   8.6708701E-05
   9.5652174E-01   1.2353404E+04   6.3718767E+03   1.8725281E+04   6.1265710E-04   7.9740767E-08   4.0420616E-04
   9.7101449E-01   9.2624827E+03   4.5464201E+03   1.3808903E+04   1.2443756E-04   0.0000000E+00   8.3467942E-05
   9.8550725E-01   4.1006926E+03   1.9723440E+03   6.0730367E+03   0.0000000E+00   0.0000000E+00   0.0000000E+00
   1.0000000E+00   0.0000000E+00   0.0000000E+00   0.0000000E+00   0.0000000E+00   0.0000000E+00   0.0000000E+00
