   0.0000000E+00   7.9410804E+05   3.8796118E+05   1.1820692E+06   1.7546496E-03   0.0000000E+00   1.1787646E-03
   1.4492754E-02   7.0696833E+05   3.4552793E+05   1.0524963E+06   5.8063490E-04   3.9197311E-08   3.9002808E-04
   2.8985507E-02   7.0128530E+05   3.3188867E+05   1.0331740E+06   5.7161282E-04   9.1929132E-09   3.8799537E-04
   4.3478261E-02   6.8878265E+05   3.4249698E+05   1.0312796E+06   3.6931634E-04   4.1461112E-08   2.4665832E-04
   5.7971014E-02   7.0052756E+05   3.4211811E+05   1.0426457E+06   3.0268805E-04   2.1976541E-09   2.0336869E-04
   7.2463768E-02   7.1924366E+05   3.6219813E+05   1.0812902E+06   5.6837875E-04   2.0056155E-07   3.7802285E-04
   8.6956522E-02   7.3854069E+05   3.6762858E+05   1.1060430E+06   1.1311455E-04   1.2449631E-08   7.5528409E-05
   1.0144928E-01   7.5189129E+05   3.7475491E+05   1.1266462E+06   1.3041283E-04   1.7394023E-08   8.7030934E-05
   1.1594203E-01   7.7014462E+05   3.8265703E+05   1.1527069E+06   3.2980358E-04   7.1251439E-09   2.2034835E-04
   1.3043478E-01   7.8695164E+05   3.9511758E+05   1.1820692E+06   8.0569639E-05   2.1264542E-09   5.3638945E-05
   1.4492754E-01   8.3328303E+05   4.1243608E+05   1.2457191E+06   1.9103429E-04   2.7166543E-09   1.2778542E-04
   1.5942029E-01   8.3523248E+05   4.2660575E+05   1.2618382E+06   2.4309216E-04   5.6833223E-08   1.6092600E-04
   1.7391304E-01   8.6931341E+05   4.1643945E+05   1.2856266E+06   1.7534512E-04   1.8572642E-08   1.1856023E-04
   1.8840580E-01   8.7547731E+05   4.2841266E+05   1.3035985E+06   1.3045239E-04   5.2699364E-09   8.7611357E-05
   2.0289855E-01   8.6744613E+05   4.3515735E+05   1.3023329E+06   1.5328414E-04   4.5637851E-08   1.0211292E-04
   2.1739130E-01   8.6472910E+05   4.3362745E+05   1.2982050E+06   3.6976197E-05   2.2709602E-08   2.4635136E-05
   2.3188406E-01   8.3819885E+05   4.3645633E+05   1.2744657E+06   1.4250837E-04   1.3228122E-08   9.3722597E-05
   2.4637681E-01   8.2325862E+05   4.1715633E+05   1.2403258E+06   1.3314059E-04   4.4243475E-08   8.8374452E-05
   2.6086957E-01   8.0842085E+05   4.1199827E+05   1.2202928E+06   3.1668188E-05   4.4344126E-08   2.0990326E-05
   2.7536232E-01   7.8186462E+05   3.8887844E+05   1.1707431E+06   2.8950536E-04   7.1316140E-08   1.9336556E-04
   2.8985507E-01   7.5383434E+05   3.7417037E+05   1.1279289E+06   2.3159685E-04   2.5480261E-08   1.5477681E-04
   3.0434783E-01   7.2114883E+05   3.6555383E+05   1.0865583E+06   1.4693903E-04   1.7438191E-08   9.7525722E-05
   3.1884058E-01   6.8261742E+05   3.4132593E+05   1.0237711E+06   1.0828704E-04   8.5087964E-09   7.2199450E-05
   3.3333333E-01   6.3976038E+05   3.2437719E+05   9.6393990E+05   6.1851287E-05   5.6881292E-09   4.1048830E-05
   3.4782609E-01   6.0325312E+05   3.0723065E+05   9.1045220E+05   2.1750277E-04   1.5880479E-08   1.4411343E-04
   3.6231884E-01   5.8060816E+05   2.8936448E+05   8.6982109E+05   2.6654257E-04   1.6369793E-08   1.7791895E-04
   3.7681159E-01   5.4600757E+05   2.7065771E+05   8.1666528E+05   1.1607240E-04   6.2195161E-08   7.7615483E-05
   3.9130435E-01   5.0802035E+05   2.5106342E+05   7.5905571E+05   4.0850164E-05   1.0664125E-06   2.6992600E-05
   4.0579710E-01   4.7704937E+05   2.4223218E+05   7.1917330E+05   2.6165590E-04   6.6145222E-08   1.7357892E-04
   4.2028986E-01   4.4413821E+05   2.2175556E+05   6.6578926E+05   3.2953873E-04   4.0100269E-08   2.1983239E-04
   4.3478261E-01   4.1301701E+05   2.0688737E+05   6.1982861E+05   9.2135147E-05   3.1329362E-08   6.1403507E-05
   4.4927536E-01   3.8607906E+05   1.9263622E+05   5.7869084E+05   4.7595889E-04   2.4110155E-08   3.1753300E-04
   4.6376812E-01   3.5639671E+05   1.8370379E+05   5.4007682E+05   1.7998027E-04   3.5076825E-08   1.1876403E-04
   4.7826087E-01   3.3048800E+05   1.6904417E+05   4.9944032E+05   7.2370123E-04   6.0719164E-08   4.7890023E-04
   4.9275362E-01   3.1067204E+05   1.5243879E+05   4.6306626E+05   3.5076419E-04   1.9971159E-08   2.3532901E-04
   5.0724638E-01   2.9155543E+05   1.4427306E+05   4.3580684E+05   1.6358174E-04   2.8157118E-08   1.0944202E-04
   5.2173913E-01   2.6499736E+05   1.3441407E+05   3.9939038E+05   2.6164987E-04   1.5743738E-07   1.7361372E-04
   5.3623188E-01   2.4823044E+05   1.2596860E+05   3.7411713E+05   4.7059691E-04   8.5197723E-09   3.1224820E-04
   5.5072464E-01   2.3254540E+05   1.1451794E+05   3.4704340E+05   3.7245632E-04   1.5418396E-08   2.4956917E-04
   5.6521739E-01   2.0934905E+05   1.0682144E+05   3.1615106E+05   1.9652320E-04   3.2301336E-08   1.3013840E-04
   5.7971014E-01   1.9941735E+05   9.8846750E+04   2.9826410E+05   4.1206212E-04   3.8936324E-08   2.7551390E-04
   5.9420290E-01   1.7860408E+05   9.2462357E+04   2.7104796E+05   2.1856092E-04   4.2321710E-08   1.4400860E-04
   6.0869565E-01   1.7092375E+05   8.1889686E+04   2.5279539E+05   9.9571300E-04   9.5898162E-08   6.7321547E-04
   6.2318841E-01   1.5024332E+05   7.8293583E+04   2.2853691E+05   5.3556556E-04   4.5634335E-08   3.5209291E-04
   6.3768116E-01   1.4431440E+05   7.1950542E+04   2.1626494E+05   5.4124177E-04   2.9054501E-08   3.6116300E-04
   6.5217391E-01   1.2846163E+05   6.5754706E+04   1.9421633E+05   4.0329499E-04   4.3638875E-08   2.6674225E-04
   6.6666667E-01   1.2112256E+05   5.8609285E+04   1.7973185E+05   5.2625519E-04   2.4227703E-08   3.5464295E-04
   6.8115942E-01   1.1130668E+05   5.5733951E+04   1.6702451E+05   1.1022609E-03   4.4389033E-08   7.3454649E-04
   6.9565217E-01   1.0221552E+05   5.2678486E+04   1.5489401E+05   3.4940304E-05   4.8366391E-08   2.3052689E-05
   7.1014493E-01   9.2753156E+04   4.5742553E+04   1.3849571E+05   5.3152262E-04   6.6712883E-09   3.5597243E-04
   7.2463768E-01   8.6169816E+04   4.1402732E+04   1.2755739E+05   8.4000635E-04   1.1863604E-08   5.6745299E-04
   7.3913043E-01   7.7764584E+04   3.7545110E+04   1.1530969E+05   8.2160611E-04   1.8471080E-07   5.5403655E-04
   7.5362319E-01   7.0892096E+04   3.5526193E+04   1.0641829E+05   8.6216309E-04   3.2311526E-07   5.7425279E-04
   7.6811594E-01   6.5837310E+04   3.2782834E+04   9.8620144E+04   8.1146608E-04   3.5320780E-07   5.4161261E-04
   7.8260870E-01   5.9805069E+04   3.0365596E+04   9.0170665E+04   5.5127672E-04   8.5582475E-08   3.6562219E-04
   7.9710145E-01   5.3661534E+04   2.6934095E+04   8.0595629E+04   6.7871950E-04   1.0380037E-07   4.5192500E-04
   8.1159420E-01   4.9888842E+04   2.3746926E+04   7.3635768E+04   1.5764347E-04   3.3922411E-08   1.0680856E-04
   8.2608696E-01   4.4932456E+04   2.3649361E+04   6.8568523E+04   4.3951064E-04   4.8310726E-07   2.8811118E-04
   8.4057971E-01   4.1610195E+04   2.0040829E+04   6.1651024E+04   1.1050671E-04   1.1970768E-07   7.4545640E-05
   8.5507246E-01   3.6730965E+04   1.8378325E+04   5.5109290E+04   1.8166204E-04   1.9280294E-07   1.2114403E-04
   8.6956522E-01   3.2683709E+04   1.6531289E+04   4.9214998E+04   3.8498426E-05   3.5709994E-08   2.5570501E-05
   8.8405797E-01   2.9216339E+04   1.4123715E+04   4.3340054E+04   4.4500810E-04   4.7124090E-09   2.9998797E-04
   8.9855072E-01   2.6141916E+04   1.2233781E+04   3.8375697E+04   6.2304971E-04   1.6338775E-09   4.2442764E-04
   9.1304348E-01   2.3177120E+04   1.0584258E+04   3.3761379E+04   5.8302241E-04   2.1992032E-08   4.0023870E-04
   9.2753623E-01   1.8943417E+04   9.4953878E+03   2.8438805E+04   6.2930496E-04   2.5585998E-09   4.1918810E-04
   9.4202899E-01   1.5772581E+04   7.5773668E+03   2.3349947E+04   6.5567802E-04   6.7174467E-08   4.4290967E-04
   9.5652174E-01   1.3111141E+04   6.1307786E+03   1.9241919E+04   1.4726645E-03   9.0453591E-08   1.0034620E-03
   9.7101449E-01   9.0136737E+03   4.4559441E+03   1.3469618E+04   3.1384309E-04   3.1550782E-08   2.1002069E-04
   9.8550725E-01   4.1341222E+03   2.2397805E+03   6.3739027E+03   1.7767728E-03   0.0000000E+00   1.1524173E-03
   1.0000000E+00   0.0000000E+00   0.0000000E+00   0.0000000E+00   0.0000000E+00   0.0000000E+00   0.0000000E+00
