   0.0000000E+00   7.8198426E+05   3.5765171E+05   1.1396360E+06   0.0000000E+00   0.0000000E+00   0.0000000E+00
   1.4492754E-02   7.2818495E+05   3.4401245E+05   1.0721974E+06   0.0000000E+00   0.0000000E+00   0.0000000E+00
   2.8985507E-02   6.8954038E+05   3.3795056E+05   1.0274909E+06   4.1506320E-04   7.3527566E-09   2.7854307E-04
   4.3478261E-02   6.6074639E+05   3.4123409E+05   1.0019805E+06   1.2405167E-04   0.0000000E+00   8.1804678E-05
   5.7971014E-02   7.0488455E+05   3.7261701E+05   1.0775016E+06   1.2330443E-04   2.5933707E-07   8.0750858E-05
   7.2463768E-02   7.3136745E+05   3.6659301E+05   1.0979605E+06   7.9070862E-05   6.6726471E-09   5.2669703E-05
   8.6956522E-02   7.3614119E+05   3.6535537E+05   1.1014966E+06   1.2349476E-04   2.1860112E-08   8.2539955E-05
   1.0144928E-01   7.4593764E+05   3.7507966E+05   1.1210173E+06   6.3056501E-05   3.9117780E-09   4.1959740E-05
   1.1594203E-01   7.8473105E+05   3.8748760E+05   1.1722187E+06   3.3666352E-05   6.8188058E-09   2.2539747E-05
   1.3043478E-01   7.9545513E+05   4.1380842E+05   1.2092636E+06   7.3525223E-05   3.6341273E-08   4.8376198E-05
   1.4492754E-01   8.2335668E+05   4.1425465E+05   1.2375356E+06   6.5013046E-05   2.2129706E-09   4.3253995E-05
   1.5942029E-01   8.4942282E+05   4.2936116E+05   1.2787840E+06   2.3056422E-04   8.2724942E-08   1.5317126E-04
   1.7391304E-01   8.6274636E+05   4.2951041E+05   1.2921936E+06   6.0054069E-05   1.2934860E-08   4.0099786E-05
   1.8840580E-01   8.5618417E+05   4.3115217E+05   1.2872781E+06   3.5181337E-05   1.3840086E-09   2.3399964E-05
   2.0289855E-01   8.6030176E+05   4.3109805E+05   1.2912916E+06   1.0626334E-04   1.7888192E-08   7.0797924E-05
   2.1739130E-01   8.6306208E+05   4.3039444E+05   1.2933555E+06   5.6664727E-05   5.9843875E-05   4.5040708E-05
   2.3188406E-01   8.4696018E+05   4.1481348E+05   1.2616789E+06   3.2386217E-05   5.2191420E-09   2.1740186E-05
   2.4637681E-01   8.3979511E+05   4.1194132E+05   1.2516473E+06   6.1689537E-05   4.3786251E-05   2.7002963E-05
   2.6086957E-01   8.0366395E+05   4.1359794E+05   1.2172198E+06   5.8888197E-05   2.2926818E-08   3.8872897E-05
   2.7536232E-01   7.8868425E+05   3.9170998E+05   1.1802746E+06   1.8553644E-04   1.0462643E-05   1.2282632E-04
   2.8985507E-01   7.5137170E+05   3.7788328E+05   1.1291413E+06   1.8477053E-04   3.8990669E-05   1.3015906E-04
   3.0434783E-01   7.1537560E+05   3.5902286E+05   1.0741459E+06   5.8923503E-05   4.3183568E-06   3.8450415E-05
   3.1884058E-01   6.8936817E+05   3.4380580E+05   1.0330362E+06   4.7831474E-05   8.9225540E-09   3.1918427E-05
   3.3333333E-01   6.4667884E+05   3.1861180E+05   9.6519181E+05   1.6417829E-04   1.0357189E-08   1.1000247E-04
   3.4782609E-01   6.0931501E+05   3.1073519E+05   9.1986076E+05   1.1499356E-04   1.9416530E-08   7.6167247E-05
   3.6231884E-01   5.7521307E+05   2.9091027E+05   8.6603241E+05   3.6071469E-05   5.2636808E-09   2.3957809E-05
   3.7681159E-01   5.4315148E+05   2.7427154E+05   8.1736473E+05   1.6521512E-04   2.5898691E-09   1.0978850E-04
   3.9130435E-01   5.0897454E+05   2.4828505E+05   7.5723153E+05   8.4171771E-05   2.7272971E-05   6.5438454E-05
   4.0579710E-01   4.7242176E+05   2.4204275E+05   7.1443744E+05   2.3649428E-04   3.9472448E-05   1.6088304E-04
   4.2028986E-01   4.4416434E+05   2.1953461E+05   6.6362056E+05   4.1744328E-05   8.4725075E-09   2.7939070E-05
   4.3478261E-01   4.1587115E+05   2.1004461E+05   6.2591576E+05   1.6080663E-04   4.3205822E-05   1.1506055E-04
   4.4927536E-01   3.8747232E+05   1.9319841E+05   5.8064629E+05   2.3830954E-04   1.2771209E-05   1.6320651E-04
   4.6376812E-01   3.6167719E+05   1.8413001E+05   5.4575985E+05   2.9132307E-04   1.6232452E-05   1.9223654E-04
   4.7826087E-01   3.3315156E+05   1.7044483E+05   5.0359639E+05   1.8170475E-04   3.1304617E-08   1.2020056E-04
   4.9275362E-01   3.0902285E+05   1.5337482E+05   4.6233081E+05   1.8975735E-04   1.4805264E-08   1.2683718E-04
   5.0724638E-01   2.8809149E+05   1.4288749E+05   4.3097898E+05   2.0658165E-04   1.8232721E-08   1.3809448E-04
   5.2173913E-01   2.6474478E+05   1.3171989E+05   3.9642258E+05   2.9040135E-04   2.8588409E-07   1.9393985E-04
   5.3623188E-01   2.4808709E+05   1.2160650E+05   3.6965263E+05   3.0228842E-04   1.9285681E-08   2.0288261E-04
   5.5072464E-01   2.2977368E+05   1.1387985E+05   3.4363359E+05   2.1956994E-04   5.4634949E-08   1.4680919E-04
   5.6521739E-01   2.1358460E+05   1.0590827E+05   3.1947344E+05   1.1666397E-04   1.0238339E-05   8.0930446E-05
   5.7971014E-01   1.9689788E+05   9.7766976E+04   2.9464591E+05   3.2419625E-04   1.0911666E-08   2.1664400E-04
   5.9420290E-01   1.8102514E+05   9.2351469E+04   2.7333965E+05   4.2537393E-04   5.8385440E-05   2.6274469E-04
   6.0869565E-01   1.6800105E+05   8.4920633E+04   2.5290364E+05   3.4240395E-04   8.5893453E-09   2.2745708E-04
   6.2318841E-01   1.5357384E+05   7.7905904E+04   2.3146212E+05   1.8321050E-04   9.6070903E-05   8.9283311E-05
   6.3768116E-01   1.4269559E+05   6.9453456E+04   2.1214905E+05   9.8429576E-05   3.6203160E-08   6.6215482E-05
   6.5217391E-01   1.3028019E+05   6.3902460E+04   1.9416582E+05   6.1443207E-04   1.1294082E-04   3.9767756E-04
   6.6666667E-01   1.2010126E+05   5.8922263E+04   1.7902353E+05   8.0398842E-05   6.4089456E-05   3.8997142E-05
   6.8115942E-01   1.1079078E+05   5.6910862E+04   1.6768552E+05   2.5779182E-04   5.2623225E-05   1.6911929E-04
   6.9565217E-01   9.9847594E+04   5.0452634E+04   1.5030023E+05   2.6944328E-04   3.6537241E-09   1.7899573E-04
   7.1014493E-01   9.2892332E+04   4.7381739E+04   1.4027407E+05   3.0250727E-04   3.6635068E-08   2.0031444E-04
   7.2463768E-01   8.5821257E+04   4.2281707E+04   1.2810296E+05   4.1440448E-04   1.6940374E-07   2.7757065E-04
   7.3913043E-01   7.6115393E+04   3.8317704E+04   1.1441824E+05   1.5899962E-04   6.0058784E-08   1.0575540E-04
   7.5362319E-01   7.0571515E+04   3.5905061E+04   1.0646200E+05   9.2723262E-04   1.2991598E-08   6.1464816E-04
   7.6811594E-01   6.5994576E+04   3.2811428E+04   9.8791707E+04   1.9680284E-04   8.0443339E-08   1.3147164E-04
   7.8260870E-01   5.9271847E+04   2.9986728E+04   8.9258575E+04   3.4549036E-04   5.9920479E-08   2.2942591E-04
   7.9710145E-01   5.3826859E+04   2.7664277E+04   8.1491136E+04   4.9581627E-04   2.1070955E-04   3.6812956E-04
   8.1159420E-01   4.9361133E+04   2.4599380E+04   7.3960513E+04   4.7173830E-04   4.9552679E-08   3.1484466E-04
   8.2608696E-01   4.4945750E+04   2.2506109E+04   6.7451859E+04   3.4617090E-04   4.8455430E-09   2.3066527E-04
   8.4057971E-01   4.0473590E+04   1.9335350E+04   5.9795876E+04   1.2284915E-04   1.0970688E-08   8.3150369E-05
   8.5507246E-01   3.7501544E+04   1.7851763E+04   5.5353307E+04   2.3602909E-04   6.5732855E-08   1.5989783E-04
   8.6956522E-01   3.3428817E+04   1.6354483E+04   4.9783300E+04   9.3461240E-04   4.9001015E-07   6.2771390E-04
   8.8405797E-01   2.8856104E+04   1.4434263E+04   4.3290366E+04   6.7478584E-04   1.8133800E-08   4.4979843E-04
   8.9855072E-01   2.5738604E+04   1.3529266E+04   3.9267870E+04   2.5480845E-04   1.1298930E-08   1.6702040E-04
   9.1304348E-01   2.3032790E+04   1.0957113E+04   3.3989903E+04   8.7722629E-04   2.1157951E-08   5.9443464E-04
   9.2753623E-01   1.9061813E+04   9.6611427E+03   2.8722956E+04   8.1097980E-04   1.5011269E-07   5.3818813E-04
   9.4202899E-01   1.5924128E+04   8.1369262E+03   2.4061054E+04   6.3095898E-04   0.0000000E+00   4.1758235E-04
   9.5652174E-01   1.2204153E+04   5.9126423E+03   1.8116795E+04   1.2971034E-03   1.9048866E-08   8.7378258E-04
   9.7101449E-01   9.0815307E+03   4.4559441E+03   1.3537475E+04   3.2310101E-04   1.2763362E-08   2.1674657E-04
   9.8550725E-01   4.3904155E+03   1.7606235E+03   6.1510390E+03   1.4662073E-03   0.0000000E+00   1.0465320E-03
   1.0000000E+00   0.0000000E+00   0.0000000E+00   0.0000000E+00   0.0000000E+00   0.0000000E+00   0.0000000E+00
