   0.0000000E+00   7.3955100E+05   2.5459953E+05   9.9415053E+05   0.0000000E+00   0.0000000E+00   0.0000000E+00
   1.4492754E-02   6.8878265E+05   3.5007435E+05   1.0388570E+06   1.0069731E-04   0.0000000E+00   6.6764301E-05
   2.8985507E-02   6.6870262E+05   3.5727285E+05   1.0259755E+06   3.2373330E-04   0.0000000E+00   2.1100047E-04
   4.3478261E-02   7.1252506E+05   3.4527535E+05   1.0578004E+06   3.3199588E-04   1.4523102E-08   2.2362611E-04
   5.7971014E-02   7.1947098E+05   3.5518907E+05   1.0746601E+06   1.0121853E-04   3.5638692E-09   6.7763353E-05
   7.2463768E-02   7.2363853E+05   3.4901352E+05   1.0726520E+06   2.3718172E-04   8.6106170E-08   1.6000801E-04
   8.6956522E-02   7.3412056E+05   3.7028066E+05   1.1041486E+06   3.3453949E-04   7.9082448E-09   2.2242449E-04
   1.0144928E-01   7.5048406E+05   3.7345594E+05   1.1240482E+06   1.3612470E-04   7.6926177E-08   9.0903869E-05
   1.1594203E-01   7.8406803E+05   3.8834005E+05   1.1722187E+06   1.2094730E-04   2.8447915E-08   8.0895150E-05
   1.3043478E-01   8.1372501E+05   3.9806434E+05   1.2117893E+06   1.4463816E-04   3.4016329E-08   9.7131254E-05
   1.4492754E-01   8.2085615E+05   4.0129735E+05   1.2221535E+06   2.1510652E-05   5.9991664E-07   1.4256274E-05
   1.5942029E-01   8.5024944E+05   4.3342538E+05   1.2836059E+06   1.2254902E-04   6.7609033E-09   8.1177450E-05
   1.7391304E-01   8.5864195E+05   4.2900525E+05   1.2876472E+06   6.8259768E-05   2.0475454E-09   4.5517294E-05
   1.8840580E-01   8.5956484E+05   4.3686434E+05   1.2963709E+06   1.0548609E-04   2.3389165E-08   6.9942360E-05
   2.0289855E-01   8.6073475E+05   4.3586097E+05   1.2964875E+06   1.3219211E-05   1.7910222E-08   8.7817789E-06
   2.1739130E-01   8.6119300E+05   4.3009134E+05   1.2911328E+06   1.6592062E-05   4.5646969E-09   1.1068389E-05
   2.3188406E-01   8.5657396E+05   4.3569859E+05   1.2921778E+06   1.1332304E-04   3.7980381E-09   7.5121254E-05
   2.4637681E-01   8.2633414E+05   4.1604201E+05   1.2422870E+06   3.8478890E-05   2.6645121E-08   2.5592509E-05
   2.6086957E-01   7.9987526E+05   4.0189512E+05   1.2017283E+06   2.1673331E-04   3.6503900E-09   1.4425980E-04
   2.7536232E-01   7.7556344E+05   3.9354451E+05   1.1690282E+06   2.2348098E-04   1.3274278E-08   1.4826748E-04
   2.8985507E-01   7.4887116E+05   3.7363996E+05   1.1223596E+06   4.3414879E-05   5.0056309E-09   2.8966234E-05
   3.0434783E-01   7.1097351E+05   3.5884244E+05   1.0697077E+06   1.1336560E-04   9.9533281E-09   7.5344368E-05
   3.1884058E-01   6.8723273E+05   3.4518350E+05   1.0323129E+06   1.4661261E-04   9.3664565E-09   9.7602296E-05
   3.3333333E-01   6.4569049E+05   3.2569499E+05   9.7135254E+05   2.2393700E-04   8.0119734E-08   1.4883452E-04
   3.4782609E-01   6.1244067E+05   3.0334725E+05   9.1569321E+05   2.6508656E-04   1.7807393E-07   1.7732934E-04
   3.6231884E-01   5.8036568E+05   2.9024346E+05   8.7048790E+05   1.1046502E-05   3.3368814E-08   7.3635249E-06
   3.7681159E-01   5.4425895E+05   2.7112401E+05   8.1532467E+05   9.9496271E-05   4.6808737E-08   6.6401823E-05
   3.9130435E-01   5.1057420E+05   2.5499243E+05   7.6553857E+05   8.8003308E-05   2.1989250E-08   5.8700727E-05
   4.0579710E-01   4.7434316E+05   2.3895768E+05   7.1324672E+05   5.2302445E-05   4.8393086E-09   3.4782101E-05
   4.2028986E-01   4.4724755E+05   2.2287910E+05   6.7004826E+05   2.6918408E-04   8.8694564E-09   1.7967417E-04
   4.3478261E-01   4.0932936E+05   2.0524561E+05   6.1447393E+05   1.1236044E-04   4.5355311E-08   7.4863248E-05
   4.4927536E-01   3.8713012E+05   1.9077854E+05   5.7781089E+05   1.4929682E-04   2.9439135E-09   1.0002718E-04
   4.6376812E-01   3.5904879E+05   1.8074388E+05   5.3972163E+05   2.4932718E-04   7.3877363E-08   1.6584741E-04
   4.7826087E-01   3.3005173E+05   1.6775831E+05   4.9769523E+05   1.3338179E-04   1.4732628E-08   8.8448328E-05
   4.9275362E-01   3.1292296E+05   1.5315196E+05   4.6598577E+05   8.9624175E-05   8.1667588E-09   6.0187713E-05
   5.0724638E-01   2.8776674E+05   1.4645968E+05   4.3416147E+05   1.7895675E-04   4.6738530E-08   1.1860822E-04
   5.2173913E-01   2.6224004E+05   1.3353004E+05   3.9577008E+05   1.6348373E-04   1.5281682E-07   1.0832134E-04
   5.3623188E-01   2.4788229E+05   1.2686970E+05   3.7462911E+05   1.6139369E-04   1.0260912E-08   1.0679302E-04
   5.5072464E-01   2.2847755E+05   1.1559473E+05   3.4405234E+05   2.4890893E-04   2.1892286E-08   1.6529299E-04
   5.6521739E-01   2.1092281E+05   1.0666601E+05   3.1756939E+05   2.1425813E-04   3.0231617E-08   1.4229605E-04
   5.7971014E-01   1.9530663E+05   9.6535654E+04   2.9182334E+05   3.8341404E-04   1.2096618E-08   2.5660125E-04
   5.9420290E-01   1.7821597E+05   8.8304046E+04   2.6648305E+05   1.9054335E-04   4.6355389E-08   1.2742866E-04
   6.0869565E-01   1.6798301E+05   8.3441242E+04   2.5140621E+05   4.7827252E-04   8.9696100E-09   3.1956622E-04
   6.2318841E-01   1.5364433E+05   7.7447738E+04   2.3109207E+05   4.2181117E-04   6.0042544E-08   2.8044069E-04
   6.3768116E-01   1.4211007E+05   7.0125086E+04   2.1223516E+05   5.1874916E-04   3.6341793E-08   3.4733678E-04
   6.5217391E-01   1.3272179E+05   6.4643358E+04   1.9734831E+05   1.5274825E-04   8.8350474E-09   1.0272436E-04
   6.6666667E-01   1.1858579E+05   6.1837902E+04   1.8040722E+05   2.9692643E-04   2.2090248E-08   1.9518409E-04
   6.8115942E-01   1.0906572E+05   5.5395388E+04   1.6446110E+05   2.1657917E-04   6.0986840E-09   1.4363075E-04
   6.9565217E-01   1.0093684E+05   5.1052509E+04   1.5198935E+05   3.5554107E-04   2.5165558E-07   2.3605409E-04
   7.1014493E-01   9.3866565E+04   4.6654930E+04   1.4052149E+05   3.5629708E-04   2.3950863E-08   2.3799541E-04
   7.2463768E-01   8.5593936E+04   4.4388215E+04   1.2998215E+05   4.4935182E-04   6.0746168E-08   2.9590122E-04
   7.3913043E-01   7.9829788E+04   3.9907465E+04   1.1972240E+05   9.1202613E-05   1.3259251E-08   6.0812143E-05
   7.5362319E-01   7.5380228E+04   3.5613624E+04   1.1097928E+05   1.5455532E-04   2.6548609E-08   1.0497972E-04
   7.6811594E-01   6.5594262E+04   3.3797915E+04   9.9377881E+04   1.5558867E-04   5.1031553E-08   1.0269232E-04
   7.8260870E-01   5.9131526E+04   2.9537699E+04   8.8669224E+04   2.9754692E-04   8.6398349E-08   1.9840544E-04
   7.9710145E-01   5.4805028E+04   2.7347406E+04   8.2138657E+04   1.1003596E-04   2.9361251E-08   7.3412240E-05
   8.1159420E-01   5.0375958E+04   2.4883531E+04   7.5259490E+04   5.7201209E-04   3.3324868E-08   3.8289472E-04
   8.2608696E-01   4.5198329E+04   2.2878330E+04   6.8076659E+04   6.1050024E-04   2.5707082E-08   4.0533026E-04
   8.4057971E-01   4.0329882E+04   2.0445826E+04   6.0775708E+04   6.3875522E-04   2.9138661E-08   4.2386376E-04
   8.5507246E-01   3.7206155E+04   1.7582060E+04   5.4788215E+04   2.9225840E-04   6.4332680E-08   1.9845808E-04
   8.6956522E-01   3.3252011E+04   1.5937728E+04   4.9189740E+04   7.2226133E-05   1.8517204E-09   4.8824827E-05
   8.8405797E-01   2.8793994E+04   1.4806920E+04   4.3600914E+04   1.5281881E-04   9.1044917E-09   1.0092021E-04
   8.9855072E-01   2.6044143E+04   1.2930410E+04   3.8974553E+04   2.6664571E-04   1.0141914E-08   1.7818278E-04
   9.1304348E-01   2.1902198E+04   1.1317940E+04   3.3220138E+04   3.1698628E-04   5.6903225E-09   2.0899225E-04
   9.2753623E-01   1.8825021E+04   9.6256238E+03   2.8450645E+04   1.1136039E-04   8.2504209E-08   7.3694227E-05
   9.4202899E-01   1.5352911E+04   7.9387490E+03   2.3291660E+04   3.7705919E-04   1.7908643E-08   2.4853609E-04
   9.5652174E-01   1.2743753E+04   6.3718767E+03   1.9115630E+04   6.2415449E-04   0.0000000E+00   4.1610299E-04
   9.7101449E-01   8.8327216E+03   4.4672536E+03   1.3299975E+04   3.4762212E-04   0.0000000E+00   2.3086129E-04
   9.8550725E-01   4.3569859E+03   2.0614895E+03   6.4184754E+03   5.2101916E-04   0.0000000E+00   3.5367793E-04
   1.0000000E+00   0.0000000E+00   0.0000000E+00   0.0000000E+00   0.0000000E+00   0.0000000E+00   0.0000000E+00
