   0.0000000E+00   7.0317964E+05   3.5765171E+05   1.0608314E+06   0.0000000E+00   0.0000000E+00   0.0000000E+00
   1.4492754E-02   6.6983923E+05   3.3264640E+05   1.0024856E+06   0.0000000E+00   0.0000000E+00   0.0000000E+00
   2.8985507E-02   7.2212306E+05   3.3226754E+05   1.0543906E+06   4.8085106E-05   1.9241829E-08   3.2938052E-05
   4.3478261E-02   7.0393738E+05   3.5386303E+05   1.0578004E+06   1.6586609E-04   3.8244342E-10   1.1037949E-04
   5.7971014E-02   7.1037814E+05   3.6352417E+05   1.0735234E+06   2.8454124E-04   2.6892174E-09   1.8828811E-04
   7.2463768E-02   7.2454782E+05   3.6174349E+05   1.0861398E+06   2.0502225E-04   1.1480121E-09   1.3676764E-04
   8.6956522E-02   7.2894269E+05   3.7394305E+05   1.1027595E+06   1.7143369E-04   4.4535912E-09   1.1331981E-04
   1.0144928E-01   7.5048406E+05   3.8244053E+05   1.1329246E+06   1.6405109E-04   1.1882214E-04   1.4856449E-04
   1.1594203E-01   7.7933218E+05   3.8881364E+05   1.1679564E+06   1.3864818E-04   5.2254024E-09   9.2514965E-05
   1.3043478E-01   7.9840189E+05   4.0328430E+05   1.2016862E+06   1.1517647E-04   1.9210051E-08   7.6517001E-05
   1.4492754E-01   8.2358400E+05   4.2395367E+05   1.2475377E+06   1.5481260E-04   0.0000000E+00   1.0220227E-04
   1.5942029E-01   8.3895228E+05   4.2867231E+05   1.2676246E+06   1.0599764E-04   1.2343852E-07   7.0175950E-05
   1.7391304E-01   8.4898081E+05   4.2584802E+05   1.2747657E+06   9.1921120E-05   1.6914744E-09   6.1218153E-05
   1.8840580E-01   8.7069774E+05   4.3488257E+05   1.3054637E+06   3.1310667E-05   2.0885247E-10   2.0883036E-05
   2.0289855E-01   8.6625540E+05   4.3607746E+05   1.3022787E+06   5.7694794E-05   4.3393608E-05   3.3797189E-05
   2.1739130E-01   8.5917237E+05   4.2852535E+05   1.2874451E+06   7.8293505E-05   1.3107196E-09   5.2248731E-05
   2.3188406E-01   8.4710225E+05   4.2570594E+05   1.2727135E+06   5.5873000E-05   2.3868665E-05   2.9910123E-05
   2.4637681E-01   8.3065770E+05   4.1341222E+05   1.2440253E+06   5.9078120E-05   1.2835600E-08   3.9445506E-05
   2.6086957E-01   8.0736844E+05   4.0475768E+05   1.2121261E+06   1.4325035E-04   6.7259857E-09   9.5417901E-05
   2.7536232E-01   7.7492534E+05   3.8935701E+05   1.1642824E+06   1.0830560E-04   4.3665955E-09   7.2087714E-05
   2.8985507E-01   7.4587810E+05   3.7830004E+05   1.1241024E+06   3.3121147E-05   7.2094800E-09   2.1976095E-05
   3.0434783E-01   7.2840145E+05   3.6291979E+05   1.0912130E+06   7.4759048E-05   1.5590912E-09   4.9902464E-05
   3.1884058E-01   6.8354737E+05   3.3361080E+05   1.0170204E+06   6.4045228E-06   4.5679589E-08   4.2958065E-06
   3.3333333E-01   6.4529515E+05   3.2510198E+05   9.7029830E+05   9.4644694E-05   8.1033954E-09   6.2945485E-05
   3.4782609E-01   6.1060948E+05   3.0789367E+05   9.1840843E+05   3.9761407E-05   1.8664459E-09   2.6436241E-05
   3.6231884E-01   5.7336419E+05   2.8948572E+05   8.6278930E+05   6.9789042E-05   6.5588833E-10   4.6378325E-05
   3.7681159E-01   5.4533726E+05   2.7153203E+05   8.1678186E+05   2.5316578E-04   4.1543422E-05   1.5633624E-04
   3.9130435E-01   5.0880615E+05   2.5485210E+05   7.6360213E+05   1.2368224E-04   1.4458281E-08   8.2409056E-05
   4.0579710E-01   4.8124398E+05   2.3765870E+05   7.1882149E+05   8.1299206E-05   4.6705397E-08   5.4413593E-05
   4.2028986E-01   4.5270848E+05   2.2415941E+05   6.7676337E+05   8.0333250E-05   5.8423465E-06   5.4198324E-05
   4.3478261E-01   4.0427778E+05   2.1115596E+05   6.1540848E+05   1.9986111E-04   2.9974892E-08   1.3129408E-04
   4.4927536E-01   3.8862115E+05   1.9676711E+05   5.8531492E+05   1.3901980E-04   3.9287254E-05   8.8893416E-05
   4.6376812E-01   3.6125096E+05   1.7892057E+05   5.4005314E+05   1.1989660E-04   1.3202820E-05   7.6842396E-05
   4.7826087E-01   3.3156720E+05   1.6780423E+05   4.9930255E+05   2.7920552E-04   8.7312992E-09   1.8541096E-04
   4.9275362E-01   3.1085033E+05   1.5375369E+05   4.6460402E+05   7.2875587E-06   2.4865493E-09   4.8765547E-06
   5.0724638E-01   2.8493064E+05   1.4632978E+05   4.3119547E+05   1.3044777E-04   3.5907308E-08   8.6189125E-05
   5.2173913E-01   2.6499736E+05   1.3363528E+05   3.9861159E+05   6.8869249E-05   8.6201201E-09   4.5782375E-05
   5.3623188E-01   2.4589579E+05   1.2295814E+05   3.6885393E+05   1.0578399E-04   3.0144479E-08   7.0529312E-05
   5.5072464E-01   2.2572577E+05   1.1541526E+05   3.4112109E+05   1.1524293E-04   1.7566552E-08   7.6252421E-05
   5.6521739E-01   2.0886332E+05   1.0829806E+05   3.1716138E+05   1.2414886E-04   2.1491155E-08   8.1753182E-05
   5.7971014E-01   1.9504142E+05   9.8297391E+04   2.9331987E+05   8.7479322E-05   1.0679568E-08   5.8166688E-05
   5.9420290E-01   1.8278087E+05   9.0669663E+04   2.7345054E+05   1.7959140E-04   1.0573053E-08   1.2004627E-04
   6.0869565E-01   1.6374329E+05   8.2683505E+04   2.4642679E+05   3.4612457E-04   2.8521455E-08   2.2999279E-04
   6.2318841E-01   1.5628760E+05   7.7535847E+04   2.3382344E+05   9.9115536E-05   9.6031704E-09   6.6248780E-05
   6.3768116E-01   1.4169676E+05   7.1623338E+04   2.1330288E+05   2.1020660E-04   3.8858762E-09   1.3963861E-04
   6.5217391E-01   1.3080219E+05   6.4272909E+04   1.9507510E+05   5.6234847E-05   1.2535578E-08   3.7708486E-05
   6.6666667E-01   1.2181441E+05   6.0058868E+04   1.8187328E+05   3.3608132E-04   6.8681143E-09   2.2509799E-04
   6.8115942E-01   1.1119383E+05   5.4331332E+04   1.6550904E+05   1.7350276E-05   1.5283924E-07   1.1675157E-05
   6.9565217E-01   1.0175772E+05   5.0484207E+04   1.5224193E+05   1.5888254E-04   1.6836957E-08   1.0619184E-04
   7.1014493E-01   9.2583052E+04   4.6175546E+04   1.3875860E+05   1.5451083E-04   1.2612533E-08   1.0309741E-04
   7.2463768E-01   8.6412291E+04   4.3024289E+04   1.2943658E+05   2.5501460E-04   4.7060906E-08   1.7026256E-04
   7.3913043E-01   7.7229711E+04   3.8540568E+04   1.1577028E+05   2.6543702E-04   2.8404635E-08   1.7706238E-04
   7.5362319E-01   7.3107018E+04   3.6837660E+04   1.0993011E+05   1.5533913E-04   5.6352700E-09   1.0330631E-04
   7.6811594E-01   6.5622856E+04   3.2811428E+04   9.8405690E+04   1.1907048E-04   1.3535299E-09   7.9403309E-05
   7.8260870E-01   5.9720876E+04   3.0014792E+04   8.9735668E+04   4.5391064E-04   2.0179363E-09   3.0208596E-04
   7.9710145E-01   5.6017406E+04   2.6947872E+04   8.2965278E+04   3.2724052E-04   7.5195888E-08   2.2095909E-04
   8.1159420E-01   4.9523505E+04   2.3909299E+04   7.3432803E+04   1.3310002E-04   2.8573245E-06   8.8851184E-05
   8.2608696E-01   4.4746345E+04   2.2120594E+04   6.6866939E+04   1.7979700E-04   9.1580070E-09   1.2032037E-04
   8.4057971E-01   4.1179069E+04   1.9348414E+04   6.0527484E+04   1.4421611E-04   3.4476798E-09   9.8116383E-05
   8.5507246E-01   3.6923610E+04   1.8853516E+04   5.5777126E+04   3.6122855E-04   4.9875983E-08   2.3912415E-04
   8.6956522E-01   3.3933975E+04   1.5116847E+04   4.9050821E+04   1.6185179E-04   2.8667533E-08   1.1196677E-04
   8.8405797E-01   2.9116964E+04   1.4384575E+04   4.3501539E+04   8.9300702E-04   8.0478930E-09   5.9771637E-04
   8.9855072E-01   2.5457508E+04   1.3101512E+04   3.8559020E+04   3.0165057E-04   4.4195963E-09   1.9915527E-04
   9.1304348E-01   2.1721785E+04   1.1137526E+04   3.2859311E+04   3.2604008E-04   2.6716576E-09   2.1553073E-04
   9.2753623E-01   2.0091862E+04   8.9862835E+03   2.9078145E+04   1.8391739E-04   3.5668105E-08   1.2708810E-04
   9.4202899E-01   1.5492801E+04   8.3700760E+03   2.3862877E+04   5.0798992E-04   1.1713896E-07   3.2982285E-04
   9.5652174E-01   1.2123787E+04   6.4866852E+03   1.8610472E+04   1.0458908E-03   3.6196255E-08   6.8133877E-04
   9.7101449E-01   9.1154592E+03   4.4672536E+03   1.3582713E+04   5.8923180E-04   0.0000000E+00   3.9543783E-04
   9.8550725E-01   4.1786949E+03   1.8609122E+03   6.0396071E+03   1.4445726E-07   4.7429417E-09   1.0125051E-07
   1.0000000E+00   0.0000000E+00   0.0000000E+00   0.0000000E+00   0.0000000E+00   0.0000000E+00   0.0000000E+00
