   0.0000000E+00   8.3047941E+05   3.2128035E+05   1.1517598E+06   1.2349548E-03   6.4887541E-10   8.9046755E-04
   1.4492754E-02   7.0999927E+05   3.3113093E+05   1.0411302E+06   1.1199600E-03   1.9188846E-08   7.6375343E-04
   2.8985507E-02   6.7855320E+05   3.5613624E+05   1.0346894E+06   4.0287855E-04   1.3379524E-07   2.6419801E-04
   4.3478261E-02   6.5998865E+05   3.4603309E+05   1.0060217E+06   2.0473029E-04   1.1383639E-08   1.3431027E-04
   5.7971014E-02   6.9541284E+05   3.5215812E+05   1.0475710E+06   1.7013538E-04   1.9428480E-08   1.1293533E-04
   7.2463768E-02   6.9257133E+05   3.6310742E+05   1.0556787E+06   3.9543072E-04   3.0766663E-08   2.5942429E-04
   8.6956522E-02   7.3007930E+05   3.6560795E+05   1.0956872E+06   1.2544091E-04   7.9784394E-09   8.3586033E-05
   1.0144928E-01   7.3695305E+05   3.8428075E+05   1.1212338E+06   1.5670937E-04   1.1441417E-07   1.0297924E-04
   1.1594203E-01   7.5432687E+05   3.8511967E+05   1.1393518E+06   4.7516182E-04   9.7643470E-09   3.1459149E-04
   1.3043478E-01   7.9621287E+05   3.9932723E+05   1.1955401E+06   1.2151852E-04   3.3003170E-08   8.0932549E-05
   1.4492754E-01   8.0479213E+05   4.0197931E+05   1.2067714E+06   1.5806794E-04   2.5274308E-08   1.0540696E-04
   1.5942029E-01   8.4115660E+05   4.1592855E+05   1.2569474E+06   5.2327694E-05   4.5061993E-08   3.5032868E-05
   1.7391304E-01   8.4020369E+05   4.2748978E+05   1.2675672E+06   1.1419365E-04   2.5542368E-08   7.5684610E-05
   1.8840580E-01   8.4510955E+05   4.2584802E+05   1.2707827E+06   2.6511614E-04   5.6863836E-08   1.7975396E-04
   2.0289855E-01   8.4687899E+05   4.3402075E+05   1.2807374E+06   2.1144005E-04   1.8858937E-08   1.3981155E-04
   2.1739130E-01   8.4219907E+05   4.2478719E+05   1.2669863E+06   3.6359651E-04   3.0203822E-08   2.4169895E-04
   2.3188406E-01   8.4023527E+05   4.1888631E+05   1.2589795E+06   2.4319886E-04   3.5238502E-08   1.6231035E-04
   2.4637681E-01   8.1496809E+05   4.1760206E+05   1.2325256E+06   3.5127464E-04   4.4638766E-08   2.3226428E-04
   2.6086957E-01   7.9313983E+05   3.9705402E+05   1.1900676E+06   2.2235945E-04   5.0216485E-08   1.4821163E-04
   2.7536232E-01   7.6148549E+05   3.8983558E+05   1.1512812E+06   1.8112237E-04   1.1678752E-07   1.1977374E-04
   2.8985507E-01   7.4311237E+05   3.7663302E+05   1.1196696E+06   2.9969567E-04   1.0519234E-08   1.9890823E-04
   3.0434783E-01   7.0133943E+05   3.5541459E+05   1.0566097E+06   7.0389622E-04   9.4530016E-07   4.6694422E-04
   3.1884058E-01   6.6983923E+05   3.3908717E+05   1.0088920E+06   3.1924398E-04   1.7724942E-07   2.1199814E-04
   3.3333333E-01   6.3926620E+05   3.2134624E+05   9.6061244E+05   1.0528484E-03   4.7181825E-08   7.0063157E-04
   3.4782609E-01   5.9368669E+05   3.1120877E+05   9.0486389E+05   9.4817090E-04   1.6280666E-07   6.2214296E-04
   3.6231884E-01   5.6557466E+05   2.8681849E+05   8.5236284E+05   6.9402079E-04   3.5093705E-07   4.6039091E-04
   3.7681159E-01   5.3997482E+05   2.6882166E+05   8.0865076E+05   1.1620214E-03   5.9240490E-08   7.7592342E-04
   3.9130435E-01   5.1234226E+05   2.5173697E+05   7.6399503E+05   1.2149231E-03   1.9336562E-07   8.1474130E-04
   4.0579710E-01   4.7547977E+05   2.3692802E+05   7.1238073E+05   1.0387209E-03   1.9026062E-07   6.9324125E-04
   4.2028986E-01   4.4583659E+05   2.2470812E+05   6.7046632E+05   1.3279313E-03   1.0151815E-07   8.8299718E-04
   4.3478261E-01   4.1354742E+05   2.0777140E+05   6.2126831E+05   1.2159128E-03   3.0739160E-08   8.0936320E-04
   4.4927536E-01   3.8023716E+05   1.9385838E+05   5.7404665E+05   1.4065494E-03   1.1082950E-06   9.3162514E-04
   4.6376812E-01   3.6115625E+05   1.8353803E+05   5.4464692E+05   1.8746556E-03   4.0487334E-07   1.2431607E-03
   4.7826087E-01   3.3200348E+05   1.6798793E+05   4.9999140E+05   1.9363351E-03   6.0919471E-07   1.2856225E-03
   4.9275362E-01   3.1296754E+05   1.5589318E+05   4.6886072E+05   2.4785468E-03   1.0378303E-06   1.6541788E-03
   5.0724638E-01   2.8726880E+05   1.4405657E+05   4.3128207E+05   3.2882948E-03   2.3585126E-07   2.1903475E-03
   5.2173913E-01   2.6884919E+05   1.3302488E+05   4.0187407E+05   3.3094937E-03   1.0111739E-07   2.2140106E-03
   5.3623188E-01   2.5095420E+05   1.2363396E+05   3.7452672E+05   3.5837572E-03   6.7607063E-07   2.4012150E-03
   5.5072464E-01   2.3134897E+05   1.1479711E+05   3.4614608E+05   3.8537279E-03   4.5986596E-07   2.5755897E-03
   5.6521739E-01   2.1815045E+05   1.0672430E+05   3.2487475E+05   3.6636563E-03   3.9585000E-08   2.4601169E-03
   5.7971014E-01   2.0104649E+05   9.7520711E+04   2.9854825E+05   4.7238825E-03   1.5049590E-07   3.1810927E-03
   5.9420290E-01   1.8488775E+05   9.0780551E+04   2.7563134E+05   5.0690524E-03   6.8012497E-08   3.4002191E-03
   6.0869565E-01   1.6951652E+05   8.7392298E+04   2.5689078E+05   5.0802600E-03   1.4222619E-07   3.3523065E-03
   6.2318841E-01   1.5420823E+05   7.6249457E+04   2.3047530E+05   5.2915538E-03   5.4234858E-07   3.5403363E-03
   6.3768116E-01   1.4383220E+05   7.1451125E+04   2.1528332E+05   6.3885470E-03   5.9384929E-08   4.2682481E-03
   6.5217391E-01   1.3411939E+05   6.6731344E+04   2.0085074E+05   6.3976418E-03   1.8376476E-07   4.2721121E-03
   6.6666667E-01   1.2382406E+05   6.1113111E+04   1.8492070E+05   6.8222876E-03   1.1252175E-07   4.5682096E-03
   6.8115942E-01   1.1296725E+05   5.6894740E+04   1.6986199E+05   8.7152651E-03   2.2890850E-07   5.7961707E-03
   6.9565217E-01   1.0472552E+05   5.1762887E+04   1.5648841E+05   9.9205124E-03   1.8735490E-07   6.6389676E-03
   7.1014493E-01   9.4036669E+04   4.7861123E+04   1.4189779E+05   8.3122365E-03   1.3315272E-06   5.5089974E-03
   7.2463768E-01   8.7412504E+04   4.3827490E+04   1.3123999E+05   8.6871859E-03   2.8775582E-07   5.7862020E-03
   7.3913043E-01   8.1062968E+04   3.8540568E+04   1.1960354E+05   1.0449084E-02   3.4874190E-06   7.0809543E-03
   7.5362319E-01   7.5525947E+04   3.6706514E+04   1.1223246E+05   1.0105700E-02   9.8654165E-07   6.8003366E-03
   7.6811594E-01   6.9068414E+04   3.4384089E+04   1.0345250E+05   1.0541601E-02   2.8710043E-07   7.0380083E-03
   7.8260870E-01   6.3537624E+04   3.0225274E+04   9.3762899E+04   1.3688458E-02   2.9690949E-07   9.2757708E-03
   7.9710145E-01   5.8263062E+04   2.8656224E+04   8.6919286E+04   1.2855809E-02   2.5551384E-07   8.6174620E-03
   8.1159420E-01   5.2906258E+04   2.5871295E+04   7.8777553E+04   1.5310812E-02   1.2394018E-05   1.0286540E-02
   8.2608696E-01   4.8402092E+04   2.3011267E+04   7.1413359E+04   1.5761486E-02   6.6030997E-07   1.0682507E-02
   8.4057971E-01   4.4562756E+04   2.0249860E+04   6.4812615E+04   1.7037508E-02   1.0758736E-06   1.1714037E-02
   8.5507246E-01   3.8824373E+04   1.9251649E+04   5.8076022E+04   1.7041748E-02   2.0020332E-07   1.1392637E-02
   8.6956522E-01   3.5676769E+04   1.7768925E+04   5.3445694E+04   1.5738793E-02   1.3127862E-06   1.0505729E-02
   8.8405797E-01   3.0942985E+04   1.5266531E+04   4.6209516E+04   2.1558820E-02   8.3504137E-07   1.4436024E-02
   8.9855072E-01   2.8292910E+04   1.3578153E+04   4.1871063E+04   1.8161609E-02   1.2756189E-06   1.2271715E-02
   9.1304348E-01   2.3826609E+04   1.1173609E+04   3.5000218E+04   2.4233867E-02   1.3457219E-06   1.6497194E-02
   9.2753623E-01   2.0932476E+04   9.4006707E+03   3.0333147E+04   2.1519578E-02   1.8929238E-07   1.4850346E-02
   9.4202899E-01   1.7684408E+04   8.1952137E+03   2.5879622E+04   2.3237606E-02   2.6274930E-07   1.5879104E-02
   9.5652174E-01   1.3834435E+04   6.7163024E+03   2.0550737E+04   2.2144496E-02   2.9409677E-07   1.4907400E-02
   9.7101449E-01   1.0370814E+04   5.0553477E+03   1.5426162E+04   2.4973235E-02   4.1008599E-07   1.6789322E-02
   9.8550725E-01   4.3569859E+03   1.9500576E+03   6.3070436E+03   2.6200681E-02   2.7110037E-06   1.8100093E-02
   1.0000000E+00   2.1884092E+01   0.0000000E+00   2.1884092E+01   1.1407916E-01   0.0000000E+00   1.1407916E-01
