   0.0000000E+00   5.8800367E+05   3.9402308E+05   9.8202674E+05   0.0000000E+00   0.0000000E+00   0.0000000E+00
   1.4492754E-02   6.6226186E+05   3.3188867E+05   9.9415053E+05   3.8947876E-04   0.0000000E+00   2.5945460E-04
   2.8985507E-02   7.0242191E+05   3.4855887E+05   1.0509808E+06   3.1732208E-04   1.6657065E-08   2.1208652E-04
   4.3478261E-02   7.0671575E+05   3.5512593E+05   1.0618417E+06   1.5940707E-04   2.7254977E-09   1.0609416E-04
   5.7971014E-02   7.0469512E+05   3.5954606E+05   1.0642412E+06   2.4636453E-04   1.5754539E-08   1.6313241E-04
   7.2463768E-02   7.1151475E+05   3.6053111E+05   1.0717428E+06   3.3343081E-04   6.5270707E-10   2.2135974E-04
   8.6956522E-02   7.2805866E+05   3.7470079E+05   1.1027595E+06   1.8778906E-04   1.4641163E-08   1.2398259E-04
   1.0144928E-01   7.4983457E+05   3.8124980E+05   1.1310844E+06   2.0505660E-04   3.8830626E-08   1.3595187E-04
   1.1594203E-01   7.6701896E+05   3.9506496E+05   1.1620839E+06   3.7094517E-05   2.3992716E-09   2.4484141E-05
   1.3043478E-01   8.1212534E+05   4.0623106E+05   1.2181038E+06   7.5683008E-05   7.6956393E-09   5.0458437E-05
   1.4492754E-01   8.1782520E+05   4.1076906E+05   1.2285185E+06   1.4218164E-04   2.4389129E-08   9.4658470E-05
   1.5942029E-01   8.4790735E+05   4.3204768E+05   1.2798861E+06   7.8891296E-05   6.1257394E-09   5.2266470E-05
   1.7391304E-01   8.5737906E+05   4.2982613E+05   1.2869526E+06   2.2193530E-04   1.0455997E-08   1.4785700E-04
   1.8840580E-01   8.7104746E+05   4.2952012E+05   1.3004510E+06   7.7819619E-05   7.8405630E-09   5.2125726E-05
   2.0289855E-01   8.6885336E+05   4.3759294E+05   1.3064463E+06   2.1537475E-05   1.1056133E-08   1.4320504E-05
   2.1739130E-01   8.6220331E+05   4.3034392E+05   1.2924462E+06   7.2054405E-05   2.3563667E-09   4.8068750E-05
   2.3188406E-01   8.4909131E+05   4.3579331E+05   1.2847899E+06   4.8359594E-05   2.7528265E-08   3.1963678E-05
   2.4637681E-01   8.1688472E+05   4.0650344E+05   1.2233882E+06   9.9477208E-05   2.1407924E-09   6.6422623E-05
   2.6086957E-01   8.1119922E+05   4.0522074E+05   1.2162095E+06   6.9786643E-05   9.5659201E-09   4.6546077E-05
   2.7536232E-01   7.7388844E+05   3.9099213E+05   1.1648407E+06   3.9714736E-05   6.7189157E-09   2.6384157E-05
   2.8985507E-01   7.4208942E+05   3.7310954E+05   1.1151232E+06   1.4650599E-04   2.9951401E-08   9.7490917E-05
   3.0434783E-01   7.1349929E+05   3.6071874E+05   1.0739655E+06   8.5737217E-05   8.3162775E-09   5.6957809E-05
   3.1884058E-01   6.8385736E+05   3.4666453E+05   1.0304186E+06   1.0828107E-04   1.4166836E-07   7.1847593E-05
   3.3333333E-01   6.4681062E+05   3.1778818E+05   9.6453291E+05   9.3076730E-05   2.0248853E-08   6.2418755E-05
   3.4782609E-01   6.1281954E+05   3.1281896E+05   9.2551221E+05   8.5869853E-05   1.7549960E-08   5.6858628E-05
   3.6231884E-01   5.7381884E+05   2.9051624E+05   8.6427446E+05   1.7076814E-04   7.4260777E-09   1.1337880E-04
   3.7681159E-01   5.4559956E+05   2.7459212E+05   8.2019167E+05   9.6692026E-05   6.4690199E-08   6.4337595E-05
   3.9130435E-01   5.0243555E+05   2.5367340E+05   7.5608089E+05   7.4038414E-05   1.6106157E-08   4.9197352E-05
   4.0579710E-01   4.7731999E+05   2.3966129E+05   7.1698128E+05   9.0260093E-05   5.3985725E-09   6.0090459E-05
   4.2028986E-01   4.4625465E+05   2.2314039E+05   6.6926439E+05   2.1717054E-04   2.4487536E-08   1.4481287E-04
   4.3478261E-01   4.2011448E+05   2.0592757E+05   6.2601679E+05   2.3506835E-04   1.0126833E-07   1.5775133E-04
   4.4927536E-01   3.8874336E+05   1.9180515E+05   5.8045074E+05   1.4118086E-04   1.0926653E-08   9.4555276E-05
   4.6376812E-01   3.6392672E+05   1.8152529E+05   5.4542834E+05   9.1110886E-05   8.8547257E-09   6.0792765E-05
   4.7826087E-01   3.3698617E+05   1.7051372E+05   5.0740804E+05   1.8480213E-04   1.1685270E-07   1.2270324E-04
   4.9275362E-01   3.0895599E+05   1.5353082E+05   4.6241995E+05   1.3564395E-04   5.9217307E-08   9.0626677E-05
   5.0724638E-01   2.9001830E+05   1.4345038E+05   4.3340373E+05   1.8734889E-04   5.6053738E-08   1.2534883E-04
   5.2173913E-01   2.6417648E+05   1.3447721E+05   3.9863264E+05   7.1680635E-05   3.1351770E-08   4.7513543E-05
   5.3623188E-01   2.4614155E+05   1.2576381E+05   3.7190536E+05   2.9689173E-04   3.3580693E-08   1.9648438E-04
   5.5072464E-01   2.2706178E+05   1.1561467E+05   3.4265650E+05   1.5788884E-04   3.4536965E-07   1.0468198E-04
   5.6521739E-01   2.0855245E+05   1.0802605E+05   3.1657850E+05   1.9136067E-04   2.8104864E-08   1.2605913E-04
   5.7971014E-01   1.9655690E+05   9.7634372E+04   2.9415338E+05   2.6578852E-04   3.1506889E-08   1.7761439E-04
   5.9420290E-01   1.8198617E+05   8.9375966E+04   2.7136214E+05   1.3391965E-04   4.1702465E-09   8.9812396E-05
   6.0869565E-01   1.6910157E+05   8.3116498E+04   2.5220003E+05   3.0464934E-04   5.4080700E-08   2.0428627E-04
   6.2318841E-01   1.5345049E+05   7.5844156E+04   2.2925940E+05   3.5449668E-04   1.8879350E-08   2.3727016E-04
   6.3768116E-01   1.3963021E+05   6.8230744E+04   2.0786095E+05   1.0240813E-04   1.4564016E-08   6.8787737E-05
   6.5217391E-01   1.2992658E+05   6.5367418E+04   1.9529400E+05   1.3869869E-04   1.2169546E-08   9.2278492E-05
   6.6666667E-01   1.1977181E+05   5.9976506E+04   1.7974832E+05   1.8238468E-04   2.0925048E-07   1.2148314E-04
   6.8115942E-01   1.1104873E+05   5.3525230E+04   1.6455784E+05   9.6828341E-05   6.8136625E-08   6.5354987E-05
   6.9565217E-01   1.0118942E+05   4.9979049E+04   1.5116847E+05   2.6405635E-04   1.7790576E-08   1.7675199E-04
   7.1014493E-01   9.2923260E+04   4.7072458E+04   1.3999572E+05   2.1860568E-04   3.3318358E-08   1.4511208E-04
   7.2463768E-01   8.7730753E+04   4.2069541E+04   1.2978514E+05   2.0523303E-04   7.6916928E-09   1.3872879E-04
   7.3913043E-01   7.9502921E+04   3.9714317E+04   1.1921724E+05   2.9665941E-04   2.0611189E-08   1.9784047E-04
   7.5362319E-01   7.2684434E+04   3.5453334E+04   1.0813777E+05   2.0897122E-04   2.4903414E-08   1.4045123E-04
   7.6811594E-01   6.7452862E+04   3.2582677E+04   1.0003554E+05   3.8794684E-04   3.0424168E-08   2.6159762E-04
   7.8260870E-01   6.0310227E+04   3.0028824E+04   9.0339051E+04   1.4005370E-04   2.9491741E-08   9.3506675E-05
   7.9710145E-01   5.4625926E+04   2.6631000E+04   8.1256927E+04   1.4539474E-04   3.5637692E-08   9.7751517E-05
   8.1159420E-01   4.9022857E+04   2.5411241E+04   7.4434098E+04   2.2854669E-04   8.6805492E-07   1.5081365E-04
   8.2608696E-01   4.5065392E+04   2.2678926E+04   6.7744318E+04   1.0653517E-04   1.5040720E-08   7.0870745E-05
   8.4057971E-01   4.0800201E+04   2.0419697E+04   6.1219898E+04   2.6744997E-04   4.9535709E-08   1.7825818E-04
   8.5507246E-01   3.7039197E+04   1.7530688E+04   5.4569884E+04   7.6702820E-04   4.2448913E-08   5.2063000E-04
   8.6956522E-01   3.1812312E+04   1.6998560E+04   4.8810871E+04   4.5344364E-04   1.4586362E-08   2.9552935E-04
   8.8405797E-01   2.8061101E+04   1.4570904E+04   4.2632005E+04   4.6278011E-04   6.0058341E-09   3.0461059E-04
   8.9855072E-01   2.6435233E+04   1.2490434E+04   3.8925667E+04   2.8832111E-04   6.7824623E-09   1.9580289E-04
   9.1304348E-01   2.2503577E+04   1.0860892E+04   3.3364469E+04   6.2251562E-04   5.0875613E-09   4.1987304E-04
   9.2753623E-01   1.9369644E+04   8.6074151E+03   2.7977059E+04   8.7310498E-04   5.2606665E-11   6.0448573E-04
   9.4202899E-01   1.5178049E+04   8.0320089E+03   2.3210058E+04   4.9919141E-04   5.7718620E-07   3.2647997E-04
   9.5652174E-01   1.2743753E+04   6.3603958E+03   1.9104149E+04   7.7947060E-04   8.5677772E-08   5.1993400E-04
   9.7101449E-01   9.0589117E+03   4.3993966E+03   1.3458308E+04   5.8752217E-04   0.0000000E+00   3.9546660E-04
   9.8550725E-01   3.9335448E+03   1.9946304E+03   5.9281752E+03   9.4932038E-04   6.0719087E-08   6.2991227E-04
   1.0000000E+00   0.0000000E+00   0.0000000E+00   0.0000000E+00   0.0000000E+00   0.0000000E+00   0.0000000E+00
