   0.0000000E+00   5.3344663E+05   3.0309467E+05   8.3654130E+05   1.0893896E-03   0.0000000E+00   6.9468324E-04
   1.4492754E-02   6.8878265E+05   3.4780114E+05   1.0365838E+06   2.6598674E-04   0.0000000E+00   1.7674119E-04
   2.8985507E-02   6.7627999E+05   3.3454075E+05   1.0108207E+06   6.0158607E-04   5.7649029E-08   4.0246672E-04
   4.3478261E-02   7.0267449E+05   3.4603309E+05   1.0487076E+06   7.6692363E-05   1.5173421E-08   5.1391098E-05
   5.7971014E-02   6.9503397E+05   3.5215812E+05   1.0471921E+06   1.9169395E-04   5.6098282E-08   1.2723133E-04
   7.2463768E-02   7.2454782E+05   3.5750017E+05   1.0820480E+06   3.0303229E-04   8.8844393E-08   2.0288733E-04
   8.6956522E-02   7.2805866E+05   3.7912092E+05   1.1071796E+06   5.0138748E-05   1.2864496E-07   3.2926207E-05
   1.0144928E-01   7.5513873E+05   3.8666221E+05   1.1418009E+06   9.9240724E-05   3.0448862E-08   6.5643282E-05
   1.1594203E-01   7.5319026E+05   3.9156043E+05   1.1446560E+06   1.7310938E-04   2.2577292E-08   1.1390759E-04
   1.3043478E-01   8.0345346E+05   4.0623106E+05   1.2096003E+06   2.2214435E-04   8.2417919E-07   1.4772667E-04
   1.4492754E-01   8.2600876E+05   4.1182989E+05   1.2378386E+06   2.7148409E-05   1.6715656E-07   1.8061227E-05
   1.5942029E-01   8.3461251E+05   4.2453920E+05   1.2591517E+06   4.3949153E-05   1.1275014E-08   2.9127952E-05
   1.7391304E-01   8.4752848E+05   4.2382739E+05   1.2712927E+06   4.4552362E-05   1.2099110E-07   2.9702139E-05
   1.8840580E-01   8.6976514E+05   4.3785523E+05   1.3075621E+06   8.9465718E-05   4.2908264E-08   5.9496615E-05
   2.0289855E-01   8.5267027E+05   4.3082743E+05   1.2834436E+06   2.9489932E-05   3.7107468E-08   1.9604423E-05
   2.1739130E-01   8.4351248E+05   4.2559544E+05   1.2690069E+06   1.5116347E-04   7.1651818E-08   1.0045505E-04
   2.3188406E-01   8.3194752E+05   4.2201197E+05   1.2537701E+06   1.4274256E-04   5.3454941E-08   9.4709564E-05
   2.4637681E-01   8.1483437E+05   4.1318936E+05   1.2279346E+06   2.2082051E-04   5.2276588E-08   1.4654756E-04
   2.6086957E-01   7.9772834E+05   3.9494920E+05   1.1925092E+06   7.2570012E-05   3.9225662E-08   4.8558661E-05
   2.7536232E-01   7.7321046E+05   3.8576773E+05   1.1588586E+06   9.0070524E-05   2.5052116E-08   6.0104920E-05
   2.8985507E-01   7.4667373E+05   3.7754230E+05   1.1240645E+06   2.2095564E-04   4.6311535E-08   1.4675936E-04
   3.0434783E-01   7.0332397E+05   3.5754347E+05   1.0606870E+06   4.3183962E-04   3.5189632E-08   2.8634685E-04
   3.1884058E-01   6.8223856E+05   3.4325472E+05   1.0253211E+06   3.5203837E-04   1.6163506E-08   2.3423794E-04
   3.3333333E-01   6.4654706E+05   3.2454192E+05   9.7099014E+05   5.0008803E-04   4.2926044E-08   3.3297652E-04
   3.4782609E-01   6.0438972E+05   3.0593619E+05   9.1016805E+05   5.1657174E-04   2.8037812E-07   3.4311953E-04
   3.6231884E-01   5.7115160E+05   2.9303193E+05   8.6409261E+05   5.2300604E-04   9.7615015E-07   3.4537993E-04
   3.7681159E-01   5.3298033E+05   2.7835166E+05   8.1127370E+05   4.1205623E-04   7.8937932E-08   2.7068826E-04
   3.9130435E-01   5.0981647E+05   2.5179309E+05   7.6155343E+05   1.0906129E-03   7.7977948E-08   7.3011705E-04
   4.0579710E-01   4.8094630E+05   2.3849762E+05   7.1936273E+05   6.2027541E-04   4.4855059E-08   4.1468656E-04
   4.2028986E-01   4.4447789E+05   2.2319265E+05   6.6764441E+05   1.1197253E-03   7.6463173E-09   7.4544387E-04
   4.3478261E-01   4.1683095E+05   2.0524561E+05   6.2200079E+05   1.0467486E-03   5.3718674E-09   7.0147213E-04
   4.4927536E-01   3.8615239E+05   1.9185404E+05   5.7793310E+05   1.8306494E-03   4.0156640E-08   1.2231594E-03
   4.6376812E-01   3.5805426E+05   1.8140690E+05   5.3941380E+05   1.3291352E-03   4.2517919E-07   8.8232331E-04
   4.7826087E-01   3.3583808E+05   1.6741388E+05   5.0325197E+05   1.6038493E-03   2.9448903E-08   1.0703139E-03
   4.9275362E-01   3.1281153E+05   1.5814410E+05   4.7093335E+05   1.7846854E-03   4.1320387E-08   1.1854477E-03
   5.0724638E-01   2.8763685E+05   1.4251945E+05   4.3015629E+05   2.2876823E-03   1.5340555E-07   1.5297384E-03
   5.2173913E-01   2.6661807E+05   1.3218295E+05   3.9880103E+05   2.6697055E-03   3.9145627E-07   1.7849454E-03
   5.3623188E-01   2.4636682E+05   1.2418690E+05   3.7051276E+05   2.4567429E-03   8.9047016E-07   1.6335190E-03
   5.5072464E-01   2.3170790E+05   1.1425872E+05   3.4596662E+05   2.3503511E-03   3.2480732E-08   1.5741153E-03
   5.6521739E-01   2.1164168E+05   1.0653001E+05   3.1811340E+05   2.9126279E-03   1.0270555E-07   1.9377505E-03
   5.7971014E-01   1.9687893E+05   9.8448939E+04   2.9530893E+05   3.3688227E-03   9.2730130E-07   2.2461765E-03
   5.9420290E-01   1.8239276E+05   9.1057772E+04   2.7341357E+05   2.9965244E-03   6.5398977E-08   1.9989460E-03
   6.0869565E-01   1.6570980E+05   8.3387118E+04   2.4906083E+05   2.8213001E-03   7.4762893E-08   1.8771319E-03
   6.2318841E-01   1.5745063E+05   7.8046878E+04   2.3549751E+05   4.4812913E-03   2.5726446E-07   2.9961890E-03
   6.3768116E-01   1.4531323E+05   6.9436234E+04   2.1474946E+05   4.1285332E-03   1.2362300E-07   2.7936156E-03
   6.5217391E-01   1.3289018E+05   6.6428249E+04   1.9930159E+05   5.7519780E-03   6.6795020E-08   3.8353198E-03
   6.6666667E-01   1.2020010E+05   6.0997803E+04   1.8116496E+05   4.8693321E-03   9.2108937E-08   3.2307427E-03
   6.8115942E-01   1.1183871E+05   5.6604543E+04   1.6844325E+05   6.3958067E-03   3.9852507E-08   4.2465395E-03
   6.9565217E-01   1.0339949E+05   5.2236473E+04   1.5563596E+05   5.6546620E-03   1.7897626E-07   3.7568252E-03
   7.1014493E-01   9.3758317E+04   4.7072458E+04   1.4083078E+05   7.8834769E-03   1.0533613E-07   5.2484530E-03
   7.2463768E-01   8.5002901E+04   4.4433679E+04   1.2939112E+05   7.6202248E-03   4.2168470E-07   5.0154079E-03
   7.3913043E-01   7.8641182E+04   4.0026326E+04   1.1866751E+05   7.2635721E-03   5.4979095E-07   4.8137625E-03
   7.5362319E-01   7.2567859E+04   3.6036208E+04   1.0858950E+05   7.2399231E-03   2.3075814E-08   4.8382676E-03
   7.6811594E-01   6.8124817E+04   3.3469086E+04   1.0159390E+05   8.7971645E-03   1.4087231E-07   5.8990182E-03
   7.8260870E-01   6.1867797E+04   3.0309467E+04   9.2177264E+04   9.7853501E-03   1.0309758E-07   6.5677905E-03
   7.9710145E-01   5.6830251E+04   2.7898487E+04   8.4728738E+04   8.4871214E-03   2.3253206E-07   5.6926299E-03
   8.1159420E-01   5.1986149E+04   2.5086497E+04   7.7072646E+04   1.0108341E-02   4.2512221E-07   6.8180490E-03
   8.2608696E-01   4.6580866E+04   2.2958092E+04   6.9538958E+04   1.0039350E-02   8.4273946E-07   6.7247064E-03
   8.4057971E-01   4.3243249E+04   2.0550341E+04   6.3793590E+04   1.1296330E-02   1.0636387E-07   7.6573202E-03
   8.5507246E-01   3.7360271E+04   1.8095779E+04   5.5456051E+04   1.3169485E-02   1.2028448E-07   8.8721465E-03
   8.6956522E-01   3.3757169E+04   1.6859641E+04   5.0616810E+04   1.0758056E-02   4.4978495E-07   7.1745899E-03
   8.8405797E-01   3.0085873E+04   1.4434263E+04   4.4520136E+04   1.4573939E-02   1.5500169E-07   9.8488291E-03
   8.9855072E-01   2.6349682E+04   1.3333721E+04   3.9683403E+04   1.4185464E-02   4.6880056E-08   9.4190994E-03
   9.1304348E-01   2.3441727E+04   1.1341995E+04   3.4783722E+04   1.4084282E-02   2.3204479E-07   9.4918372E-03
   9.2753623E-01   1.8931577E+04   9.8268976E+03   2.8758475E+04   1.4804132E-02   1.6028231E-07   9.7454728E-03
   9.4202899E-01   1.7357999E+04   8.3117885E+03   2.5658130E+04   1.3993252E-02   2.1490510E-07   9.4665478E-03
   9.5652174E-01   1.3512971E+04   6.0733743E+03   1.9586345E+04   1.5520313E-02   7.8496297E-07   1.0707659E-02
   9.7101449E-01   9.7148629E+03   5.3833233E+03   1.5098186E+04   1.4555283E-02   1.6220164E-06   9.3659663E-03
   9.8550725E-01   4.4795610E+03   1.9834872E+03   6.4630482E+03   1.8513923E-02   4.6402017E-07   1.2832184E-02
   1.0000000E+00   2.1884092E+01   0.0000000E+00   2.1884092E+01   3.6059175E-01   0.0000000E+00   3.6059175E-01
