   0.0000000E+00   6.6680828E+05   3.1521846E+05   9.8202674E+05   2.2627451E-03   0.0000000E+00   1.5364318E-03
   1.4492754E-02   6.5089581E+05   3.2734225E+05   9.7823806E+05   3.8140017E-04   9.8619257E-04   5.8377440E-04
   2.8985507E-02   6.7324904E+05   3.6333474E+05   1.0365838E+06   4.1550888E-04   4.9590519E-10   2.6986819E-04
   4.3478261E-02   7.0595801E+05   3.4653824E+05   1.0524963E+06   3.5168707E-04   2.0239978E-04   3.0008402E-04
   5.7971014E-02   6.9768605E+05   3.5367360E+05   1.0513596E+06   1.2036430E-04   2.2301794E-04   1.2290779E-04
   7.2463768E-02   7.0469512E+05   3.5280220E+05   1.0573458E+06   2.7449886E-04   2.0675856E-09   1.8294638E-04
   8.6956522E-02   7.4270824E+05   3.6661827E+05   1.1093265E+06   6.8182553E-05   1.5043794E-04   1.2393482E-05
   1.0144928E-01   7.5232428E+05   3.7821885E+05   1.1305431E+06   1.6925939E-04   1.4063897E-04   6.5648650E-05
   1.1594203E-01   7.7402802E+05   3.9336006E+05   1.1673881E+06   1.2938166E-04   5.6203754E-05   8.6984994E-05
   1.3043478E-01   7.9267676E+05   4.0850427E+05   1.2011810E+06   7.8363994E-05   7.7918161E-05   7.7310303E-05
   1.4492754E-01   8.2888816E+05   4.1698250E+05   1.2455676E+06   2.1444523E-04   2.6019370E-09   1.4270642E-04
   1.5942029E-01   8.4942282E+05   4.2095717E+05   1.2703111E+06   4.2622460E-05   3.7947468E-05   3.3919631E-05
   1.7391304E-01   8.4790735E+05   4.2723720E+05   1.2750814E+06   1.7522299E-04   8.3312256E-05   9.6493357E-05
   1.8840580E-01   8.6393639E+05   4.3534887E+05   1.2991687E+06   5.1550031E-05   4.3729839E-05   4.8836144E-05
   2.0289855E-01   8.6652602E+05   4.3407487E+05   1.3006009E+06   1.1455763E-04   4.3280400E-06   7.6660888E-05
   2.1739130E-01   8.5326202E+05   4.3812335E+05   1.2912843E+06   8.2130073E-05   4.8188888E-05   4.2135320E-05
   2.3188406E-01   8.4222432E+05   4.2168046E+05   1.2638574E+06   9.4755178E-05   5.9296865E-05   8.2412930E-05
   2.4637681E-01   8.2147571E+05   4.1385795E+05   1.2352445E+06   9.3445723E-05   4.1669083E-05   5.1465675E-05
   2.6086957E-01   8.0602135E+05   3.9840111E+05   1.2043804E+06   7.2302452E-05   7.8268729E-05   6.9295369E-05
   2.7536232E-01   7.7871403E+05   3.9394331E+05   1.1725377E+06   8.9583653E-05   6.4839523E-05   7.8640240E-05
   2.8985507E-01   7.4405954E+05   3.7333686E+05   1.1172827E+06   6.3224818E-05   5.3378284E-05   4.0259578E-05
   3.0434783E-01   7.1241681E+05   3.6046617E+05   1.0728469E+06   1.3661529E-04   4.8144830E-05   1.0650531E-04
   3.1884058E-01   6.7838099E+05   3.4570014E+05   1.0239089E+06   8.2322826E-05   5.1471016E-05   5.6624131E-05
   3.3333333E-01   6.4503159E+05   3.2991196E+05   9.7487766E+05   8.2146260E-05   5.5344074E-05   7.1255642E-05
   3.4782609E-01   6.0540004E+05   3.0963015E+05   9.1493547E+05   1.9143578E-04   3.8703939E-05   1.3626653E-04
   3.6231884E-01   5.8066878E+05   2.8427249E+05   8.6494127E+05   2.1752158E-04   3.7680893E-05   1.5698230E-04
   3.7681159E-01   5.4484182E+05   2.7319322E+05   8.1794761E+05   1.5036668E-04   5.9241214E-05   9.8568736E-05
   3.9130435E-01   5.0527005E+05   2.5344889E+05   7.5869087E+05   1.9421535E-04   5.8448067E-05   1.3264871E-04
   4.0579710E-01   4.7699524E+05   2.3949892E+05   7.1641297E+05   3.4991793E-04   5.2790755E-05   2.1970614E-04
   4.2028986E-01   4.4466079E+05   2.2392425E+05   6.6858504E+05   4.1471988E-04   6.8469152E-08   2.7584317E-04
   4.3478261E-01   4.1683095E+05   2.0870594E+05   6.2551163E+05   1.7972888E-04   2.2280138E-05   1.2563298E-04
   4.4927536E-01   3.8551687E+05   1.9314953E+05   5.7864195E+05   4.8848015E-04   4.2402464E-05   3.2570403E-04
   4.6376812E-01   3.6006700E+05   1.8095699E+05   5.4097663E+05   4.0362003E-04   6.7827504E-05   2.9129234E-04
   4.7826087E-01   3.3886903E+05   1.6369409E+05   5.0254015E+05   6.2378976E-04   5.5553886E-05   4.3602812E-04
   4.9275362E-01   3.1049375E+05   1.5749780E+05   4.6794698E+05   5.4176915E-04   1.0421627E-04   3.6473488E-04
   5.0724638E-01   2.8631622E+05   1.4812670E+05   4.3442127E+05   4.6639138E-04   8.4010344E-05   3.2571984E-04
   5.2173913E-01   2.6960692E+05   1.3195142E+05   4.0151625E+05   8.6890242E-04   9.1900965E-05   6.0800548E-04
   5.3623188E-01   2.4734983E+05   1.2256903E+05   3.6985742E+05   2.9099513E-04   8.1483887E-05   1.9694956E-04
   5.5072464E-01   2.3029213E+05   1.1443818E+05   3.4473031E+05   7.6079463E-04   6.7000719E-05   5.0948241E-04
   5.6521739E-01   2.1436177E+05   1.0252760E+05   3.1686994E+05   1.6778025E-03   1.1472274E-04   1.1267358E-03
   5.7971014E-01   1.9771244E+05   9.7766976E+04   2.9546048E+05   5.9841700E-04   2.3419753E-04   4.3207450E-04
   5.9420290E-01   1.7925093E+05   9.1408918E+04   2.7065985E+05   1.1301606E-03   8.1474739E-05   7.5707800E-04
   6.0869565E-01   1.6475360E+05   8.5732493E+04   2.5048610E+05   9.2926474E-04   1.4624193E-04   6.4987925E-04
   6.2318841E-01   1.5655192E+05   7.7782552E+04   2.3433447E+05   1.1279396E-03   9.9469453E-05   7.6677922E-04
   6.3768116E-01   1.4126623E+05   7.0348963E+04   2.1161519E+05   1.6207887E-03   1.6895574E-04   1.1144971E-03
   6.5217391E-01   1.3016232E+05   6.6226186E+04   1.9637167E+05   1.7832262E-03   8.6631620E-05   1.2107273E-03
   6.6666667E-01   1.2237447E+05   6.0223594E+04   1.8259807E+05   1.5586501E-03   3.4207032E-04   1.1563959E-03
   6.8115942E-01   1.1151627E+05   5.4282966E+04   1.6579924E+05   9.6113179E-04   1.2403672E-04   6.0950142E-04
   6.9565217E-01   1.0111049E+05   5.1336660E+04   1.5244715E+05   1.7778920E-03   6.1510658E-05   1.1997066E-03
   7.1014493E-01   9.3959349E+04   4.6747714E+04   1.4070706E+05   1.4606070E-03   1.3343251E-04   1.0168852E-03
   7.2463768E-01   8.6442601E+04   4.2918206E+04   1.2936081E+05   1.4755291E-03   9.8649645E-05   9.8421576E-04
   7.3913043E-01   7.8358888E+04   3.9744032E+04   1.1810292E+05   2.3638650E-03   1.9710247E-04   1.6238455E-03
   7.5362319E-01   7.3485886E+04   3.6152783E+04   1.0962410E+05   2.9795365E-03   8.3692446E-05   1.9999532E-03
   7.6811594E-01   6.5479887E+04   3.2840022E+04   9.8319909E+04   1.8874667E-03   2.5529884E-04   1.3384600E-03
   7.8260870E-01   5.9496362E+04   2.9453506E+04   8.8949867E+04   2.5173635E-03   6.0637010E-05   1.7010127E-03
   7.9710145E-01   5.4226393E+04   2.7719386E+04   8.1945778E+04   2.8339507E-03   5.1616475E-04   2.0327930E-03
   8.1159420E-01   4.9712939E+04   2.4978249E+04   7.4691187E+04   2.1464585E-03   1.6402871E-04   1.4682133E-03
   8.2608696E-01   4.5676899E+04   2.3130909E+04   6.8807808E+04   2.6664864E-03   5.3187114E-04   1.9431464E-03
   8.4057971E-01   4.1257456E+04   2.0419697E+04   6.1677153E+04   1.7411264E-03   2.4036244E-04   1.1282789E-03
   8.5507246E-01   3.7463015E+04   1.8404011E+04   5.5867027E+04   3.2997521E-03   4.9543667E-04   2.3468722E-03
   8.6956522E-01   3.2469017E+04   1.6682836E+04   4.9151853E+04   4.7710467E-03   1.2787452E-04   3.1281686E-03
   8.8405797E-01   2.9402668E+04   1.4657857E+04   4.4060525E+04   5.4885818E-03   2.8421841E-04   3.6644353E-03
   8.9855072E-01   2.5934149E+04   1.2991518E+04   3.8925667E+04   3.1965722E-03   2.8594436E-04   2.1250418E-03
   9.1304348E-01   2.1649620E+04   1.1305912E+04   3.2955532E+04   4.2192598E-03   1.5051090E-04   2.7586078E-03
   9.2753623E-01   1.9428842E+04   9.5190671E+03   2.8947909E+04   3.6900452E-03   7.4768454E-09   2.4766335E-03
   9.4202899E-01   1.6203908E+04   7.7638866E+03   2.3967794E+04   4.7674160E-03   8.3065382E-04   3.4700926E-03
   9.5652174E-01   1.2112306E+04   5.6715443E+03   1.7783850E+04   5.5667994E-03   6.6657177E-08   3.7914792E-03
   9.7101449E-01   9.2285542E+03   4.7839197E+03   1.4012474E+04   3.4683543E-03   9.9480684E-08   2.2842535E-03
   9.8550725E-01   4.0672631E+03   2.0392031E+03   6.1064662E+03   4.1919670E-03   5.9904302E-08   2.7921148E-03
   1.0000000E+00   0.0000000E+00   0.0000000E+00   0.0000000E+00   0.0000000E+00   0.0000000E+00   0.0000000E+00
