   0.0000000E+00   7.1530343E+05   3.3340414E+05   1.0487076E+06   5.2332670E-03   0.0000000E+00   3.5695116E-03
   1.4492754E-02   6.8196302E+05   3.4780114E+05   1.0297642E+06   7.0253802E-04   0.0000000E+00   4.6525697E-04
   2.8985507E-02   6.9332907E+05   3.2772112E+05   1.0210502E+06   1.0581003E-04   8.8400452E-09   7.1850437E-05
   4.3478261E-02   6.6352476E+05   3.5436819E+05   1.0178929E+06   2.6808922E-04   1.9763866E-08   1.7475509E-04
   5.7971014E-02   7.1776607E+05   3.5556794E+05   1.0733340E+06   1.1084697E-04   1.3508757E-09   7.4126416E-05
   7.2463768E-02   7.2303234E+05   3.5265065E+05   1.0756830E+06   1.7112257E-04   2.6096490E-09   1.1502198E-04
   8.6956522E-02   7.3513087E+05   3.6055637E+05   1.0956872E+06   1.1625410E-04   7.1570413E-09   7.7996853E-05
   1.0144928E-01   7.5243253E+05   3.7919309E+05   1.1316256E+06   9.4536446E-05   2.0697593E-09   6.2858603E-05
   1.1594203E-01   7.9249785E+05   4.0160044E+05   1.1940983E+06   2.3855533E-04   6.8902153E-09   1.5832368E-04
   1.3043478E-01   8.0892601E+05   4.0842007E+05   1.2171777E+06   2.4140697E-04   1.9456868E-09   1.6043759E-04
   1.4492754E-01   8.1994687E+05   4.0175199E+05   1.2216989E+06   3.2026858E-05   3.9560738E-09   2.1495611E-05
   1.5942029E-01   8.5362482E+05   4.1331092E+05   1.2669357E+06   5.9659068E-05   1.0202246E-09   4.0196234E-05
   1.7391304E-01   8.6224120E+05   4.3045758E+05   1.2925725E+06   3.1476804E-05   4.3177771E-09   2.0998208E-05
   1.8840580E-01   8.7442813E+05   4.3622318E+05   1.3105347E+06   9.3169859E-05   4.9648299E-08   6.2178124E-05
   2.0289855E-01   8.6609303E+05   4.2736349E+05   1.2934565E+06   7.6179106E-05   4.3283872E-09   5.1008233E-05
   2.1739130E-01   8.5725277E+05   4.3251610E+05   1.2896678E+06   7.3155696E-05   2.5664208E-08   4.8620928E-05
   2.3188406E-01   8.5557943E+05   4.2778972E+05   1.2832744E+06   1.1258957E-04   1.9857789E-09   7.5065136E-05
   2.4637681E-01   8.2789419E+05   4.1345679E+05   1.2411727E+06   6.7380732E-05   5.1048033E-08   4.4959019E-05
   2.6086957E-01   8.0585296E+05   4.1001974E+05   1.2157043E+06   1.3917113E-04   1.4724009E-07   9.2301913E-05
   2.7536232E-01   7.7927236E+05   3.8648559E+05   1.1656383E+06   2.0807660E-04   2.8720118E-09   1.3910685E-04
   2.8985507E-01   7.4769667E+05   3.7617838E+05   1.1237614E+06   7.4727246E-05   1.5561811E-09   4.9719396E-05
   3.0434783E-01   7.1725190E+05   3.6003317E+05   1.0770686E+06   1.0751455E-04   1.2441308E-08   7.1593670E-05
   3.1884058E-01   6.8268631E+05   3.4628566E+05   1.0289031E+06   6.1949529E-05   6.0067320E-09   4.1106081E-05
   3.3333333E-01   6.4509748E+05   3.2078618E+05   9.6578482E+05   2.2913503E-04   8.2237312E-09   1.5305296E-04
   3.4782609E-01   6.0697866E+05   3.0603090E+05   9.1297799E+05   1.3065713E-04   8.0094558E-09   8.6867561E-05
   3.6231884E-01   5.7390976E+05   2.9100120E+05   8.6478972E+05   1.3250784E-05   1.6507971E-08   8.7992583E-06
   3.7681159E-01   5.4218974E+05   2.6879252E+05   8.1089483E+05   1.3924996E-04   7.7165297E-08   9.3083843E-05
   3.9130435E-01   5.0381070E+05   2.5364534E+05   7.5745604E+05   1.0648843E-04   3.9337756E-09   7.0829089E-05
   4.0579710E-01   4.7177227E+05   2.4096027E+05   7.1265135E+05   2.1575579E-04   1.8409510E-08   1.4283394E-04
   4.2028986E-01   4.4413821E+05   2.2415941E+05   6.6819311E+05   1.4759235E-04   9.7412204E-08   9.8133482E-05
   4.3478261E-01   4.1912942E+05   2.0820078E+05   6.2730494E+05   1.6516946E-04   1.2963507E-08   1.1035927E-04
   4.4927536E-01   3.8605462E+05   1.9363839E+05   5.7966856E+05   1.1031901E-04   7.9235696E-06   7.3551561E-05
   4.6376812E-01   3.6328738E+05   1.8263822E+05   5.4592560E+05   1.6348513E-04   1.7024027E-08   1.0879193E-04
   4.7826087E-01   3.3384041E+05   1.6789608E+05   5.0173649E+05   9.7738937E-05   7.5294644E-09   6.5035014E-05
   4.9275362E-01   3.0877770E+05   1.5529145E+05   4.6402457E+05   2.2444686E-04   5.2586095E-08   1.4933713E-04
   5.0724638E-01   2.8586158E+05   1.4414317E+05   4.2998309E+05   2.6351718E-04   6.5270747E-08   1.7518931E-04
   5.2173913E-01   2.6800726E+05   1.3399310E+05   4.0195826E+05   6.4628148E-05   2.6310628E-08   4.3099823E-05
   5.3623188E-01   2.4943872E+05   1.2197513E+05   3.7141385E+05   2.6285551E-04   1.6550331E-08   1.7653152E-04
   5.5072464E-01   2.2395107E+05   1.1417895E+05   3.3813003E+05   4.6249713E-05   1.8936547E-08   3.0628132E-05
   5.6521739E-01   2.1035936E+05   1.0695745E+05   3.1729738E+05   1.3397504E-04   2.4569461E-08   8.8819328E-05
   5.7971014E-01   1.9500354E+05   9.9206675E+04   2.9421021E+05   1.7873113E-04   5.7460157E-09   1.1846168E-04
   5.9420290E-01   1.8048918E+05   9.0928402E+04   2.7139910E+05   2.6530618E-04   1.7182305E-08   1.7643145E-04
   6.0869565E-01   1.6507835E+05   8.3784028E+04   2.4886238E+05   1.8040834E-04   3.8795012E-05   1.2860213E-04
   6.2318841E-01   1.5387341E+05   7.8293583E+04   2.3214937E+05   4.5743265E-04   7.6294747E-08   3.0317163E-04
   6.3768116E-01   1.4040516E+05   6.9677332E+04   2.1008250E+05   2.9956485E-04   3.5195383E-08   2.0020146E-04
   6.5217391E-01   1.3113896E+05   6.4441295E+04   1.9554658E+05   3.5151733E-04   2.6424121E-08   2.3573479E-04
   6.6666667E-01   1.1879993E+05   6.0981331E+04   1.7978126E+05   5.1090164E-04   1.7836884E-08   3.3760608E-04
   6.8115942E-01   1.1137117E+05   5.4508675E+04   1.6587985E+05   4.6274434E-04   6.7786307E-08   3.1069465E-04
   6.9565217E-01   1.0139464E+05   5.0736785E+04   1.5213143E+05   6.0709407E-04   6.5708602E-08   4.0463731E-04
   7.1014493E-01   9.4763478E+04   4.6624002E+04   1.4137202E+05   4.5729041E-04   9.4753988E-08   3.0651981E-04
   7.2463768E-01   8.5578781E+04   4.2903051E+04   1.2848183E+05   6.7664120E-04   3.2081456E-08   4.5068507E-04
   7.3913043E-01   7.9993222E+04   4.0576057E+04   1.2056928E+05   3.7142594E-04   7.5275871E-09   2.4642481E-04
   7.5362319E-01   7.1693548E+04   3.5380474E+04   1.0707402E+05   4.3401343E-04   4.6379329E-09   2.9060387E-04
   7.6811594E-01   6.6981063E+04   3.2797131E+04   9.9763898E+04   2.0266879E-04   5.0305633E-08   1.3608528E-04
   7.8260870E-01   5.9889262E+04   3.0870754E+04   9.0745984E+04   1.4004913E-04   9.3771398E-09   9.2428889E-05
   7.9710145E-01   5.3193115E+04   2.8077588E+04   8.1270704E+04   4.2101155E-04   5.3990074E-09   2.7556138E-04
   8.1159420E-01   5.0781889E+04   2.4247574E+04   7.5029463E+04   2.1330685E-04   2.0953323E-08   1.4436721E-04
   8.2608696E-01   4.4706464E+04   2.2851743E+04   6.7544914E+04   4.6130344E-04   1.2044026E-08   3.0532281E-04
   8.4057971E-01   4.0016336E+04   2.0694050E+04   6.0710386E+04   2.1384591E-04   2.3207608E-08   1.4095625E-04
   8.5507246E-01   3.6666750E+04   1.7826077E+04   5.4492826E+04   2.7502692E-04   4.5370379E-08   1.8505452E-04
   8.6956522E-01   3.3150980E+04   1.6998560E+04   5.0149540E+04   8.5893247E-04   3.7624266E-07   5.6781253E-04
   8.8405797E-01   2.9899544E+04   1.4508794E+04   4.4408338E+04   6.3158669E-04   6.9531573E-07   4.2543827E-04
   8.9855072E-01   2.6093029E+04   1.2673757E+04   3.8766786E+04   2.1405474E-04   3.8163905E-09   1.4407561E-04
   9.1304348E-01   2.2046529E+04   1.1149554E+04   3.3196083E+04   3.3745352E-04   6.7107126E-08   2.2409858E-04
   9.2753623E-01   1.9677475E+04   9.6966616E+03   2.9374136E+04   2.7414594E-04   1.1879661E-08   1.8364410E-04
   9.4202899E-01   1.5982415E+04   7.6822842E+03   2.3664700E+04   7.1524807E-04   5.4911424E-08   4.8304060E-04
   9.5652174E-01   1.3237430E+04   6.0733743E+03   1.9310805E+04   8.8105410E-04   1.3862794E-10   6.0395681E-04
   9.7101449E-01   9.2059352E+03   4.3089205E+03   1.3514856E+04   3.5106410E-04   1.9779866E-07   2.3914540E-04
   9.8550725E-01   3.9892608E+03   2.0392031E+03   6.0284639E+03   8.1201293E-04   0.0000000E+00   5.3733943E-04
   1.0000000E+00   2.1884092E+01   0.0000000E+00   2.1884092E+01   5.4460895E-02   0.0000000E+00   5.4460895E-02
