   0.0000000E+00   7.0924154E+05   4.0008497E+05   1.1093265E+06   3.6250370E-03   5.0708715E-07   2.3176476E-03
   1.4492754E-02   6.8347849E+05   3.2431130E+05   1.0077898E+06   1.2483353E-03   2.2677269E-08   8.4661544E-04
   2.8985507E-02   6.6150413E+05   3.4173924E+05   1.0032434E+06   6.4121476E-04   4.8016321E-08   4.2278235E-04
   4.3478261E-02   6.8903522E+05   3.4552793E+05   1.0345632E+06   6.8590992E-04   1.1690362E-07   4.5683185E-04
   5.7971014E-02   6.7627999E+05   3.4685397E+05   1.0231340E+06   9.1249468E-04   2.1969087E-07   6.0313741E-04
   7.2463768E-02   6.9317752E+05   3.6431980E+05   1.0574973E+06   9.2806843E-04   5.2476599E-08   6.0832033E-04
   8.6956522E-02   7.1681890E+05   3.5171611E+05   1.0685350E+06   3.7693652E-04   2.0856895E-08   2.5285825E-04
   1.0144928E-01   7.3922626E+05   3.7562090E+05   1.1148472E+06   6.8699290E-05   1.7669645E-07   4.5555268E-05
   1.1594203E-01   7.6360914E+05   3.7195399E+05   1.1355631E+06   3.1917546E-04   1.3798295E-07   2.1467019E-04
   1.3043478E-01   7.8459424E+05   4.0235818E+05   1.1869524E+06   7.0154943E-04   2.6856945E-07   4.6368557E-04
   1.4492754E-01   8.1039938E+05   4.1304227E+05   1.2233659E+06   9.4167869E-05   1.0226930E-07   6.2345821E-05
   1.5942029E-01   8.2731069E+05   4.1882173E+05   1.2459946E+06   3.5784965E-04   1.3079175E-06   2.3716707E-04
   1.7391304E-01   8.2833249E+05   4.1991241E+05   1.2482449E+06   3.0251652E-04   1.6107875E-07   2.0070336E-04
   1.8840580E-01   8.3234460E+05   4.3062759E+05   1.2628556E+06   1.0391740E-04   4.5338015E-08   6.8493411E-05
   2.0289855E-01   8.3984287E+05   4.2741761E+05   1.2670440E+06   2.7024714E-04   3.3171886E-08   1.7914025E-04
   2.1739130E-01   8.2381132E+05   4.2983876E+05   1.2534985E+06   7.0833671E-04   1.0041083E-07   4.6551654E-04
   2.3188406E-01   8.1764524E+05   4.2163311E+05   1.2391363E+06   2.4080332E-04   2.5477591E-06   1.5969839E-04
   2.4637681E-01   8.1728587E+05   4.0895495E+05   1.2261517E+06   3.2913111E-04   4.4491893E-08   2.1937132E-04
   2.6086957E-01   7.7979524E+05   4.0033755E+05   1.1799223E+06   2.9114772E-04   2.9621821E-08   1.9240586E-04
   2.7536232E-01   7.6359917E+05   3.9190939E+05   1.1555086E+06   2.4349810E-04   2.4377951E-08   1.6090506E-04
   2.8985507E-01   7.3189786E+05   3.6450923E+05   1.0962934E+06   1.3629099E-04   1.5827232E-07   9.1002659E-05
   3.0434783E-01   6.9599919E+05   3.5072384E+05   1.0465426E+06   7.7646413E-04   8.4339754E-08   5.1639800E-04
   3.1884058E-01   6.6067750E+05   3.3629732E+05   9.9690594E+05   8.5604358E-04   1.7106428E-07   5.6734676E-04
   3.3333333E-01   6.3201828E+05   3.2177453E+05   9.5372692E+05   1.0805948E-03   5.3347760E-08   7.1610614E-04
   3.4782609E-01   5.9491801E+05   3.0281052E+05   8.9766539E+05   1.1910185E-03   2.5763451E-08   7.8933189E-04
   3.6231884E-01   5.6669611E+05   2.8606075E+05   8.5269625E+05   1.5005510E-03   1.3429878E-08   9.8581416E-04
   3.7681159E-01   5.3309690E+05   2.6838450E+05   8.0145226E+05   9.2298439E-04   1.4108566E-07   6.1394373E-04
   3.9130435E-01   5.0089201E+05   2.5406630E+05   7.5484606E+05   1.7955127E-03   6.3908338E-07   1.1911477E-03
   4.0579710E-01   4.7017561E+05   2.3638678E+05   7.0656240E+05   2.2804269E-03   1.5552868E-06   1.5174495E-03
   4.2028986E-01   4.4257048E+05   2.2470812E+05   6.6717409E+05   1.5968911E-03   5.6583261E-08   1.0592667E-03
   4.3478261E-01   4.1051648E+05   2.0519509E+05   6.1566106E+05   2.9376921E-03   2.1569931E-07   1.9587698E-03
   4.4927536E-01   3.8544354E+05   1.9454278E+05   5.7996188E+05   3.2058560E-03   5.4096588E-08   2.1306081E-03
   4.6376812E-01   3.5947502E+05   1.8157265E+05   5.4104767E+05   3.4710208E-03   3.0945093E-07   2.3062230E-03
   4.7826087E-01   3.3719282E+05   1.6817162E+05   5.0531852E+05   3.1331893E-03   2.3258292E-06   2.0906057E-03
   4.9275362E-01   3.1002574E+05   1.5629433E+05   4.6632007E+05   4.2773410E-03   1.0259305E-07   2.8436931E-03
   5.0724638E-01   2.9151213E+05   1.4373182E+05   4.3524395E+05   4.4984947E-03   1.3132431E-07   3.0129120E-03
   5.2173913E-01   2.7053304E+05   1.3266706E+05   4.0320011E+05   5.2277172E-03   1.5469580E-07   3.5076017E-03
   5.3623188E-01   2.4728839E+05   1.2211848E+05   3.6934544E+05   6.3065879E-03   1.0480154E-07   4.2184596E-03
   5.5072464E-01   2.3266504E+05   1.1561467E+05   3.4827971E+05   6.3605291E-03   1.8772260E-07   4.2491002E-03
   5.6521739E-01   2.1702356E+05   1.0794833E+05   3.2495246E+05   8.0826391E-03   4.8857417E-07   5.3982510E-03
   5.7971014E-01   1.9672739E+05   1.0030539E+05   2.9703278E+05   6.3983455E-03   1.8990165E-07   4.2373874E-03
   5.9420290E-01   1.8372342E+05   9.0059777E+04   2.7376472E+05   9.1585602E-03   7.5858023E-07   6.1462307E-03
   6.0869565E-01   1.7390057E+05   8.6327858E+04   2.6022843E+05   9.6800321E-03   2.6354495E-07   6.4687386E-03
   6.2318841E-01   1.5693960E+05   7.6919084E+04   2.3384107E+05   9.3298384E-03   1.3962775E-07   6.2616517E-03
   6.3768116E-01   1.4493436E+05   7.0676167E+04   2.1561053E+05   9.7671201E-03   3.6984920E-07   6.5653832E-03
   6.5217391E-01   1.3775653E+05   6.8465719E+04   2.0620541E+05   1.1861942E-02   3.3596956E-07   7.9243170E-03
   6.6666667E-01   1.2687148E+05   6.1870848E+04   1.8875880E+05   1.2150322E-02   6.7800091E-06   8.1688398E-03
   6.8115942E-01   1.1722348E+05   5.6008026E+04   1.7318314E+05   1.3390521E-02   3.2958676E-07   9.0637638E-03
   6.9565217E-01   1.0706188E+05   5.3104713E+04   1.6016659E+05   1.4024700E-02   7.7481778E-07   9.3746120E-03
   7.1014493E-01   1.0060887E+05   4.8943604E+04   1.4955248E+05   1.4907546E-02   4.1258848E-07   1.0028920E-02
   7.2463768E-01   9.2762125E+04   4.4327596E+04   1.3708972E+05   1.5564562E-02   2.4097231E-07   1.0531808E-02
   7.3913043E-01   8.6485985E+04   4.0130329E+04   1.2661631E+05   1.7376194E-02   2.7202987E-07   1.1868991E-02
   7.5362319E-01   7.9882933E+04   3.7741116E+04   1.1762405E+05   1.7341701E-02   2.6278668E-06   1.1776616E-02
   7.6811594E-01   7.1141467E+04   3.4183932E+04   1.0531110E+05   1.7977427E-02   1.6665593E-06   1.2144631E-02
   7.8260870E-01   6.5684545E+04   3.1642523E+04   9.7327067E+04   1.9756764E-02   3.3258867E-07   1.3333436E-02
   7.9710145E-01   5.9861198E+04   2.8862879E+04   8.8710300E+04   2.1408036E-02   1.6320191E-08   1.4446021E-02
   8.1159420E-01   5.2960382E+04   2.6520784E+04   7.9467635E+04   2.2137889E-02   4.4622318E-07   1.4753517E-02
   8.2608696E-01   4.9279472E+04   2.3941820E+04   7.3221292E+04   2.2100632E-02   2.6801776E-07   1.4874188E-02
   8.4057971E-01   4.4928560E+04   2.0929210E+04   6.5857769E+04   2.1396052E-02   4.0929922E-07   1.4596438E-02
   8.5507246E-01   4.1431501E+04   1.9482823E+04   6.0914324E+04   2.7711360E-02   5.2719829E-06   1.8846546E-02
   8.6956522E-01   3.7305903E+04   1.6897528E+04   5.4203431E+04   2.5325318E-02   2.2728774E-06   1.7431039E-02
   8.8405797E-01   3.2023691E+04   1.5999424E+04   4.8023115E+04   2.6385547E-02   6.9120353E-07   1.7594981E-02
   8.9855072E-01   2.9148419E+04   1.4030350E+04   4.3178769E+04   3.0955579E-02   1.7293574E-07   2.0897005E-02
   9.1304348E-01   2.4632456E+04   1.2508669E+04   3.7141125E+04   2.7161828E-02   4.4880158E-07   1.8013948E-02
   9.2753623E-01   2.1619175E+04   1.0111049E+04   3.1730224E+04   3.3202915E-02   3.0604035E-07   2.2622549E-02
   9.4202899E-01   1.8139050E+04   8.2185287E+03   2.6357579E+04   2.7899333E-02   2.1000352E-06   1.9200692E-02
   9.5652174E-01   1.4075533E+04   6.5555704E+03   2.0631103E+04   3.1790495E-02   2.1266062E-06   2.1689606E-02
   9.7101449E-01   1.0110695E+04   4.9083242E+03   1.5019020E+04   3.9706244E-02   7.3963479E-07   2.6730047E-02
   9.8550725E-01   4.9030021E+03   2.3846419E+03   7.2876440E+03   3.0751821E-02   1.9486751E-06   2.0688678E-02
   1.0000000E+00   0.0000000E+00   0.0000000E+00   0.0000000E+00   0.0000000E+00   0.0000000E+00   0.0000000E+00
