   0.0000000E+00   7.3955100E+05   3.3340414E+05   1.0729551E+06   0.0000000E+00   0.0000000E+00   0.0000000E+00
   1.4492754E-02   6.9408680E+05   3.3795056E+05   1.0320374E+06   0.0000000E+00   2.5739747E-09   8.4287276E-10
   2.8985507E-02   6.7590112E+05   3.4818001E+05   1.0240811E+06   2.6951634E-04   0.0000000E+00   1.7788278E-04
   4.3478261E-02   7.1227248E+05   3.4956919E+05   1.0618417E+06   1.1339370E-04   3.0149478E-08   7.6073137E-05
   5.7971014E-02   7.0772606E+05   3.3662452E+05   1.0443506E+06   1.4354888E-04   8.0695349E-10   9.7278664E-05
   7.2463768E-02   7.0484666E+05   3.4613412E+05   1.0506777E+06   1.5950848E-04   9.1050841E-10   1.0700595E-04
   8.6956522E-02   7.3083703E+05   3.6106153E+05   1.0918986E+06   1.3081101E-04   1.2095307E-09   8.7555319E-05
   1.0144928E-01   7.4972632E+05   3.7464667E+05   1.1243730E+06   7.5051855E-05   7.8295422E-10   5.0043947E-05
   1.1594203E-01   7.7961633E+05   3.8625627E+05   1.1658726E+06   2.8996823E-04   4.1017907E-09   1.9390236E-04
   1.3043478E-01   7.9958059E+05   3.9292857E+05   1.1922566E+06   1.1773009E-04   8.6767596E-09   7.8953977E-05
   1.4492754E-01   8.1881026E+05   4.1728559E+05   1.2360959E+06   5.9356196E-05   2.7982379E-08   3.9321633E-05
   1.5942029E-01   8.3378589E+05   4.2143937E+05   1.2550875E+06   3.5631293E-05   2.8137945E-09   2.3670000E-05
   1.7391304E-01   8.6375668E+05   4.3266765E+05   1.2963612E+06   1.2478306E-04   1.2299102E-09   8.3141865E-05
   1.8840580E-01   8.6020600E+05   4.3301737E+05   1.2932234E+06   7.9800844E-05   2.7521808E-09   5.3081116E-05
   2.0289855E-01   8.6544354E+05   4.3347951E+05   1.2988148E+06   3.0414381E-05   4.1450295E-09   2.0266708E-05
   2.1739130E-01   8.5285790E+05   4.2630266E+05   1.2790090E+06   3.5737312E-05   1.6330254E-09   2.3829973E-05
   2.3188406E-01   8.4326621E+05   4.2115952E+05   1.2643784E+06   6.3215571E-05   1.9754255E-09   4.2160905E-05
   2.4637681E-01   8.3364407E+05   4.2326280E+05   1.2567731E+06   1.2906097E-04   5.7314895E-10   8.5608670E-05
   2.6086957E-01   8.1031519E+05   4.0551542E+05   1.2156201E+06   6.5472883E-05   2.8596337E-09   4.3642349E-05
   2.7536232E-01   7.8924258E+05   3.9131118E+05   1.1805139E+06   1.9081954E-04   3.1740731E-09   1.2757425E-04
   2.8985507E-01   7.4693894E+05   3.8284646E+05   1.1295960E+06   7.9231409E-05   4.8523024E-09   5.2392666E-05
   3.0434783E-01   7.2244780E+05   3.5718264E+05   1.0794500E+06   1.4340841E-04   2.4758497E-09   9.5978783E-05
   3.1884058E-01   6.8237633E+05   3.4425355E+05   1.0264921E+06   9.1960641E-05   5.9389292E-08   6.1144534E-05
   3.3333333E-01   6.4569049E+05   3.2829765E+05   9.7392225E+05   1.5596017E-04   7.6372732E-09   1.0340043E-04
   3.4782609E-01   6.1585049E+05   3.0921971E+05   9.2484920E+05   1.8375992E-05   4.1699874E-08   1.2234757E-05
   3.6231884E-01   5.7615267E+05   2.9127398E+05   8.6730541E+05   1.6409636E-04   2.0447546E-08   1.0901563E-04
   3.7681159E-01   5.4073256E+05   2.7383438E+05   8.1450865E+05   2.4757381E-05   5.3062876E-08   1.6452576E-05
   3.9130435E-01   5.0608391E+05   2.6206464E+05   7.6814855E+05   1.9575625E-05   3.9952298E-08   1.2905165E-05
   4.0579710E-01   4.7694112E+05   2.3698215E+05   7.1392327E+05   9.9245407E-05   1.4155070E-08   6.6305241E-05
   4.2028986E-01   4.5038301E+05   2.2444683E+05   6.7477758E+05   1.3248331E-04   1.0078679E-08   8.8425973E-05
   4.3478261E-01   4.1816962E+05   2.0676108E+05   6.2490544E+05   1.8073122E-04   8.4821223E-08   1.2095894E-04
   4.4927536E-01   3.9316757E+05   1.9094964E+05   5.8404388E+05   1.5324758E-04   4.0430685E-08   1.0317314E-04
   4.6376812E-01   3.6037483E+05   1.8135954E+05   5.4166333E+05   1.6896367E-04   6.6951029E-09   1.1241185E-04
   4.7826087E-01   3.3163609E+05   1.7065149E+05   5.0224165E+05   9.7184800E-05   2.2469320E-08   6.4176391E-05
   4.9275362E-01   3.1091719E+05   1.5406570E+05   4.6496060E+05   7.7130969E-05   2.4471834E-08   5.1575206E-05
   5.0724638E-01   2.8845953E+05   1.4202150E+05   4.3043774E+05   1.6410644E-04   3.9086330E-08   1.0997594E-04
   5.2173913E-01   2.6682855E+05   1.3350899E+05   4.0031650E+05   1.1989474E-04   7.4370269E-09   7.9917119E-05
   5.3623188E-01   2.4288533E+05   1.2504703E+05   3.6793236E+05   8.4169950E-05   1.2421685E-08   5.5559455E-05
   5.5072464E-01   2.3027219E+05   1.1577419E+05   3.4602644E+05   8.8916493E-05   3.1648177E-08   5.9168685E-05
   5.6521739E-01   2.0991249E+05   1.0773461E+05   3.1764710E+05   1.8018497E-04   9.7916735E-08   1.1908982E-04
   5.7971014E-01   1.9172632E+05   9.7596485E+04   2.8932281E+05   1.0228268E-04   2.0190094E-09   6.7779879E-05
   5.9420290E-01   1.8137629E+05   8.9745594E+04   2.7112188E+05   1.3684606E-05   1.9396342E-08   9.1595528E-06
   6.0869565E-01   1.6816342E+05   8.2719588E+04   2.5084693E+05   6.3567372E-05   4.0138973E-08   4.2620048E-05
   6.2318841E-01   1.5300994E+05   7.8557910E+04   2.3156786E+05   1.3078711E-04   7.9427037E-09   8.6416726E-05
   6.3768116E-01   1.4229951E+05   6.9470677E+04   2.1177018E+05   2.3026589E-04   3.2016337E-08   1.5473796E-04
   6.5217391E-01   1.3092006E+05   6.5367418E+04   1.9628748E+05   4.0769727E-04   7.6442168E-09   2.7192773E-04
   6.6666667E-01   1.1883288E+05   6.0289484E+04   1.7910589E+05   3.2829768E-05   5.4906310E-09   2.1783486E-05
   6.8115942E-01   1.1093587E+05   5.5185801E+04   1.6612168E+05   3.1583168E-04   3.1850844E-08   2.1092221E-04
   6.9565217E-01   1.0076319E+05   5.1099868E+04   1.5184727E+05   2.6176200E-04   1.3179234E-09   1.7370024E-04
   7.1014493E-01   9.3959349E+04   4.6299258E+04   1.4025861E+05   2.8469189E-04   1.8095531E-08   1.9070938E-04
   7.2463768E-01   8.4199700E+04   4.1690672E+04   1.2589037E+05   7.6625615E-05   8.8221882E-09   5.1247426E-05
   7.3913043E-01   7.8254885E+04   4.0264047E+04   1.1851893E+05   2.5463129E-04   1.5271647E-08   1.6812450E-04
   7.5362319E-01   7.3179877E+04   3.6196499E+04   1.0937638E+05   2.4112672E-04   2.5275840E-10   1.6132931E-04
   7.6811594E-01   6.6037467E+04   3.2954397E+04   9.8991864E+04   1.8047068E-04   1.0538238E-07   1.2041813E-04
   7.8260870E-01   5.9019268E+04   2.9551731E+04   8.8570999E+04   1.6688525E-04   2.0916854E-06   1.1114082E-04
   7.9710145E-01   5.4915244E+04   2.6410568E+04   8.1325812E+04   2.2970074E-04   1.5201886E-08   1.5511013E-04
   8.1159420E-01   4.9117574E+04   2.4870000E+04   7.3987575E+04   3.0107027E-05   0.0000000E+00   1.9986926E-05
   8.2608696E-01   4.6793564E+04   2.1668610E+04   6.8462174E+04   2.3917202E-04   3.7888257E-09   1.6347347E-04
   8.4057971E-01   3.9611338E+04   2.0262924E+04   5.9874262E+04   3.3710541E-04   7.2328651E-09   2.2301974E-04
   8.5507246E-01   3.6576849E+04   1.7569217E+04   5.4146065E+04   2.4105162E-04   0.0000000E+00   1.6283563E-04
   8.6956522E-01   3.2595306E+04   1.5760923E+04   4.8356229E+04   5.1546105E-04   1.9957872E-08   3.4745047E-04
   8.8405797E-01   2.9166651E+04   1.4173403E+04   4.3340054E+04   3.1953103E-04   8.9000225E-08   2.1502830E-04
   8.9855072E-01   2.5689718E+04   1.2551542E+04   3.8241259E+04   6.7112549E-04   0.0000000E+00   4.5084876E-04
   9.1304348E-01   2.1481234E+04   1.1486326E+04   3.2967560E+04   4.0134030E-04   4.7830003E-09   2.6150649E-04
   9.2753623E-01   1.8706624E+04   9.6137842E+03   2.8320409E+04   4.0091563E-04   1.5222296E-08   2.6481550E-04
   9.4202899E-01   1.5714293E+04   8.4633359E+03   2.4177629E+04   2.8972777E-04   7.5428980E-09   1.8831093E-04
   9.5652174E-01   1.2628945E+04   6.2915106E+03   1.8920455E+04   3.6282025E-04   0.0000000E+00   2.4217371E-04
   9.7101449E-01   8.9571262E+03   4.5803486E+03   1.3537475E+04   3.9443582E-04   0.0000000E+00   2.6098009E-04
   9.8550725E-01   3.9446880E+03   1.9723440E+03   5.9170320E+03   1.0229798E-03   0.0000000E+00   6.8198656E-04
   1.0000000E+00   0.0000000E+00   0.0000000E+00   0.0000000E+00   0.0000000E+00   0.0000000E+00   0.0000000E+00
