   0.0000000E+00   8.1229373E+05   2.9097089E+05   1.1032646E+06   1.5531240E-04   3.7414348E-07   1.1431000E-04
   1.4492754E-02   7.0317964E+05   3.5007435E+05   1.0532540E+06   1.3895829E-04   0.0000000E+00   9.2772156E-05
   2.8985507E-02   7.0621059E+05   3.3491961E+05   1.0411302E+06   8.4188089E-05   4.7065812E-09   5.7107176E-05
   4.3478261E-02   7.2464885E+05   3.4982177E+05   1.0744706E+06   2.1156283E-04   3.2418549E-09   1.4268254E-04
   5.7971014E-02   7.0412681E+05   3.5784115E+05   1.0619680E+06   1.7953289E-04   3.7376724E-08   1.1903746E-04
   7.2463768E-02   7.2379008E+05   3.7447347E+05   1.0982635E+06   1.9743146E-05   1.0982476E-05   9.9033705E-06
   8.6956522E-02   7.2780609E+05   3.6851261E+05   1.0961924E+06   7.9721723E-05   8.4834961E-05   5.5664412E-05
   1.0144928E-01   7.4972632E+05   3.7313119E+05   1.1228575E+06   2.2426110E-05   8.4340691E-05   3.7978359E-05
   1.1594203E-01   7.7251255E+05   4.0055855E+05   1.1729764E+06   2.7550694E-05   2.1908424E-05   1.6231899E-05
   1.3043478E-01   8.1077825E+05   3.9553855E+05   1.2062326E+06   1.5790510E-04   5.4991315E-08   1.0614629E-04
   1.4492754E-01   8.2835774E+05   4.1228453E+05   1.2404907E+06   1.1021241E-04   1.5707980E-05   7.8426961E-05
   1.5942029E-01   8.5100718E+05   4.3376981E+05   1.2845703E+06   1.7512521E-04   1.3131615E-04   1.6014590E-04
   1.7391304E-01   8.8326839E+05   4.3045758E+05   1.3135997E+06   1.3715324E-04   6.8621986E-05   9.6437385E-05
   1.8840580E-01   8.6545187E+05   4.3400826E+05   1.2994018E+06   3.6137959E-05   1.6534843E-07   2.4024275E-05
   2.0289855E-01   8.6739201E+05   4.3017794E+05   1.2975158E+06   1.1103816E-04   1.3746343E-05   7.0892759E-05
   2.1739130E-01   8.5336305E+05   4.2953567E+05   1.2828482E+06   3.1779006E-05   4.9718142E-05   3.1149720E-05
   2.3188406E-01   8.4250848E+05   4.2281707E+05   1.2651835E+06   7.3661851E-05   3.1790790E-05   5.1295241E-05
   2.4637681E-01   8.2802790E+05   4.1483855E+05   1.2426882E+06   1.5204796E-05   3.5230649E-05   2.1888466E-05
   2.6086957E-01   8.0665280E+05   4.0113738E+05   1.2076639E+06   1.1890177E-04   5.0553438E-05   9.1869819E-05
   2.7536232E-01   7.8234319E+05   3.9426236E+05   1.1762466E+06   1.5289728E-04   2.9208777E-05   1.0265444E-04
   2.8985507E-01   7.4455207E+05   3.7057113E+05   1.1151232E+06   1.1983018E-04   7.1356601E-05   1.0259259E-04
   3.0434783E-01   7.1847871E+05   3.5840945E+05   1.0768160E+06   2.6270626E-05   5.7992416E-05   8.4254265E-06
   3.1884058E-01   6.7707217E+05   3.4149815E+05   1.0185014E+06   7.5657493E-05   3.6895679E-05   5.2371005E-05
   3.3333333E-01   6.4931445E+05   3.2319117E+05   9.7247267E+05   4.2220834E-05   8.8623535E-05   1.3457730E-05
   3.4782609E-01   6.1335627E+05   3.0688336E+05   9.2014491E+05   3.4022913E-04   7.3482949E-05   2.1009445E-04
   3.6231884E-01   5.7251553E+05   2.8415126E+05   8.5660617E+05   2.9217445E-05   1.0134702E-04   4.4653598E-05
   3.7681159E-01   5.4557041E+05   2.7036628E+05   8.1590755E+05   1.7752893E-04   4.3926817E-05   1.3210729E-04
   3.9130435E-01   5.0445618E+05   2.6026852E+05   7.6464051E+05   1.5441305E-04   7.0669776E-05   1.2392274E-04
   4.0579710E-01   4.7883546E+05   2.3351821E+05   7.1229955E+05   8.3785976E-05   9.3436087E-05   8.3492907E-05
   4.2028986E-01   4.4029727E+05   2.2640650E+05   6.6662538E+05   1.2544872E-04   2.9254448E-05   9.2746115E-05
   4.3478261E-01   4.2001344E+05   2.0600335E+05   6.2601679E+05   2.0435687E-04   3.2410570E-05   1.3515207E-04
   4.4927536E-01   3.8820561E+05   1.9478721E+05   5.8291950E+05   1.9122662E-04   6.7955670E-05   1.2268388E-04
   4.6376812E-01   3.5547322E+05   1.8436681E+05   5.3981635E+05   4.0174117E-04   4.4002355E-05   2.6781125E-04
   4.7826087E-01   3.3186571E+05   1.6608210E+05   4.9792485E+05   3.7361806E-04   2.4449312E-06   2.4883100E-04
   4.9275362E-01   3.0757423E+05   1.5743094E+05   4.6500517E+05   1.8460590E-04   2.1674022E-04   8.7180919E-05
   5.0724638E-01   2.9058119E+05   1.4245450E+05   4.3303569E+05   2.5182306E-04   8.9416017E-05   1.9037188E-04
   5.2173913E-01   2.7166965E+05   1.3822380E+05   4.0985135E+05   5.9310780E-04   2.1253807E-04   4.5912012E-04
   5.3623188E-01   2.4493326E+05   1.2324485E+05   3.6813715E+05   2.6071412E-04   7.0555542E-05   1.8353317E-04
   5.5072464E-01   2.2690226E+05   1.1545514E+05   3.4235740E+05   2.8346316E-04   3.1850641E-05   1.7764597E-04
   5.6521739E-01   2.1014564E+05   1.0588884E+05   3.1601506E+05   6.0569309E-04   1.1866776E-04   3.7476652E-04
   5.7971014E-01   1.9659478E+05   9.8032184E+04   2.9458908E+05   4.9359333E-04   1.5605005E-04   3.6057175E-04
   5.9420290E-01   1.7938030E+05   8.9838001E+04   2.6921830E+05   2.9261697E-04   1.2044366E-04   1.6740847E-04
   6.0869565E-01   1.6659382E+05   8.3224746E+04   2.4981857E+05   4.1542355E-04   2.8031628E-04   3.6513925E-04
   6.2318841E-01   1.5419060E+05   7.6284700E+04   2.3045768E+05   6.5328675E-04   1.1986186E-04   4.3324494E-04
   6.3768116E-01   1.4279892E+05   7.0572839E+04   2.1337176E+05   4.2642768E-04   2.0903176E-04   3.5435896E-04
   6.5217391E-01   1.3011181E+05   6.2117569E+04   1.9222938E+05   5.6209205E-04   7.1653555E-05   3.8680607E-04
   6.6666667E-01   1.2242389E+05   5.9531747E+04   1.8195564E+05   4.6724760E-04   6.0491271E-05   3.3331196E-04
   6.8115942E-01   1.0950101E+05   5.6781885E+04   1.6628290E+05   6.3001659E-04   1.4769753E-04   4.6243843E-04
   6.9565217E-01   1.0224709E+05   5.0200055E+04   1.5244715E+05   8.2737782E-04   3.2736016E-05   5.6539912E-04
   7.1014493E-01   9.2969652E+04   4.6144618E+04   1.3911427E+05   4.6831059E-04   1.7255208E-04   3.5789476E-04
   7.2463768E-01   8.5139294E+04   4.4251822E+04   1.2939112E+05   8.3823759E-04   1.0066300E-04   5.6614197E-04
   7.3913043E-01   7.8641182E+04   3.8169128E+04   1.1679545E+05   6.1748784E-04   1.7311470E-04   4.2271088E-04
   7.5362319E-01   6.9478625E+04   3.6327645E+04   1.0580627E+05   7.5877837E-04   4.4946413E-04   5.6815842E-04
   7.6811594E-01   6.4950901E+04   3.2125176E+04   9.7061780E+04   4.1753796E-04   1.1273091E-04   3.1584048E-04
   7.8260870E-01   6.0941674E+04   3.1165429E+04   9.2107104E+04   4.5369047E-04   5.2322649E-08   3.0019554E-04
   7.9710145E-01   5.3702865E+04   2.6548338E+04   8.0251203E+04   7.8265485E-04   1.9109933E-04   5.8503477E-04
   8.1159420E-01   5.0294772E+04   2.4937656E+04   7.5218897E+04   7.7723415E-04   9.7127545E-05   5.4493772E-04
   8.2608696E-01   4.5145154E+04   2.1947777E+04   6.7092931E+04   9.0902000E-04   4.4363725E-08   6.1166070E-04
   8.4057971E-01   4.0996167E+04   2.0942274E+04   6.1938442E+04   1.5099771E-03   2.4048331E-08   9.9942770E-04
   8.5507246E-01   3.6936453E+04   1.9059004E+04   5.5995457E+04   8.0084941E-04   2.9479556E-04   6.1821479E-04
   8.6956522E-01   3.2570048E+04   1.6139791E+04   4.8709840E+04   1.2070246E-03   3.0316698E-04   8.0845860E-04
   8.8405797E-01   2.9775325E+04   1.4558482E+04   4.4333807E+04   1.1934438E-03   6.4073825E-04   9.4924395E-04
   8.9855072E-01   2.6484119E+04   1.2478212E+04   3.8962331E+04   1.2893528E-03   8.4689138E-08   8.7644200E-04
   9.1304348E-01   2.2960624E+04   1.1871208E+04   3.4831832E+04   8.3345335E-04   3.6262393E-04   4.8693776E-04
   9.2753623E-01   1.8777662E+04   9.3533122E+03   2.8130974E+04   1.2107861E-03   1.5028231E-04   8.5745790E-04
   9.4202899E-01   1.6413742E+04   7.4607920E+03   2.3874534E+04   1.4646051E-03   6.5666618E-09   1.0069178E-03
   9.5652174E-01   1.2651906E+04   6.2226255E+03   1.8874532E+04   1.7031990E-03   7.2768581E-08   1.1416684E-03
   9.7101449E-01   8.8101026E+03   4.5238011E+03   1.3333904E+04   8.8043485E-04   3.2659584E-08   5.8173530E-04
   9.8550725E-01   4.1786949E+03   1.8497690E+03   6.0284639E+03   1.1571632E-03   0.0000000E+00   8.0210019E-04
   1.0000000E+00   0.0000000E+00   0.0000000E+00   0.0000000E+00   0.0000000E+00   0.0000000E+00   0.0000000E+00
