   0.0000000E+00   6.5468450E+05   3.3946603E+05   9.9415053E+05   2.4331726E-08   0.0000000E+00   1.6023332E-08
   1.4492754E-02   6.3574108E+05   3.3264640E+05   9.6838748E+05   4.4413153E-04   1.4177704E-08   2.9157455E-04
   2.8985507E-02   6.9029812E+05   3.3150980E+05   1.0218079E+06   2.3514267E-04   1.4204522E-08   1.5885832E-04
   4.3478261E-02   6.7514339E+05   3.4022377E+05   1.0153672E+06   5.0545587E-05   3.4094595E-08   3.3598421E-05
   5.7971014E-02   6.9522341E+05   3.6219813E+05   1.0572321E+06   1.7497606E-05   5.1282538E-09   1.1506957E-05
   7.2463768E-02   7.1454569E+05   3.6810848E+05   1.0826542E+06   1.6851811E-04   5.4178037E-08   1.1123941E-04
   8.6956522E-02   7.4978045E+05   3.7507966E+05   1.1247338E+06   8.5340818E-05   5.4698272E-09   5.6889271E-05
   1.0144928E-01   7.5687070E+05   3.7010025E+05   1.1268627E+06   3.4135038E-05   0.0000000E+00   2.2927203E-05
   1.1594203E-01   7.7327029E+05   3.9951667E+05   1.1727870E+06   1.1210335E-04   6.8446556E-05   6.8156687E-05
   1.3043478E-01   7.8846712E+05   3.9444404E+05   1.1829112E+06   2.5393195E-04   5.2004817E-09   1.6925618E-04
   1.4492754E-01   8.2661495E+05   4.1296649E+05   1.2395814E+06   1.5173408E-04   1.2584141E-09   1.0118389E-04
   1.5942029E-01   8.4315427E+05   4.2695018E+05   1.2699667E+06   1.4576409E-04   4.5146285E-05   1.0068606E-04
   1.7391304E-01   8.6729278E+05   4.3172048E+05   1.2990133E+06   1.2173620E-04   1.8708429E-09   8.1277904E-05
   1.8840580E-01   8.6416954E+05   4.2777150E+05   1.2918828E+06   5.7645823E-05   4.7552664E-05   5.3899355E-05
   2.0289855E-01   8.6993584E+05   4.3142279E+05   1.3011963E+06   1.6492532E-04   4.8659179E-09   1.1026318E-04
   2.1739130E-01   8.6907346E+05   4.3276868E+05   1.3017916E+06   1.2681887E-04   3.6581904E-05   8.7020536E-05
   2.3188406E-01   8.5434811E+05   4.2262764E+05   1.2768337E+06   1.5408147E-04   4.0705538E-09   1.0309937E-04
   2.4637681E-01   8.2856278E+05   4.1586372E+05   1.2443374E+06   2.0912181E-04   6.8752984E-09   1.3924871E-04
   2.6086957E-01   8.0118025E+05   4.0458929E+05   1.2056854E+06   8.9855419E-06   3.9087764E-08   5.9599374E-06
   2.7536232E-01   7.7763724E+05   3.9003499E+05   1.1675526E+06   5.6966930E-05   3.7538248E-09   3.7941679E-05
   2.8985507E-01   7.4697682E+05   3.7932298E+05   1.1261861E+06   3.7766442E-05   5.1568337E-05   3.5511903E-05
   3.0434783E-01   7.0595801E+05   3.6317237E+05   1.0688778E+06   1.3917711E-04   6.4224825E-09   9.1921506E-05
   3.1884058E-01   6.8313406E+05   3.4170480E+05   1.0248044E+06   1.3786147E-04   4.3261762E-09   9.1899440E-05
   3.3333333E-01   6.4697535E+05   3.2408069E+05   9.7085836E+05   2.3446793E-05   2.2505635E-06   1.5691133E-05
   3.4782609E-01   6.0991489E+05   3.0571518E+05   9.1547220E+05   9.1590189E-05   7.6179077E-06   6.3545240E-05
   3.6231884E-01   5.8197208E+05   2.9206203E+05   8.7400380E+05   6.8508510E-05   8.4427458E-09   4.5617552E-05
   3.7681159E-01   5.4216060E+05   2.7226062E+05   8.1439207E+05   1.2954131E-04   8.9638191E-09   8.6240912E-05
   3.9130435E-01   5.0145330E+05   2.5336470E+05   7.5473380E+05   2.6965404E-04   5.8707471E-05   1.8778616E-04
   4.0579710E-01   4.7193464E+05   2.3752339E+05   7.0937685E+05   2.1536874E-04   4.9229038E-08   1.4328129E-04
   4.2028986E-01   4.4648981E+05   2.2076266E+05   6.6720021E+05   2.5835438E-04   2.7902127E-07   1.7297184E-04
   4.3478261E-01   4.1546702E+05   2.0716521E+05   6.2263223E+05   1.4526378E-04   4.2753385E-08   9.6918854E-05
   4.4927536E-01   3.8167930E+05   1.8867643E+05   5.7030685E+05   2.6638026E-04   4.7179357E-05   1.6732208E-04
   4.6376812E-01   3.5293954E+05   1.7965463E+05   5.3257049E+05   1.5073284E-04   4.6311631E-05   1.1113097E-04
   4.7826087E-01   3.3765206E+05   1.7111072E+05   5.0878574E+05   1.9422088E-04   5.0046828E-05   1.2926932E-04
   4.9275362E-01   3.1751396E+05   1.5658406E+05   4.7403115E+05   9.9840097E-05   4.4777615E-05   8.1648492E-05
   5.0724638E-01   2.9008325E+05   1.4583184E+05   4.3582849E+05   2.6623252E-04   5.2030368E-05   1.7893059E-04
   5.2173913E-01   2.6870185E+05   1.3260392E+05   4.0128472E+05   2.0657267E-04   2.9234844E-08   1.3832864E-04
   5.3623188E-01   2.4894722E+05   1.2490368E+05   3.7383042E+05   4.5454745E-04   7.2024068E-09   3.0270044E-04
   5.5072464E-01   2.3053142E+05   1.1597359E+05   3.4646513E+05   1.7348949E-04   4.4316336E-08   1.1545094E-04
   5.6521739E-01   2.1127253E+05   1.0693802E+05   3.1817169E+05   2.7189582E-04   2.6220125E-08   1.8055233E-04
   5.7971014E-01   1.9477621E+05   9.7577541E+04   2.9235376E+05   5.3649049E-04   1.1013490E-04   3.8019884E-04
   5.9420290E-01   1.8287328E+05   9.0189147E+04   2.7304395E+05   5.2249560E-04   6.4765147E-05   3.4603499E-04
   6.0869565E-01   1.6446494E+05   8.2106182E+04   2.4657113E+05   3.6285078E-04   2.1509410E-08   2.4203158E-04
   6.2318841E-01   1.5135350E+05   7.9333269E+04   2.3068677E+05   5.7178027E-04   7.5012639E-05   3.9641802E-04
   6.3768116E-01   1.4097347E+05   7.2277747E+04   2.1325121E+05   3.8955522E-04   8.5923755E-05   2.7676591E-04
   6.5217391E-01   1.3169464E+05   6.4037169E+04   1.9573180E+05   7.4983589E-04   1.1061211E-04   5.2259967E-04
   6.6666667E-01   1.1942589E+05   6.0668352E+04   1.8009424E+05   5.2682883E-04   1.0777544E-04   3.8390443E-04
   6.8115942E-01   1.1203217E+05   5.3815427E+04   1.6584760E+05   8.3799274E-04   4.6375767E-08   5.6605976E-04
   6.9565217E-01   1.0363628E+05   5.0326345E+04   1.5396262E+05   4.5731961E-04   1.1412697E-04   2.8508774E-04
   7.1014493E-01   9.3495428E+04   4.6422970E+04   1.3991840E+05   6.5184303E-04   8.3582338E-09   4.3557338E-04
   7.2463768E-01   8.3184333E+04   4.1917993E+04   1.2510233E+05   5.0009665E-04   1.0966719E-07   3.3256142E-04
   7.3913043E-01   8.0617240E+04   3.7351961E+04   1.1796920E+05   4.7110125E-04   5.3772948E-09   3.2193842E-04
   7.5362319E-01   7.2451284E+04   3.5875918E+04   1.0832720E+05   6.4352086E-04   1.3588569E-04   4.5350183E-04
   7.6811594E-01   6.6380593E+04   3.2196661E+04   9.8577254E+04   6.7397738E-04   7.8731924E-05   4.4734112E-04
   7.8260870E-01   6.0899578E+04   3.0407692E+04   9.1307270E+04   7.9684858E-04   2.4439634E-08   5.3146953E-04
   7.9710145E-01   5.4336609E+04   2.7278521E+04   8.1615129E+04   2.8797641E-04   4.4303998E-06   1.9307816E-04
   8.1159420E-01   5.0240648E+04   2.5032373E+04   7.5273021E+04   7.5934111E-04   2.9746525E-08   5.0682231E-04
   8.2608696E-01   4.5411027E+04   2.3649361E+04   6.9060387E+04   1.1065937E-03   1.2094472E-08   7.2764378E-04
   8.4057971E-01   4.0852459E+04   2.1151305E+04   6.2003764E+04   1.0803549E-03   2.5257112E-08   7.1181547E-04
   8.5507246E-01   3.8195066E+04   1.8005878E+04   5.6200945E+04   6.1246061E-04   5.5978043E-08   4.1625587E-04
   8.6956522E-01   3.3277269E+04   1.6834383E+04   5.0111653E+04   4.9257477E-04   3.1571779E-08   3.2710663E-04
   8.8405797E-01   2.8806416E+04   1.4645435E+04   4.3451851E+04   6.9859502E-04   5.3512231E-08   4.6312108E-04
   8.9855072E-01   2.5237520E+04   1.2551542E+04   3.7789062E+04   4.4585257E-04   2.3898677E-08   2.9775600E-04
   9.1304348E-01   2.2082612E+04   1.0824810E+04   3.2907422E+04   1.6896561E-03   9.4094683E-09   1.1338453E-03
   9.2753623E-01   1.9890588E+04   9.3533122E+03   2.9243900E+04   5.2460854E-04   0.0000000E+00   3.5681876E-04
   9.4202899E-01   1.5714293E+04   8.2651586E+03   2.3979452E+04   1.2951233E-04   0.0000000E+00   8.4872447E-05
   9.5652174E-01   1.2296000E+04   6.1537403E+03   1.8449740E+04   1.0406894E-03   3.3246406E-07   6.9368210E-04
   9.7101449E-01   9.7374819E+03   4.3202300E+03   1.4057712E+04   5.6069690E-04   4.0591382E-08   3.8837427E-04
   9.8550725E-01   3.6883947E+03   1.6826212E+03   5.3710159E+03   1.7410689E-03   0.0000000E+00   1.1956303E-03
   1.0000000E+00   0.0000000E+00   0.0000000E+00   0.0000000E+00   0.0000000E+00   0.0000000E+00   0.0000000E+00
