   0.0000000E+00   6.6074639E+05   3.8189929E+05   1.0426457E+06   0.0000000E+00   0.0000000E+00   0.0000000E+00
   1.4492754E-02   6.7665886E+05   3.4931661E+05   1.0259755E+06   5.1707828E-04   5.4434879E-08   3.4101033E-04
   2.8985507E-02   6.5582110E+05   3.4060264E+05   9.9642374E+05   2.6816401E-04   1.3501395E-09   1.7649919E-04
   4.3478261E-02   7.0444254E+05   3.5487335E+05   1.0593159E+06   2.2043605E-04   1.5323951E-08   1.4659429E-04
   5.7971014E-02   6.8783547E+05   3.5784115E+05   1.0456766E+06   2.0356708E-04   3.4146850E-09   1.3390544E-04
   7.2463768E-02   7.1939521E+05   3.5765171E+05   1.0770469E+06   9.7331780E-05   2.9580387E-08   6.5018796E-05
   8.6956522E-02   7.2995301E+05   3.6687084E+05   1.0968239E+06   5.1372543E-05   9.8905419E-09   3.4192473E-05
   1.0144928E-01   7.7224193E+05   3.8027557E+05   1.1525175E+06   3.2184406E-04   4.9933777E-09   2.1564989E-04
   1.1594203E-01   7.8539407E+05   3.9894836E+05   1.1843424E+06   2.5814977E-04   1.8856882E-07   1.7120939E-04
   1.3043478E-01   8.0909439E+05   4.1338746E+05   1.2224819E+06   2.4210548E-04   3.6202584E-08   1.6022498E-04
   1.4492754E-01   8.2494793E+05   4.1342113E+05   1.2383691E+06   2.4715386E-04   4.0758857E-09   1.6464457E-04
   1.5942029E-01   8.4315427E+05   4.2185268E+05   1.2649381E+06   3.0450502E-04   2.5129641E-09   2.0297080E-04
   1.7391304E-01   8.4790735E+05   4.2262764E+05   1.2704718E+06   1.1494090E-04   1.4624385E-08   7.6707499E-05
   1.8840580E-01   8.5915682E+05   4.3214306E+05   1.2911250E+06   1.7699850E-04   2.3588655E-09   1.1778089E-04
   2.0289855E-01   8.6906985E+05   4.3283002E+05   1.3018999E+06   2.0266320E-04   3.5728861E-08   1.3529057E-04
   2.1739130E-01   8.6664870E+05   4.3984089E+05   1.3062875E+06   3.3288489E-05   5.0487570E-09   2.2085436E-05
   2.3188406E-01   8.4279263E+05   4.2527971E+05   1.2680250E+06   5.6165831E-05   1.9879961E-08   3.7337210E-05
   2.4637681E-01   8.3484753E+05   4.1390252E+05   1.2487055E+06   6.6473957E-05   7.5286322E-09   4.4444169E-05
   2.6086957E-01   8.0555829E+05   4.1001974E+05   1.2155780E+06   6.1115296E-05   1.7802304E-08   4.0506372E-05
   2.7536232E-01   7.7751760E+05   3.8935701E+05   1.1668347E+06   2.8527722E-04   7.2949910E-09   1.9009153E-04
   2.8985507E-01   7.5061396E+05   3.7780751E+05   1.1282699E+06   3.7230550E-05   2.5522916E-08   2.4775474E-05
   3.0434783E-01   7.0797864E+05   3.5602799E+05   1.0637541E+06   1.6613095E-04   1.0820379E-08   1.1057027E-04
   3.1884058E-01   6.8351293E+05   3.4714673E+05   1.0305219E+06   1.6580412E-04   1.8145504E-08   1.0997856E-04
   3.3333333E-01   6.4384557E+05   3.2793526E+05   9.7164904E+05   8.5951770E-05   8.0900838E-09   5.6955529E-05
   3.4782609E-01   6.1117778E+05   3.0767267E+05   9.1875573E+05   5.5160452E-05   1.6071050E-08   3.6695006E-05
   3.6231884E-01   5.7269739E+05   2.9221357E+05   8.6482003E+05   7.2800368E-05   2.7523322E-08   4.8200366E-05
   3.7681159E-01   5.4411323E+05   2.7380524E+05   8.1780189E+05   7.3143021E-05   2.5291751E-08   4.8662267E-05
   3.9130435E-01   5.0701003E+05   2.5305599E+05   7.6006602E+05   1.3984099E-04   2.4129949E-08   9.3274380E-05
   4.0579710E-01   4.7393723E+05   2.3936361E+05   7.1313847E+05   2.4101184E-04   1.9574187E-08   1.6017375E-04
   4.2028986E-01   4.4520950E+05   2.2186008E+05   6.6688667E+05   2.4625887E-04   3.2542834E-08   1.6441055E-04
   4.3478261E-01   4.1342113E+05   2.1022141E+05   6.2361729E+05   1.8023520E-04   4.9131770E-08   1.1947107E-04
   4.4927536E-01   3.8991663E+05   1.9449390E+05   5.8441053E+05   1.5665976E-04   3.9531497E-08   1.0451654E-04
   4.6376812E-01   3.5689398E+05   1.8062548E+05   5.3747210E+05   9.0790780E-05   1.8005364E-08   6.0291121E-05
   4.7826087E-01   3.3659582E+05   1.6681688E+05   5.0336678E+05   1.5446748E-04   1.5230521E-09   1.0329091E-04
   4.9275362E-01   3.1053832E+05   1.5415484E+05   4.6473774E+05   2.7675081E-04   2.4448158E-08   1.8493311E-04
   5.0724638E-01   2.9211832E+05   1.4230295E+05   4.3442127E+05   2.7101599E-04   6.6062003E-08   1.8226119E-04
   5.2173913E-01   2.6945958E+05   1.3226715E+05   4.0172673E+05   4.5068686E-04   5.0960490E-08   3.0229766E-04
   5.3623188E-01   2.4800517E+05   1.2279430E+05   3.7073803E+05   3.3645876E-04   9.8568452E-08   2.2504206E-04
   5.5072464E-01   2.2985344E+05   1.1451794E+05   3.4435144E+05   2.2890892E-04   2.4394094E-08   1.5280241E-04
   5.6521739E-01   2.1185541E+05   1.0483967E+05   3.1667565E+05   8.1579230E-05   9.7597130E-07   5.4891817E-05
   5.7971014E-01   1.9615908E+05   9.6289389E+04   2.9242953E+05   3.6972589E-04   7.4574420E-08   2.4802746E-04
   5.9420290E-01   1.8130236E+05   8.9874963E+04   2.7117733E+05   2.1904808E-04   2.7709584E-08   1.4644231E-04
   6.0869565E-01   1.6767630E+05   8.1149991E+04   2.4882629E+05   2.3408018E-04   2.8600131E-08   1.5774833E-04
   6.2318841E-01   1.5480737E+05   7.7905904E+04   2.3271327E+05   4.0613852E-04   2.1264676E-07   2.7013293E-04
   6.3768116E-01   1.4174842E+05   6.8902374E+04   2.1065080E+05   1.5885855E-04   1.6705574E-08   1.0689632E-04
   6.5217391E-01   1.3118948E+05   6.5906253E+04   1.9706205E+05   5.1040743E-04   1.6631779E-06   3.3939109E-04
   6.6666667E-01   1.1990359E+05   5.7966856E+04   1.7785398E+05   8.0529897E-05   6.6029722E-07   5.4505332E-05
   6.8115942E-01   1.1214503E+05   5.2654639E+04   1.6479967E+05   1.0366141E-03   4.1025983E-08   7.0542121E-04
   6.9565217E-01   1.0035275E+05   5.1005151E+04   1.5135790E+05   5.2682564E-04   3.4957753E-08   3.4930493E-04
   7.1014493E-01   9.1856243E+04   4.6453898E+04   1.3831014E+05   1.0764552E-04   1.5610920E-07   7.1451685E-05
   7.2463768E-01   8.5715174E+04   4.2054386E+04   1.2776956E+05   7.5731484E-04   1.6463426E-06   5.0846881E-04
   7.3913043E-01   7.9131482E+04   3.8956580E+04   1.1808806E+05   6.4243924E-04   6.4134776E-07   4.3046415E-04
   7.5362319E-01   7.1212676E+04   3.5599052E+04   1.0681173E+05   1.7920795E-04   1.4077518E-08   1.1948403E-04
   7.6811594E-01   6.6251921E+04   3.1581893E+04   9.7833814E+04   3.8597838E-04   2.0026692E-08   2.6138563E-04
   7.8260870E-01   5.9005236E+04   3.1432040E+04   9.0437276E+04   2.3670742E-04   3.1720902E-08   1.5444678E-04
   7.9710145E-01   5.3702865E+04   2.6644777E+04   8.0347643E+04   2.0058769E-04   1.0170342E-07   1.3408741E-04
   8.1159420E-01   4.8698113E+04   2.5695392E+04   7.4393505E+04   2.6178778E-04   4.9032490E-08   1.7136821E-04
   8.2608696E-01   4.6368168E+04   2.2080713E+04   6.8448880E+04   4.3361466E-04   6.5564031E-09   2.9373561E-04
   8.4057971E-01   4.1074554E+04   2.0119215E+04   6.1180705E+04   6.6115428E-04   2.0592870E-08   4.4386900E-04
   8.5507246E-01   3.7707032E+04   1.9059004E+04   5.6766036E+04   1.2464886E-04   1.8125146E-08   8.2804514E-05
   8.6956522E-01   3.2355356E+04   1.6038760E+04   4.8394116E+04   5.6635140E-04   5.1107495E-08   3.7866801E-04
   8.8405797E-01   2.9439933E+04   1.4794498E+04   4.4234432E+04   5.2510459E-04   4.9027009E-07   3.4963915E-04
   8.9855072E-01   2.5921928E+04   1.2967075E+04   3.8889002E+04   2.2567238E-04   8.4372941E-08   1.5042673E-04
   9.1304348E-01   2.3044817E+04   1.1654712E+04   3.4699529E+04   7.2143986E-05   1.6148346E-10   4.7912570E-05
   9.2753623E-01   1.9203889E+04   9.5545860E+03   2.8758475E+04   1.3552532E-03   5.7116547E-09   9.0499005E-04
   9.4202899E-01   1.5994073E+04   7.2975871E+03   2.3291660E+04   3.8091203E-04   1.2440906E-08   2.6156380E-04
   9.5652174E-01   1.2628945E+04   6.2800298E+03   1.8908975E+04   6.8186470E-04   2.6701906E-08   4.5539877E-04
   9.7101449E-01   9.2624827E+03   4.8517767E+03   1.4114259E+04   4.0102658E-04   2.5721537E-06   2.6403101E-04
   9.8550725E-01   3.9781176E+03   1.9500576E+03   5.9281752E+03   5.9773980E-08   4.2542111E-08   4.0662307E-08
   1.0000000E+00   2.1884092E+01   0.0000000E+00   2.1884092E+01   4.2852322E-01   0.0000000E+00   4.2852322E-01
