   0.0000000E+00   6.9105586E+05   2.8490899E+05   9.7596485E+05   2.2487508E-08   1.2729626E-08   1.8107088E-08
   1.4492754E-02   7.0545285E+05   3.5386303E+05   1.0593159E+06   2.5856623E-04   1.5536963E-07   1.7217751E-04
   2.8985507E-02   6.8537283E+05   3.4666453E+05   1.0320374E+06   2.5012180E-04   7.7954377E-09   1.6610772E-04
   4.3478261E-02   6.9661259E+05   3.5840945E+05   1.0550220E+06   1.5577266E-04   2.1671822E-05   1.0167408E-04
   5.7971014E-02   6.9920153E+05   3.4818001E+05   1.0473815E+06   1.5619316E-05   4.9269395E-08   1.0440402E-05
   7.2463768E-02   7.1530343E+05   3.6265278E+05   1.0779562E+06   1.3201470E-04   3.4213807E-10   8.7601596E-05
   8.6956522E-02   7.4207679E+05   3.6055637E+05   1.1026332E+06   4.8288915E-05   1.2661971E-04   7.2496448E-05
   1.0144928E-01   7.5492223E+05   3.7984257E+05   1.1347648E+06   1.1403502E-04   8.4631694E-05   9.9473221E-05
   1.1594203E-01   7.7800614E+05   3.8616156E+05   1.1641677E+06   2.8745128E-05   1.2633921E-06   1.8799775E-05
   1.3043478E-01   7.9798092E+05   3.9823272E+05   1.1961295E+06   6.9344479E-05   4.3349612E-09   4.6260882E-05
   1.4492754E-01   8.2419019E+05   4.1849797E+05   1.2426124E+06   1.1930994E-04   1.6885833E-05   8.1868955E-05
   1.5942029E-01   8.4349870E+05   4.1895950E+05   1.2624582E+06   2.2894853E-05   6.3817834E-05   3.6058739E-05
   1.7391304E-01   8.6053629E+05   4.2957356E+05   1.2899204E+06   3.6853707E-05   1.8989459E-05   3.0771224E-05
   1.8840580E-01   8.5851566E+05   4.3599003E+05   1.2941560E+06   1.2662373E-04   5.0158141E-05   1.0033607E-04
   2.0289855E-01   8.6717551E+05   4.3250527E+05   1.2995725E+06   1.3749868E-04   1.7365976E-06   9.1569390E-05
   2.1739130E-01   8.6462807E+05   4.3095011E+05   1.2954266E+06   1.1678486E-04   4.5958193E-05   7.7020856E-05
   2.3188406E-01   8.4497112E+05   4.2253292E+05   1.2675040E+06   1.6004755E-04   4.4129644E-05   9.2041953E-05
   2.4637681E-01   8.2646786E+05   4.1354594E+05   1.2397018E+06   8.9223699E-05   1.7858978E-08   5.9483918E-05
   2.6086957E-01   7.9958059E+05   4.1119844E+05   1.2106527E+06   3.4940419E-06   4.5737391E-05   1.7841063E-05
   2.7536232E-01   7.7604201E+05   3.9641593E+05   1.1724181E+06   1.0434714E-04   4.7305048E-05   8.5010926E-05
   2.8985507E-01   7.4811343E+05   3.8004283E+05   1.1281563E+06   8.2305306E-05   5.3562367E-05   7.2247775E-05
   3.0434783E-01   7.0938587E+05   3.5155374E+05   1.0607592E+06   6.7360300E-05   8.0899925E-05   5.4651317E-05
   3.1884058E-01   6.8936817E+05   3.4528683E+05   1.0344139E+06   1.5195081E-04   3.8365407E-05   9.5239508E-05
   3.3333333E-01   6.5056636E+05   3.2385007E+05   9.7431760E+05   1.4068292E-04   2.0026570E-05   8.7540322E-05
   3.4782609E-01   6.0805212E+05   3.0410499E+05   9.1209396E+05   1.2061154E-04   2.9148971E-05   8.8331804E-05
   3.6231884E-01   5.8018382E+05   2.9412307E+05   8.7424628E+05   2.3526286E-05   5.0861757E-05   2.6203407E-05
   3.7681159E-01   5.4242289E+05   2.6995827E+05   8.1226458E+05   2.3609465E-04   5.4672143E-05   1.5900254E-04
   3.9130435E-01   5.1691674E+05   2.5409437E+05   7.7089885E+05   1.6640868E-04   5.5987160E-05   1.2941578E-04
   4.0579710E-01   4.7068979E+05   2.3874118E+05   7.0940391E+05   1.5499033E-04   1.5186768E-04   1.1171230E-04
   4.2028986E-01   4.4395531E+05   2.2617134E+05   6.6999600E+05   1.7687333E-04   5.6807801E-05   1.3434042E-04
   4.3478261E-01   4.1816962E+05   2.0595283E+05   6.2394564E+05   8.5055319E-05   4.4012789E-05   4.5461587E-05
   4.4927536E-01   3.8867003E+05   1.9351617E+05   5.8213732E+05   2.7325968E-04   7.8592614E-05   1.6042571E-04
   4.6376812E-01   3.6077738E+05   1.8112275E+05   5.4185277E+05   2.0680420E-04   7.2723683E-05   1.1374326E-04
   4.7826087E-01   3.3439149E+05   1.6286746E+05   4.9723600E+05   3.7308265E-04   6.0119077E-05   2.6884596E-04
   4.9275362E-01   3.1292296E+05   1.5368683E+05   4.6658751E+05   5.0088175E-04   2.0448013E-04   3.9647754E-04
   5.0724638E-01   2.8700901E+05   1.4925248E+05   4.3623983E+05   4.1510947E-04   8.5268136E-05   2.6166074E-04
   5.2173913E-01   2.6524994E+05   1.3472979E+05   3.9995868E+05   4.5747486E-04   1.6143497E-04   3.2683713E-04
   5.3623188E-01   2.4347923E+05   1.2693113E+05   3.7041036E+05   5.6646272E-04   1.5379848E-04   3.2213896E-04
   5.5072464E-01   2.3049154E+05   1.1366050E+05   3.4415204E+05   5.0508445E-04   8.3153241E-05   3.3597359E-04
   5.6521739E-01   2.1138911E+05   1.0862835E+05   3.2001746E+05   5.3735570E-04   4.0103021E-05   3.4134022E-04
   5.7971014E-01   1.9051395E+05   9.9547657E+04   2.9004266E+05   7.1922727E-04   1.1051925E-04   4.4718888E-04
   5.9420290E-01   1.7912156E+05   9.1649176E+04   2.7071529E+05   6.0330429E-04   6.7907933E-05   4.0698161E-04
   6.0869565E-01   1.6502422E+05   8.4631971E+04   2.4963815E+05   9.0900035E-04   2.8293709E-04   6.9201216E-04
   6.2318841E-01   1.5517742E+05   7.7641577E+04   2.3281900E+05   4.2522088E-04   1.6966109E-04   3.2575044E-04
   6.3768116E-01   1.3785641E+05   6.9660111E+04   2.0751652E+05   8.2459285E-04   1.1697611E-04   5.0962298E-04
   6.5217391E-01   1.2985923E+05   6.3767752E+04   1.9362698E+05   1.0197018E-03   2.2455304E-04   7.4980638E-04
   6.6666667E-01   1.2296749E+05   6.0157704E+04   1.8312519E+05   1.3112449E-03   1.0005623E-04   9.1311352E-04
   6.8115942E-01   1.1206442E+05   5.6314345E+04   1.6837876E+05   1.1774596E-03   3.7304836E-04   8.8885574E-04
   6.9565217E-01   1.0035275E+05   5.2331190E+04   1.5268394E+05   1.1572756E-03   6.1624561E-05   7.7429579E-04
   7.1014493E-01   9.3882029E+04   4.7505451E+04   1.4137202E+05   1.1304236E-03   2.7097224E-04   8.4169564E-04
   7.2463768E-01   8.5290841E+04   4.3312229E+04   1.2860307E+05   1.5519624E-03   1.7022102E-05   1.0342350E-03
   7.3913043E-01   7.7794300E+04   3.9952038E+04   1.1774634E+05   1.3011586E-03   1.1228381E-04   8.4960664E-04
   7.5362319E-01   7.0819236E+04   3.6181927E+04   1.0700116E+05   1.3236133E-03   2.0091791E-04   8.9995250E-04
   7.6811594E-01   6.4593478E+04   3.1867831E+04   9.6461310E+04   6.6499071E-04   8.6223987E-05   4.5399071E-04
   7.8260870E-01   5.9426201E+04   2.9271087E+04   8.8697289E+04   1.5044712E-03   1.4299192E-04   1.0330123E-03
   7.9710145E-01   5.4722366E+04   2.8118919E+04   8.2841285E+04   1.8491773E-03   2.1012435E-04   1.2490807E-03
   8.1159420E-01   4.9780594E+04   2.5208276E+04   7.4988870E+04   1.8113528E-03   2.9351039E-04   1.2782471E-03
   8.2608696E-01   4.4985631E+04   2.2878330E+04   6.7863961E+04   1.5514235E-03   4.3270446E-04   1.1359637E-03
   8.4057971E-01   4.0891652E+04   2.0197602E+04   6.1089254E+04   1.3393500E-03   2.1154211E-09   8.9652786E-04
   8.5507246E-01   3.6846552E+04   1.7710490E+04   5.4557041E+04   7.2808988E-04   8.7940403E-05   5.1027646E-04
   8.6956522E-01   3.3668767E+04   1.6165049E+04   4.9833816E+04   2.9702422E-03   3.1570546E-04   2.0971869E-03
   8.8405797E-01   3.0048607E+04   1.4061605E+04   4.4097791E+04   2.3521912E-03   5.5906562E-04   1.6523372E-03
   8.9855072E-01   2.5873041E+04   1.2979296E+04   3.8852337E+04   1.8620753E-03   1.1171415E-07   1.2399796E-03
   9.1304348E-01   2.2864404E+04   1.1281857E+04   3.4146261E+04   1.8995362E-03   2.8506447E-09   1.2719341E-03
   9.2753623E-01   1.9073653E+04   9.6256238E+03   2.8699277E+04   2.6832386E-03   3.3195202E-04   1.7861978E-03
   9.4202899E-01   1.5586061E+04   8.0086939E+03   2.3594755E+04   2.9104422E-03   1.2233221E-07   1.9225328E-03
   9.5652174E-01   1.2468213E+04   5.9470849E+03   1.8415298E+04   1.3504614E-03   3.0409910E-08   9.1434968E-04
   9.7101449E-01   8.9797452E+03   4.1392780E+03   1.3119023E+04   2.7704315E-03   1.2334185E-06   1.8965221E-03
   9.8550725E-01   3.9224017E+03   1.9946304E+03   5.9170320E+03   3.3672813E-03   0.0000000E+00   2.2321714E-03
   1.0000000E+00   0.0000000E+00   0.0000000E+00   0.0000000E+00   0.0000000E+00   0.0000000E+00   0.0000000E+00
