   0.0000000E+00   5.6981799E+05   2.9703278E+05   8.6685077E+05   4.2196571E-03   0.0000000E+00   2.7737606E-03
   1.4492754E-02   7.1909211E+05   3.4401245E+05   1.0631046E+06   2.6638827E-04   0.0000000E+00   1.8018707E-04
   2.8985507E-02   7.0583172E+05   3.3302527E+05   1.0388570E+06   1.6368727E-04   3.8655401E-08   1.1122645E-04
   4.3478261E-02   7.1959727E+05   3.4729598E+05   1.0668933E+06   7.7304809E-05   5.4723454E-09   5.2140625E-05
   5.7971014E-02   7.1644003E+05   3.4912718E+05   1.0655672E+06   2.4445818E-04   1.4629863E-04   1.1760529E-04
   7.2463768E-02   7.0666523E+05   3.6522908E+05   1.0718943E+06   3.2467048E-04   3.5416675E-09   2.1404366E-04
   8.6956522E-02   7.4195050E+05   3.7659513E+05   1.1184193E+06   1.0623355E-04   1.4277024E-09   7.0474768E-05
   1.0144928E-01   7.4474691E+05   3.8298177E+05   1.1276204E+06   4.8427802E-05   6.8943134E-10   3.1984679E-05
   1.1594203E-01   7.6730311E+05   4.0027440E+05   1.1675775E+06   5.9709486E-05   1.5094449E-08   3.9239672E-05
   1.3043478E-01   8.1162018E+05   4.0050593E+05   1.2120419E+06   5.2701258E-05   7.0259886E-09   3.5292321E-05
   1.4492754E-01   8.1532467E+05   4.1016287E+05   1.2254118E+06   5.6786008E-05   7.8962223E-11   3.7782409E-05
   1.5942029E-01   8.3543914E+05   4.1606632E+05   1.2514366E+06   1.1097178E-04   1.8439232E-09   7.4082645E-05
   1.7391304E-01   8.5826308E+05   4.2426940E+05   1.2824693E+06   1.0036848E-04   5.5738121E-05   6.7654834E-05
   1.8840580E-01   8.7571046E+05   4.3768037E+05   1.3132160E+06   6.3845184E-05   1.0272631E-05   4.1836432E-05
   2.0289855E-01   8.6262909E+05   4.3402075E+05   1.2965416E+06   2.9947200E-05   4.9086477E-05   1.8399152E-05
   2.1739130E-01   8.3300519E+05   4.3216249E+05   1.2650667E+06   8.3351023E-05   1.2282283E-09   5.4884336E-05
   2.3188406E-01   8.5562679E+05   4.3063123E+05   1.2861633E+06   6.5756559E-05   2.1174606E-09   4.3744321E-05
   2.4637681E-01   8.1871220E+05   4.1969698E+05   1.2381863E+06   6.7351847E-05   4.4460698E-05   4.0526419E-05
   2.6086957E-01   8.1456694E+05   3.9852740E+05   1.2129259E+06   7.7883951E-05   7.4214838E-05   2.7920955E-05
   2.7536232E-01   7.7592236E+05   3.9258736E+05   1.1684300E+06   6.9370882E-05   6.1762851E-05   5.9845387E-05
   2.8985507E-01   7.5148536E+05   3.7307166E+05   1.1245570E+06   5.2206692E-05   2.7181971E-05   4.3660209E-05
   3.0434783E-01   7.1129825E+05   3.5624449E+05   1.0673984E+06   1.3120709E-04   4.8018728E-05   9.5582130E-05
   3.1884058E-01   6.8740494E+05   3.4280696E+05   1.0301430E+06   4.7456229E-05   1.0871613E-05   3.0612871E-05
   3.3333333E-01   6.4826021E+05   3.2236754E+05   9.7062775E+05   1.3984496E-04   3.3329130E-05   8.9607588E-05
   3.4782609E-01   6.1098835E+05   3.0997745E+05   9.2083951E+05   1.0456112E-04   5.1418136E-05   8.5803050E-05
   3.6231884E-01   5.8066878E+05   2.9248636E+05   8.7309452E+05   1.0200148E-04   4.5067449E-05   8.2926973E-05
   3.7681159E-01   5.4172344E+05   2.6561585E+05   8.0719357E+05   1.2102220E-04   6.4067581E-05   1.0229100E-04
   3.9130435E-01   5.1071453E+05   2.5229825E+05   7.6295665E+05   3.6890076E-05   3.6805765E-05   1.3396167E-05
   4.0579710E-01   4.7737411E+05   2.3863293E+05   7.1600704E+05   1.5122203E-04   7.2843113E-05   1.2169802E-04
   4.2028986E-01   4.4920721E+05   2.2287910E+05   6.7200792E+05   6.4145858E-05   8.4682642E-05   3.8394746E-05
   4.3478261E-01   4.2276655E+05   2.0736727E+05   6.3013383E+05   7.7156207E-05   9.5007310E-06   4.8645303E-05
   4.4927536E-01   3.8515022E+05   1.9808704E+05   5.8321282E+05   1.6438196E-04   4.2929572E-05   9.3976486E-05
   4.6376812E-01   3.5911983E+05   1.7714463E+05   5.3626446E+05   2.5722455E-04   6.5908685E-05   1.6903715E-04
   4.7826087E-01   3.3002877E+05   1.6860789E+05   4.9861370E+05   2.9010467E-04   1.1684379E-04   2.1966403E-04
   4.9275362E-01   3.1149664E+05   1.5473429E+05   4.6623092E+05   3.4617321E-04   7.3858095E-05   2.1591798E-04
   5.0724638E-01   2.9120903E+05   1.4271429E+05   4.3385838E+05   8.8480547E-05   5.7290912E-05   4.7470361E-05
   5.2173913E-01   2.6579719E+05   1.3388786E+05   3.9964296E+05   1.0662719E-04   1.0032512E-04   9.7489170E-05
   5.3623188E-01   2.5119995E+05   1.2791414E+05   3.7911409E+05   1.9057514E-04   7.6177267E-10   1.2627439E-04
   5.5072464E-01   2.2857725E+05   1.1282300E+05   3.4136038E+05   4.1444229E-04   1.6660803E-05   2.7900523E-04
   5.6521739E-01   2.1339031E+05   1.0761804E+05   3.2096949E+05   3.8116470E-04   3.3620848E-05   2.6426093E-04
   5.7971014E-01   1.9536346E+05   9.9793921E+04   2.9515738E+05   3.5001804E-04   9.2221752E-05   2.4655525E-04
   5.9420290E-01   1.8344620E+05   9.1371955E+04   2.7478120E+05   1.7219474E-04   7.8968837E-05   1.1028847E-04
   6.0869565E-01   1.6507835E+05   8.0897412E+04   2.4595772E+05   2.8899161E-04   4.2341172E-05   2.0748140E-04
   6.2318841E-01   1.5318616E+05   7.7095302E+04   2.3028146E+05   3.0445002E-04   1.2242458E-08   2.0252036E-04
   6.3768116E-01   1.3940633E+05   7.0676167E+04   2.1006527E+05   1.7674678E-04   2.3762990E-05   1.0940288E-04
   6.5217391E-01   1.3078535E+05   6.4289748E+04   1.9504142E+05   2.2885496E-04   1.1118368E-04   1.8998684E-04
   6.6666667E-01   1.2151790E+05   5.9992978E+04   1.8151088E+05   2.8978426E-04   1.6882254E-08   1.9400081E-04
   6.8115942E-01   1.1017814E+05   5.4234600E+04   1.6438049E+05   6.8214662E-04   1.4820873E-08   4.5721525E-04
   6.9565217E-01   1.0008439E+05   5.2283831E+04   1.5236822E+05   3.3319237E-04   6.9790918E-05   2.2617425E-04
   7.1014493E-01   9.3031508E+04   4.6392042E+04   1.3942355E+05   3.9698022E-04   6.8295326E-08   2.6486792E-04
   7.2463768E-01   8.4760425E+04   4.2978825E+04   1.2773925E+05   5.2351643E-04   5.3386264E-05   3.6523927E-04
   7.3913043E-01   7.9086909E+04   3.9446880E+04   1.1850407E+05   4.2099979E-04   1.8808517E-04   2.7536559E-04
   7.5362319E-01   7.1737263E+04   3.7027095E+04   1.0876436E+05   2.5757450E-04   2.3279446E-04   2.3777865E-04
   7.6811594E-01   6.6123248E+04   3.0938532E+04   9.7061780E+04   6.1299935E-04   6.5002049E-05   4.1543584E-04
   7.8260870E-01   5.9973455E+04   3.0014792E+04   8.9988247E+04   8.0216010E-04   1.6081623E-04   5.7751737E-04
   7.9710145E-01   5.5397440E+04   2.7140750E+04   8.2538190E+04   3.9847780E-04   9.7327921E-08   2.6741585E-04
   8.1159420E-01   5.0714234E+04   2.4667035E+04   7.5381269E+04   4.7801218E-05   2.3441870E-04   9.2259915E-05
   8.2608696E-01   4.5982652E+04   2.2599164E+04   6.8581817E+04   3.0540699E-04   2.2908178E-08   2.0477511E-04
   8.4057971E-01   4.0591170E+04   1.9583574E+04   6.0174744E+04   3.6453076E-04   2.3841273E-05   2.5126302E-04
   8.5507246E-01   3.6140187E+04   1.8532441E+04   5.4672628E+04   5.6274974E-04   6.1819146E-08   3.7197296E-04
   8.6956522E-01   3.2266954E+04   1.6745981E+04   4.9012935E+04   8.3095058E-04   4.6480776E-09   5.4704428E-04
   8.8405797E-01   2.8694619E+04   1.5129890E+04   4.3824509E+04   4.5319577E-05   2.3145023E-08   2.9680177E-05
   8.9855072E-01   2.4919760E+04   1.3003739E+04   3.7923499E+04   1.7086967E-04   6.2095233E-10   1.1227929E-04
   9.1304348E-01   2.1733813E+04   1.1077389E+04   3.2811201E+04   9.7048003E-04   1.9473255E-04   6.1387026E-04
   9.2753623E-01   1.8706624E+04   8.9862835E+03   2.7692908E+04   5.1815352E-04   6.9223524E-10   3.5001382E-04
   9.4202899E-01   1.6157278E+04   8.0436663E+03   2.4200944E+04   5.2160281E-04   4.5950366E-04   1.9552414E-04
   9.5652174E-01   1.3111141E+04   5.9241232E+03   1.9035264E+04   3.3533624E-04   0.0000000E+00   2.3097346E-04
   9.7101449E-01   9.0362927E+03   4.2071350E+03   1.3243428E+04   1.0529459E-03   8.5969930E-04   4.7648627E-04
   9.8550725E-01   4.2009813E+03   1.8274826E+03   6.0284639E+03   2.3631395E-03   7.7676683E-07   1.6465920E-03
   1.0000000E+00   0.0000000E+00   0.0000000E+00   0.0000000E+00   0.0000000E+00   0.0000000E+00   0.0000000E+00
