   0.0000000E+00   5.8800367E+05   3.5765171E+05   9.4565538E+05   4.8932912E-03   1.8414680E-05   3.0376682E-03
   1.4492754E-02   6.0012745E+05   3.4780114E+05   9.4792859E+05   2.9787492E-03   3.7202259E-07   1.8856906E-03
   2.8985507E-02   6.2020748E+05   3.2203809E+05   9.4224557E+05   1.8951618E-03   6.0219501E-07   1.2476354E-03
   4.3478261E-02   6.3144724E+05   3.4224440E+05   9.7369164E+05   1.5806086E-03   5.6000765E-07   1.0250313E-03
   5.7971014E-02   6.6112526E+05   3.4022377E+05   1.0013490E+06   1.5579252E-03   7.1893486E-08   1.0286170E-03
   7.2463768E-02   6.4422773E+05   3.4658876E+05   9.9081649E+05   1.5009022E-03   3.6792666E-07   9.7600155E-04
   8.6956522E-02   6.6112526E+05   3.3719282E+05   9.9831808E+05   1.3600046E-03   2.2411646E-07   9.0067962E-04
   1.0144928E-01   6.8553520E+05   3.5949193E+05   1.0450271E+06   2.7683210E-04   1.4941476E-07   1.8156219E-04
   1.1594203E-01   7.0649474E+05   3.7062796E+05   1.0771227E+06   1.1282443E-04   2.3966777E-07   7.4069459E-05
   1.3043478E-01   7.1850276E+05   3.7583740E+05   1.0940876E+06   8.1567230E-04   2.1099884E-06   5.3495209E-04
   1.4492754E-01   7.2697257E+05   3.8697612E+05   1.1138729E+06   9.0642488E-04   2.1709055E-07   5.9162175E-04
   1.5942029E-01   7.5236364E+05   4.0001608E+05   1.1523797E+06   5.2427269E-04   3.8815810E-07   3.4228861E-04
   1.7391304E-01   7.5918901E+05   4.0722032E+05   1.1662830E+06   4.7363621E-04   2.6790050E-07   3.0837562E-04
   1.8840580E-01   7.6379858E+05   4.1500655E+05   1.1786886E+06   8.0117674E-04   3.7928591E-07   5.1912684E-04
   2.0289855E-01   7.6742489E+05   4.0998967E+05   1.1773604E+06   1.3437895E-03   5.3381819E-08   8.7588887E-04
   2.1739130E-01   7.6996150E+05   4.0655099E+05   1.1764115E+06   1.9959855E-03   5.3556904E-08   1.3063761E-03
   2.3188406E-01   7.4035610E+05   4.0174252E+05   1.1420039E+06   1.1114173E-03   3.5939490E-07   7.2046624E-04
   2.4637681E-01   7.2805124E+05   3.9103670E+05   1.1189988E+06   1.4082507E-03   2.1162412E-07   9.1618328E-04
   2.6086957E-01   7.1572439E+05   3.7587949E+05   1.0915618E+06   1.7173207E-03   5.6942942E-08   1.1260082E-03
   2.7536232E-01   6.9045764E+05   3.6957610E+05   1.0598742E+06   1.5029994E-03   2.4195905E-07   9.7920970E-04
   2.8985507E-01   6.7131682E+05   3.5079420E+05   1.0220731E+06   2.7678320E-03   1.3670084E-06   1.8184187E-03
   3.0434783E-01   6.4487000E+05   3.3827531E+05   9.8314531E+05   1.6149237E-03   7.3947251E-07   1.0592314E-03
   3.1884058E-01   6.1745207E+05   3.2937436E+05   9.4672310E+05   2.7346068E-03   2.0059848E-07   1.7835659E-03
   3.3333333E-01   5.8978270E+05   3.0724575E+05   8.9696256E+05   4.3757728E-03   6.8072736E-07   2.8770964E-03
   3.4782609E-01   5.6347194E+05   2.8636132E+05   8.4973855E+05   3.8753751E-03   1.7149131E-07   2.5698396E-03
   3.6231884E-01   5.2665730E+05   2.7824091E+05   8.0477698E+05   5.4716608E-03   1.7405242E-07   3.5807652E-03
   3.7681159E-01   5.0847046E+05   2.6025341E+05   7.6866558E+05   6.1802027E-03   3.5179939E-07   4.0882873E-03
   3.9130435E-01   4.7681282E+05   2.4295283E+05   7.1973759E+05   5.6502453E-03   6.9036994E-07   3.7430066E-03
   4.0579710E-01   4.5023090E+05   2.3238160E+05   6.8261250E+05   6.8345228E-03   7.3669797E-07   4.5078727E-03
   4.2028986E-01   4.3120443E+05   2.1522335E+05   6.4640165E+05   8.4522971E-03   8.2238059E-07   5.6305190E-03
   4.3478261E-01   4.0319169E+05   2.0428581E+05   6.0745224E+05   1.0813292E-02   6.9987883E-07   7.1773949E-03
   4.4927536E-01   3.7573962E+05   1.9104742E+05   5.6676260E+05   1.1517609E-02   5.8782816E-08   7.6356918E-03
   4.6376812E-01   3.5412350E+05   1.7842331E+05   5.3254681E+05   1.2016493E-02   1.1610861E-06   7.9908952E-03
   4.7826087E-01   3.3542477E+05   1.6564583E+05   5.0104764E+05   1.2304617E-02   3.6737379E-07   8.2372984E-03
   4.9275362E-01   3.1151892E+05   1.5562574E+05   4.6714467E+05   1.5039005E-02   4.4060359E-07   1.0028735E-02
   5.0724638E-01   2.9718433E+05   1.4290914E+05   4.4000687E+05   1.5339353E-02   2.1338553E-06   1.0358291E-02
   5.2173913E-01   2.7520575E+05   1.3685566E+05   4.1204037E+05   1.7429611E-02   1.7661965E-07   1.1653587E-02
   5.3623188E-01   2.5959649E+05   1.2752504E+05   3.8710105E+05   2.1206397E-02   1.8513940E-06   1.4221950E-02
   5.5072464E-01   2.4584567E+05   1.1788788E+05   3.6367373E+05   2.2289720E-02   1.2570729E-06   1.5082254E-02
   5.6521739E-01   2.3344119E+05   1.1197017E+05   3.4541135E+05   2.3398403E-02   7.9935590E-07   1.5813295E-02
   5.7971014E-01   2.1688318E+05   1.0502230E+05   3.2188654E+05   2.5648554E-02   1.5003181E-06   1.7281575E-02
   5.9420290E-01   2.0438561E+05   9.5308490E+04   2.9969410E+05   2.6554542E-02   1.9417569E-06   1.8110242E-02
   6.0869565E-01   1.9138264E+05   8.8889730E+04   2.8027237E+05   2.9318636E-02   3.3330147E-07   2.0020015E-02
   6.2318841E-01   1.7637643E+05   8.3086708E+04   2.5944552E+05   3.0779736E-02   1.5516231E-06   2.0925125E-02
   6.3768116E-01   1.6565157E+05   7.7823002E+04   2.4347457E+05   3.4192713E-02   1.5202044E-06   2.3287952E-02
   6.5217391E-01   1.5479719E+05   7.1159894E+04   2.2592340E+05   3.5953292E-02   1.4330134E-06   2.4628859E-02
   6.6666667E-01   1.4289926E+05   6.7487982E+04   2.1038724E+05   3.9491204E-02   7.8491184E-07   2.6823459E-02
   6.8115942E-01   1.3495774E+05   6.0747911E+04   1.9568953E+05   3.7237989E-02   1.2035309E-06   2.5680912E-02
   6.9565217E-01   1.2417410E+05   5.8914027E+04   1.8308813E+05   4.0276888E-02   6.6282570E-07   2.7316792E-02
   7.1014493E-01   1.1550072E+05   5.2577647E+04   1.6807837E+05   4.3359857E-02   2.5739892E-06   2.9796304E-02
   7.2463768E-01   1.0738644E+05   4.9283194E+04   1.5665448E+05   4.9661390E-02   4.3550188E-07   3.4042825E-02
   7.3913043E-01   1.0120985E+05   4.4617319E+04   1.4582717E+05   4.7138144E-02   9.9464221E-07   3.2715913E-02
   7.5362319E-01   9.4309073E+04   4.1413224E+04   1.3570773E+05   5.2996151E-02   6.8133250E-07   3.6832396E-02
   7.6811594E-01   8.7068234E+04   3.8530196E+04   1.2559843E+05   5.6472096E-02   1.7771715E-06   3.9148504E-02
   7.8260870E-01   7.9548320E+04   3.6722165E+04   1.1627048E+05   5.4900478E-02   5.1552391E-06   3.7561418E-02
   7.9710145E-01   7.5098594E+04   3.3285306E+04   1.0837012E+05   6.0243401E-02   3.0703229E-06   4.1747102E-02
   8.1159420E-01   7.0036519E+04   2.9754696E+04   9.9777684E+04   6.0754700E-02   1.4813288E-06   4.2645716E-02
   8.2608696E-01   6.4779840E+04   2.7251933E+04   9.2018479E+04   6.3294811E-02   2.0141641E-06   4.4558333E-02
   8.4057971E-01   5.7927663E+04   2.5449501E+04   8.3377164E+04   6.5405575E-02   3.8805760E-06   4.5442535E-02
   8.5507246E-01   5.1192177E+04   2.3425622E+04   7.4617799E+04   7.0817187E-02   5.7932019E-07   4.8584781E-02
   8.6956522E-01   4.9530721E+04   2.0660954E+04   7.0191675E+04   7.3229148E-02   7.4528217E-07   5.1674332E-02
   8.8405797E-01   4.4159900E+04   1.7539741E+04   6.1699641E+04   7.8757935E-02   1.3235264E-06   5.6368653E-02
   8.9855072E-01   3.6970217E+04   1.6841309E+04   5.3811526E+04   7.4287196E-02   2.3390772E-06   5.1038173E-02
   9.1304348E-01   3.3556910E+04   1.4216584E+04   4.7773494E+04   8.2658420E-02   1.3175776E-06   5.8060299E-02
   9.2753623E-01   2.9208381E+04   1.2940722E+04   4.2149103E+04   8.5510981E-02   7.2138889E-06   5.9258796E-02
   9.4202899E-01   2.3746302E+04   1.0701573E+04   3.4447875E+04   8.9706603E-02   4.7989368E-07   6.1838222E-02
   9.5652174E-01   2.0045580E+04   8.2891801E+03   2.8334760E+04   8.8341855E-02   7.8447140E-06   6.2500078E-02
   9.7101449E-01   1.4170807E+04   5.5755849E+03   1.9746392E+04   9.3444574E-02   5.3490350E-06   6.7058096E-02
   9.8550725E-01   6.6747687E+03   2.6743648E+03   9.3491335E+03   9.3820792E-02   4.9759661E-07   6.6983020E-02
   1.0000000E+00   4.3768184E+01   4.3768184E+01   8.7536368E+01   3.3142054E-01   2.1653540E-05   1.6572105E-01
