   0.0000000E+00   7.3348911E+05   3.6371361E+05   1.0972027E+06   0.0000000E+00   0.0000000E+00   0.0000000E+00
   1.4492754E-02   6.6226186E+05   3.2885772E+05   9.9111958E+05   2.1954131E-04   1.4496161E-08   1.4669798E-04
   2.8985507E-02   7.1227248E+05   3.4439132E+05   1.0566638E+06   6.7826394E-04   0.0000000E+00   4.5720194E-04
   4.3478261E-02   6.7564854E+05   3.4956919E+05   1.0252177E+06   1.3713023E-04   4.6698976E-09   9.0372537E-05
   5.7971014E-02   6.9825435E+05   3.5310529E+05   1.0513596E+06   4.9735121E-05   4.2806329E-09   3.3031570E-05
   7.2463768E-02   7.1894057E+05   3.7462502E+05   1.0935656E+06   8.0100881E-05   1.4619840E-08   5.2659007E-05
   8.6956522E-02   7.1441940E+05   3.7116469E+05   1.0855841E+06   2.7580204E-04   1.5280942E-09   1.8150408E-04
   1.0144928E-01   7.5611296E+05   3.7237346E+05   1.1283782E+06   1.0735082E-04   6.8622188E-05   8.0495271E-05
   1.1594203E-01   7.8833030E+05   3.8275174E+05   1.1709873E+06   1.2652845E-04   5.8081473E-09   8.5179435E-05
   1.3043478E-01   7.9983317E+05   4.0513655E+05   1.2049697E+06   1.4583850E-04   4.5274597E-09   9.6803863E-05
   1.4492754E-01   8.2055306E+05   4.0281282E+05   1.2232901E+06   1.5002532E-04   4.0829593E-09   1.0063451E-04
   1.5942029E-01   8.2427974E+05   4.3177214E+05   1.2560519E+06   8.4168886E-05   1.7657790E-09   5.5235141E-05
   1.7391304E-01   8.5434811E+05   4.2395367E+05   1.2782386E+06   6.9124326E-05   4.3765615E-05   5.8461939E-05
   1.8840580E-01   8.6143003E+05   4.3435798E+05   1.2956714E+06   3.7301599E-05   4.9311254E-09   2.4798656E-05
   2.0289855E-01   8.7291266E+05   4.3212641E+05   1.3050391E+06   6.1271106E-05   3.2852138E-05   4.9935241E-05
   2.1739130E-01   8.5977856E+05   4.3499137E+05   1.2947194E+06   9.1051899E-05   1.3409342E-08   6.0464879E-05
   2.3188406E-01   8.4004583E+05   4.2580066E+05   1.2658465E+06   1.4110306E-04   6.0182840E-05   8.5282857E-05
   2.4637681E-01   8.1755331E+05   4.0864294E+05   1.2261517E+06   1.2848532E-04   2.6000624E-08   8.5677779E-05
   2.6086957E-01   8.1313565E+05   4.0160044E+05   1.2146519E+06   3.8549078E-05   7.3809062E-08   2.5798899E-05
   2.7536232E-01   7.8361937E+05   3.9099213E+05   1.1745317E+06   1.3173756E-04   1.5845978E-05   9.0489633E-05
   2.8985507E-01   7.4496882E+05   3.6871467E+05   1.1136077E+06   1.1140364E-04   1.3954120E-08   7.4524680E-05
   3.0434783E-01   7.0754565E+05   3.5696614E+05   1.0644757E+06   6.0128345E-05   2.7265639E-05   4.7101004E-05
   3.1884058E-01   6.7300795E+05   3.4556237E+05   1.0185359E+06   1.0930463E-04   2.9904294E-05   7.0088962E-05
   3.3333333E-01   6.3850846E+05   3.2678218E+05   9.6519181E+05   6.5787077E-05   4.8755524E-07   4.3429896E-05
   3.4782609E-01   6.0862042E+05   3.0827254E+05   9.1686139E+05   3.0212865E-04   2.1772899E-05   2.0231507E-04
   3.6231884E-01   5.7224274E+05   2.9081934E+05   8.6291054E+05   2.3619699E-04   2.3204557E-05   1.6235448E-04
   3.7681159E-01   5.4079084E+05   2.7701105E+05   8.1780189E+05   1.6633088E-04   3.3959450E-05   1.1662373E-04
   3.9130435E-01   5.1725351E+05   2.5420663E+05   7.7146014E+05   1.1546667E-04   5.0833760E-05   8.6046239E-05
   4.0579710E-01   4.8021562E+05   2.3944479E+05   7.1963335E+05   2.6682601E-04   2.8610471E-05   1.8674905E-04
   4.2028986E-01   4.4667271E+05   2.2172943E+05   6.6829763E+05   8.8611472E-05   1.8453569E-06   5.8678453E-05
   4.3478261E-01   4.1556806E+05   2.0921110E+05   6.2477915E+05   3.0812663E-04   4.6052032E-05   2.2031328E-04
   4.4927536E-01   3.8678791E+05   1.9077854E+05   5.7754201E+05   4.0920775E-04   1.2481805E-05   2.7734081E-04
   4.6376812E-01   3.5987757E+05   1.7745246E+05   5.3728267E+05   2.2777977E-04   4.5940991E-05   1.3895108E-04
   4.7826087E-01   3.3622843E+05   1.6856197E+05   5.0476744E+05   4.3130767E-04   7.5176500E-05   2.8539841E-04
   4.9275362E-01   3.1651107E+05   1.5767609E+05   4.7416487E+05   4.0149672E-04   3.4826078E-05   2.5694176E-04
   5.0724638E-01   2.8679251E+05   1.4390502E+05   4.3069753E+05   4.9032211E-04   6.1906749E-08   3.2647479E-04
   5.2173913E-01   2.6802830E+05   1.3519285E+05   4.0320011E+05   5.0605851E-04   4.8609195E-05   3.2077204E-04
   5.3623188E-01   2.4501518E+05   1.2473984E+05   3.6971406E+05   6.9424542E-04   2.1363995E-09   4.6008781E-04
   5.5072464E-01   2.2945463E+05   1.1395961E+05   3.4341424E+05   7.6815161E-04   9.7101412E-05   5.3800600E-04
   5.6521739E-01   2.1358460E+05   1.0682144E+05   3.2040604E+05   6.4053491E-04   1.9555649E-05   4.2075182E-04
   5.7971014E-01   1.9559078E+05   9.6990296E+04   2.9256213E+05   7.5031219E-04   1.1201762E-04   5.2588745E-04
   5.9420290E-01   1.8370494E+05   9.1889434E+04   2.7557590E+05   4.1858254E-04   6.0676619E-05   2.8858290E-04
   6.0869565E-01   1.6684640E+05   8.1348445E+04   2.4817681E+05   5.1371244E-04   2.4647492E-08   3.4535613E-04
   6.2318841E-01   1.5674576E+05   7.5932264E+04   2.3267803E+05   7.9571168E-04   6.5949129E-05   5.5729055E-04
   6.3768116E-01   1.4421107E+05   7.1967764E+04   2.1617883E+05   8.2491387E-04   4.5827148E-05   5.5915840E-04
   6.5217391E-01   1.3324379E+05   6.3077369E+04   1.9632116E+05   1.1930133E-03   4.0043001E-08   8.0971190E-04
   6.6666667E-01   1.2136965E+05   6.2365024E+04   1.8371820E+05   1.0449344E-03   4.2182420E-08   6.9030823E-04
   6.8115942E-01   1.1101649E+05   5.5459876E+04   1.6647636E+05   9.1225397E-04   1.0160748E-08   6.0834885E-04
   6.9565217E-01   1.0196294E+05   5.2062825E+04   1.5402577E+05   7.6833775E-04   2.8109092E-07   5.0855249E-04
   7.1014493E-01   9.1577891E+04   4.7118851E+04   1.3869674E+05   8.1900078E-04   1.1666163E-04   5.7852229E-04
   7.2463768E-01   8.3972379E+04   4.3327384E+04   1.2729976E+05   1.3642337E-03   2.9088934E-05   8.9251778E-04
   7.3913043E-01   7.8150882E+04   3.9521168E+04   1.1767205E+05   1.2942306E-03   4.6646926E-08   8.5954664E-04
   7.5362319E-01   7.3966758E+04   3.4914175E+04   1.0888093E+05   1.4186705E-03   1.2527715E-08   9.6375320E-04
   7.6811594E-01   6.5908795E+04   3.3626352E+04   9.9535147E+04   1.1998702E-03   1.0398705E-07   7.9449668E-04
   7.8260870E-01   6.0366356E+04   2.9734149E+04   9.0100505E+04   1.8395429E-03   2.8200497E-07   1.2325446E-03
   7.9710145E-01   5.3468656E+04   2.7650500E+04   8.1119156E+04   1.3062409E-03   4.8131005E-08   8.6100149E-04
   8.1159420E-01   5.0294772E+04   2.5018842E+04   7.5313614E+04   1.5267368E-03   1.0052395E-07   1.0195668E-03
   8.2608696E-01   4.5730074E+04   2.2997973E+04   6.8728047E+04   1.8999760E-03   2.7550381E-08   1.2642097E-03
   8.4057971E-01   4.1505680E+04   1.9870991E+04   6.1376671E+04   1.9299291E-03   2.0953061E-07   1.3050545E-03
   8.5507246E-01   3.7475858E+04   1.7800391E+04   5.5276249E+04   2.0223637E-03   6.3181172E-08   1.3711280E-03
   8.6956522E-01   3.3580364E+04   1.6518660E+04   5.0099024E+04   1.6700823E-03   1.1170950E-05   1.1200610E-03
   8.8405797E-01   2.9825013E+04   1.5005671E+04   4.4830683E+04   2.7213973E-03   1.5180743E-08   1.8104959E-03
   8.9855072E-01   2.5714161E+04   1.3199284E+04   3.8913445E+04   2.5825951E-03   5.0502658E-09   1.7065882E-03
   9.1304348E-01   2.2383301E+04   1.1534436E+04   3.3917737E+04   1.7709090E-03   1.0489870E-07   1.1686709E-03
   9.2753623E-01   1.9393323E+04   9.3651518E+03   2.8758475E+04   1.6224878E-03   4.8017153E-09   1.0941280E-03
   9.4202899E-01   1.4700092E+04   7.7522292E+03   2.2452321E+04   7.7930837E-04   1.8120403E-08   5.1022629E-04
   9.5652174E-01   1.2640426E+04   6.6703790E+03   1.9310805E+04   2.6863482E-03   1.9283629E-07   1.7583797E-03
   9.7101449E-01   9.0136737E+03   4.3315396E+03   1.3345213E+04   2.1036596E-03   2.6885635E-09   1.4208607E-03
   9.8550725E-01   3.9892608E+03   1.8274826E+03   5.8167434E+03   1.9878297E-03   0.0000000E+00   1.3633008E-03
   1.0000000E+00   0.0000000E+00   0.0000000E+00   0.0000000E+00   0.0000000E+00   0.0000000E+00   0.0000000E+00
