   0.0000000E+00   6.6074639E+05   3.7583740E+05   1.0365838E+06   0.0000000E+00   0.0000000E+00   0.0000000E+00
   1.4492754E-02   7.0545285E+05   3.1824941E+05   1.0237023E+06   2.7535722E-04   0.0000000E+00   1.8975394E-04
   2.8985507E-02   6.7931094E+05   3.4969548E+05   1.0290064E+06   3.8792250E-04   1.6387091E-11   2.5609170E-04
   4.3478261E-02   6.8524654E+05   3.4375988E+05   1.0290064E+06   8.3017856E-05   0.0000000E+00   5.5284105E-05
   5.7971014E-02   6.8158415E+05   3.7034380E+05   1.0519280E+06   3.3852600E-04   5.8119267E-09   2.1934561E-04
   7.2463768E-02   7.1833438E+05   3.5901564E+05   1.0773500E+06   1.9870198E-04   2.2032381E-08   1.3248418E-04
   8.6956522E-02   7.3247879E+05   3.6497650E+05   1.0972027E+06   2.3478243E-04   8.6243991E-10   1.5673754E-04
   1.0144928E-01   7.5373150E+05   3.6587857E+05   1.1196101E+06   8.3752801E-05   1.6026557E-05   6.0642940E-05
   1.1594203E-01   7.7175481E+05   3.8644571E+05   1.1581058E+06   8.2132806E-05   3.0687486E-08   5.4724469E-05
   1.3043478E-01   8.0303250E+05   4.0505235E+05   1.2080007E+06   1.1540516E-04   3.3952217E-05   7.4636941E-05
   1.4492754E-01   8.1646128E+05   4.1523970E+05   1.2313979E+06   2.0950294E-04   5.5734516E-09   1.3890672E-04
   1.5942029E-01   8.5700019E+05   4.2502139E+05   1.2820216E+06   6.7138149E-05   1.9475060E-08   4.4877918E-05
   1.7391304E-01   8.5939969E+05   4.3973986E+05   1.2991395E+06   8.9702565E-05   2.5304255E-07   5.9399027E-05
   1.8840580E-01   8.6673419E+05   4.3453284E+05   1.3010922E+06   3.6152929E-05   5.0829326E-09   2.4085291E-05
   2.0289855E-01   8.5743318E+05   4.3548210E+05   1.2928070E+06   3.8987079E-05   5.2586186E-05   4.3570935E-05
   2.1739130E-01   8.6104145E+05   4.2857587E+05   1.2895163E+06   4.5902196E-05   6.3230314E-10   3.0650220E-05
   2.3188406E-01   8.4326621E+05   4.2873689E+05   1.2719084E+06   4.3749854E-05   3.2271640E-08   2.8996435E-05
   2.4637681E-01   8.3244061E+05   4.1002469E+05   1.2424207E+06   8.4824483E-05   6.7701581E-09   5.6834160E-05
   2.6086957E-01   7.9697061E+05   4.1069328E+05   1.2076218E+06   7.8544370E-05   4.0104443E-09   5.1835945E-05
   2.7536232E-01   7.8712889E+05   3.9454153E+05   1.1816305E+06   6.3229137E-05   8.9518289E-09   4.2122027E-05
   2.8985507E-01   7.5356913E+05   3.7386728E+05   1.1272849E+06   1.6383600E-04   3.7358053E-05   1.1438758E-04
   3.0434783E-01   7.1750447E+05   3.5851770E+05   1.0758778E+06   6.3890600E-05   4.1752681E-05   4.7978062E-05
   3.1884058E-01   6.7858764E+05   3.4910996E+05   1.0276632E+06   1.3029954E-04   2.8510357E-07   8.6058488E-05
   3.3333333E-01   6.3771778E+05   3.2625506E+05   9.6384106E+05   4.4948416E-05   2.9359979E-08   2.9742810E-05
   3.4782609E-01   6.1458760E+05   3.0893556E+05   9.2349158E+05   1.1362510E-04   4.9371052E-07   7.5453000E-05
   3.6231884E-01   5.8160837E+05   2.8769746E+05   8.6912398E+05   4.0540499E-05   3.4894975E-05   2.3865527E-05
   3.7681159E-01   5.5428438E+05   2.6753934E+05   8.2176543E+05   1.1979437E-04   1.8058305E-09   8.0801483E-05
   3.9130435E-01   5.0117266E+05   2.5580629E+05   7.5695088E+05   8.8026394E-05   1.0417591E-08   5.8278811E-05
   4.0579710E-01   4.6581863E+05   2.3619735E+05   7.0198891E+05   1.4198572E-04   1.0368851E-08   9.4213943E-05
   4.2028986E-01   4.4445176E+05   2.2512618E+05   6.6952568E+05   1.6769670E-04   4.6993324E-08   1.1130643E-04
   4.3478261E-01   4.1796755E+05   2.0769563E+05   6.2563792E+05   1.0881873E-04   2.4955326E-09   7.2697727E-05
   4.4927536E-01   3.8539465E+05   1.9273399E+05   5.7810420E+05   2.2067917E-04   3.9676723E-05   1.5685879E-04
   4.6376812E-01   3.6548955E+05   1.8173841E+05   5.4722796E+05   7.2684272E-05   3.7069753E-05   3.6415313E-05
   4.7826087E-01   3.2911030E+05   1.6617395E+05   4.9526129E+05   1.9731556E-04   2.1917603E-05   1.3632774E-04
   4.9275362E-01   3.1114005E+05   1.5460057E+05   4.6569605E+05   1.7481372E-04   2.7823496E-08   1.1680499E-04
   5.0724638E-01   2.8804819E+05   1.4752051E+05   4.3554705E+05   2.2859981E-04   1.4056605E-08   1.5117978E-04
   5.2173913E-01   2.7206957E+05   1.3443512E+05   4.0648363E+05   2.7267489E-04   8.7839175E-06   1.7995274E-04
   5.3623188E-01   2.4642826E+05   1.2109451E+05   3.6750229E+05   1.7707329E-04   1.6982157E-08   1.1873406E-04
   5.5072464E-01   2.3314361E+05   1.1557478E+05   3.4871840E+05   3.3547789E-04   2.9088478E-08   2.2429151E-04
   5.6521739E-01   2.1131139E+05   1.0491739E+05   3.1622878E+05   1.0773582E-04   8.9063928E-08   7.2010617E-05
   5.7971014E-01   1.9538240E+05   9.8221618E+04   2.9358508E+05   3.2561930E-04   1.0753695E-07   2.1666571E-04
   5.9420290E-01   1.8076640E+05   8.8507341E+04   2.6927374E+05   2.7277208E-04   3.2021160E-08   1.8312415E-04
   6.0869565E-01   1.6626908E+05   8.2845877E+04   2.4911496E+05   2.3260554E-04   1.0007197E-08   1.5524865E-04
   6.2318841E-01   1.5526553E+05   7.7958770E+04   2.3320668E+05   3.5588493E-04   1.4472120E-08   2.3694772E-04
   6.3768116E-01   1.3992297E+05   6.8092974E+04   2.0801594E+05   4.9331062E-04   6.4628069E-09   3.3182579E-04
   6.5217391E-01   1.3017916E+05   6.6933407E+04   1.9711257E+05   1.2101658E-04   1.0531806E-07   7.9958673E-05
   6.6666667E-01   1.2003537E+05   6.0108286E+04   1.8014366E+05   3.5459218E-04   2.5552304E-09   2.3627552E-04
   6.8115942E-01   1.1251584E+05   5.4153990E+04   1.6666983E+05   1.3194839E-04   1.2284559E-07   8.9044497E-05
   6.9565217E-01   9.9468726E+04   5.0610496E+04   1.5007922E+05   1.8998456E-04   7.9318027E-08   1.2594248E-04
   7.1014493E-01   9.2691300E+04   4.5943585E+04   1.3863489E+05   1.5510977E-04   1.4089788E-08   1.0370927E-04
   7.2463768E-01   8.6912398E+04   4.2357481E+04   1.2926988E+05   2.4772306E-04   5.1568231E-08   1.6654552E-04
   7.3913043E-01   7.8878903E+04   3.8822862E+04   1.1770176E+05   7.0864610E-04   1.2186163E-08   4.7490223E-04
   7.5362319E-01   7.1533257E+04   3.6881376E+04   1.0841463E+05   1.6649816E-04   1.1585267E-07   1.0985063E-04
   7.6811594E-01   6.5765825E+04   3.3612056E+04   9.9377881E+04   4.4351885E-04   4.8413725E-09   2.9351065E-04
   7.8260870E-01   6.0212002E+04   3.0632207E+04   9.0844209E+04   5.8097975E-04   6.9293545E-07   3.8529437E-04
   7.9710145E-01   5.7422664E+04   2.7926041E+04   8.5334928E+04   3.9443003E-04   2.2213426E-09   2.6541517E-04
   8.1159420E-01   4.9482912E+04   2.3489837E+04   7.2972749E+04   7.6829962E-04   3.0105140E-08   5.2098512E-04
   8.2608696E-01   4.3483451E+04   2.2439641E+04   6.5923092E+04   3.6310904E-04   6.7911630E-07   2.3928614E-04
   8.4057971E-01   4.1375036E+04   2.0080022E+04   6.1455058E+04   3.9779448E-04   1.0948977E-08   2.6781611E-04
   8.5507246E-01   3.7206155E+04   1.8558127E+04   5.5764283E+04   3.6698921E-04   5.2510608E-07   2.4501153E-04
   8.6956522E-01   3.3289898E+04   1.6733352E+04   5.0023250E+04   4.0065294E-04   1.9341027E-07   2.6657837E-04
   8.8405797E-01   2.9042432E+04   1.3825589E+04   4.2868021E+04   4.4079774E-04   2.9156216E-08   2.9863206E-04
   8.9855072E-01   2.5323071E+04   1.2380440E+04   3.7703511E+04   4.1133700E-04   2.7878797E-08   2.7626242E-04
   9.1304348E-01   2.3153065E+04   1.1053334E+04   3.4194371E+04   4.5886014E-04   3.4927438E-08   3.1068448E-04
   9.2753623E-01   1.9097332E+04   8.9152457E+03   2.8012578E+04   3.0195297E-04   1.5412754E-08   2.0585609E-04
   9.4202899E-01   1.5854183E+04   7.7055992E+03   2.3559782E+04   4.5142172E-04   8.9300839E-07   3.0395842E-04
   9.5652174E-01   1.2858562E+04   5.9585657E+03   1.8817128E+04   4.4424859E-04   0.0000000E+00   3.0357439E-04
   9.7101449E-01   8.8892692E+03   4.5803486E+03   1.3469618E+04   5.3296136E-04   2.4502745E-07   3.5170879E-04
   9.8550725E-01   4.0004040E+03   1.9277713E+03   5.9281752E+03   1.0533814E-03   0.0000000E+00   7.1083446E-04
   1.0000000E+00   0.0000000E+00   0.0000000E+00   0.0000000E+00   0.0000000E+00   0.0000000E+00   0.0000000E+00
