   0.0000000E+00   6.4862260E+05   2.7884710E+05   9.2746970E+05   0.0000000E+00   0.0000000E+00   0.0000000E+00
   1.4492754E-02   6.9181359E+05   3.5537850E+05   1.0471921E+06   4.2452886E-04   0.0000000E+00   2.8045937E-04
   2.8985507E-02   7.0204304E+05   3.4969548E+05   1.0517385E+06   8.3766234E-05   5.0068161E-08   5.5930705E-05
   4.3478261E-02   6.9787549E+05   3.4704340E+05   1.0449189E+06   2.3790722E-04   9.2675523E-07   1.5894900E-04
   5.7971014E-02   6.9976983E+05   3.3984490E+05   1.0396147E+06   3.4176232E-04   6.9675578E-09   2.3004006E-04
   7.2463768E-02   7.0711987E+05   3.5856100E+05   1.0656809E+06   2.2313607E-04   1.6526784E-04   1.0192329E-04
   8.6956522E-02   7.3917214E+05   3.6497650E+05   1.1041486E+06   8.0976225E-05   1.1143701E-10   5.4209528E-05
   1.0144928E-01   7.6120062E+05   3.9207461E+05   1.1531670E+06   1.9829027E-04   1.0479411E-04   9.6216573E-05
   1.1594203E-01   7.8662540E+05   3.8786647E+05   1.1744919E+06   1.3847985E-04   1.2370719E-05   9.5336352E-05
   1.3043478E-01   8.0842085E+05   3.9587532E+05   1.2042120E+06   3.0126242E-05   6.1647284E-09   2.0226292E-05
   1.4492754E-01   8.2616031E+05   4.2327171E+05   1.2492805E+06   1.0046078E-04   1.1551937E-04   8.4141095E-05
   1.5942029E-01   8.3888339E+05   4.2474585E+05   1.2634915E+06   5.4195377E-05   3.6751577E-05   4.8280996E-05
   1.7391304E-01   8.5314836E+05   4.2452198E+05   1.2776072E+06   4.7963196E-05   2.2338354E-09   3.2027911E-05
   1.8840580E-01   8.6422783E+05   4.3272593E+05   1.2968955E+06   3.3152564E-05   5.6701614E-05   1.9249193E-05
   2.0289855E-01   8.5559296E+05   4.4305946E+05   1.2986524E+06   1.3568923E-04   2.2762813E-05   8.1635942E-05
   2.1739130E-01   8.5811154E+05   4.2559544E+05   1.2836059E+06   8.5745498E-05   2.3558027E-05   6.2842838E-05
   2.3188406E-01   8.4530263E+05   4.2456934E+05   1.2697299E+06   7.0257912E-05   3.9354587E-05   3.9286002E-05
   2.4637681E-01   8.3712074E+05   4.1657689E+05   1.2536085E+06   5.7257497E-05   4.7712630E-05   5.3615077E-05
   2.6086957E-01   8.1296727E+05   3.9625419E+05   1.2090531E+06   6.9810502E-05   3.3623194E-05   3.6463954E-05
   2.7536232E-01   7.6591226E+05   3.9406296E+05   1.1598556E+06   3.9288142E-05   2.9277089E-05   2.9771088E-05
   2.8985507E-01   7.4053606E+05   3.7610260E+05   1.1165250E+06   1.1877929E-04   4.2513597E-05   1.0283807E-04
   3.0434783E-01   7.1757664E+05   3.6219813E+05   1.0796665E+06   1.2695702E-04   2.7229057E-05   9.3088735E-05
   3.1884058E-01   6.7355903E+05   3.3901828E+05   1.0124395E+06   9.0902696E-05   1.7740153E-05   5.6169436E-05
   3.3333333E-01   6.5046753E+05   3.2216987E+05   9.7253856E+05   6.3870445E-05   5.9984030E-05   6.2570234E-05
   3.4782609E-01   6.1701867E+05   3.0221065E+05   9.1913460E+05   1.3475592E-04   7.1238719E-05   7.7342360E-05
   3.6231884E-01   5.8445746E+05   2.8748530E+05   8.7185183E+05   1.3917208E-04   3.1893839E-05   9.9472923E-05
   3.7681159E-01   5.3673987E+05   2.7567043E+05   8.1229373E+05   7.5939255E-05   4.3115732E-05   4.1605673E-05
   3.9130435E-01   5.1175290E+05   2.5215793E+05   7.6391083E+05   1.9986228E-04   6.9566664E-05   1.1098026E-04
   4.0579710E-01   4.7547977E+05   2.3814581E+05   7.1354440E+05   1.8072325E-04   8.8795533E-05   1.4897632E-04
   4.2028986E-01   4.5182009E+05   2.2308813E+05   6.7475145E+05   3.5971300E-04   3.0323198E-05   2.4226622E-04
   4.3478261E-01   4.1177937E+05   2.1168637E+05   6.2346574E+05   1.1204626E-04   4.6290600E-05   8.9154706E-05
   4.4927536E-01   3.8725233E+05   1.9627824E+05   5.8353058E+05   2.1764868E-04   1.0007901E-04   1.7808468E-04
   4.6376812E-01   3.5713077E+05   1.7574755E+05   5.3285464E+05   2.7249984E-04   4.6079248E-06   1.8114015E-04
   4.7826087E-01   3.3099316E+05   1.6727611E+05   4.9820039E+05   4.6179369E-04   5.4437787E-05   3.2236430E-04
   4.9275362E-01   3.0688336E+05   1.5535831E+05   4.6219709E+05   2.9563210E-04   6.0505808E-05   1.7718205E-04
   5.0724638E-01   2.8943376E+05   1.4578854E+05   4.3522230E+05   1.5622962E-04   1.5560625E-04   1.4299846E-04
   5.2173913E-01   2.6969111E+05   1.3304593E+05   4.0271600E+05   3.2745151E-04   6.4815163E-06   2.1939145E-04
   5.3623188E-01   2.4667401E+05   1.2529278E+05   3.7196679E+05   2.8772316E-04   1.3432380E-04   2.2831972E-04
   5.5072464E-01   2.2789928E+05   1.1732954E+05   3.4518894E+05   1.3996731E-04   6.4084513E-06   9.2687592E-05
   5.6521739E-01   2.1467263E+05   1.0526711E+05   3.1992031E+05   1.2968972E-04   2.0063005E-05   8.5376041E-05
   5.7971014E-01   1.9574233E+05   9.8411052E+04   2.9415338E+05   2.9834038E-04   1.7197086E-04   2.3228675E-04
   5.9420290E-01   1.7934334E+05   9.0965365E+04   2.7030870E+05   7.2191792E-04   1.3903612E-04   4.9845187E-04
   6.0869565E-01   1.6661186E+05   8.1384528E+04   2.4799639E+05   3.0383602E-04   3.9204071E-05   2.0692771E-04
   6.2318841E-01   1.5380293E+05   7.4716361E+04   2.2851929E+05   4.8782235E-04   2.4855297E-05   3.2265014E-04
   6.3768116E-01   1.4221340E+05   7.0727831E+04   2.1292401E+05   4.3913140E-04   1.0519876E-04   3.2165726E-04
   6.5217391E-01   1.3026336E+05   6.4323425E+04   1.9456994E+05   1.0085184E-03   5.1544836E-05   6.6963584E-04
   6.6666667E-01   1.2054602E+05   6.2117936E+04   1.8263101E+05   2.0693770E-04   1.5724629E-04   1.8839003E-04
   6.8115942E-01   1.1235462E+05   5.6346590E+04   1.6871733E+05   6.2583914E-04   1.2793389E-04   4.5511234E-04
   6.9565217E-01   1.0308376E+05   5.1447164E+04   1.5451514E+05   9.6300756E-04   7.2073412E-05   6.6606255E-04
   7.1014493E-01   9.4222237E+04   4.8309580E+04   1.4253182E+05   5.9004394E-04   7.0121708E-05   4.0783764E-04
   7.2463768E-01   8.4457331E+04   4.1402732E+04   1.2584491E+05   1.0610087E-03   2.5096090E-04   7.6895015E-04
   7.3913043E-01   8.1464122E+04   3.7366819E+04   1.1883094E+05   1.3688397E-03   2.8222510E-04   1.0079405E-03
   7.5362319E-01   7.2392997E+04   3.5336759E+04   1.0772976E+05   6.5189750E-04   1.1086387E-04   4.3398130E-04
   7.6811594E-01   6.6966767E+04   3.3883697E+04   1.0085046E+05   5.7798611E-04   3.0495942E-06   3.8278630E-04
   7.8260870E-01   6.0745224E+04   2.9327216E+04   9.0072440E+04   1.1975489E-03   2.8699914E-04   7.5944649E-04
   7.9710145E-01   5.3978406E+04   2.7664277E+04   8.1642683E+04   9.1330416E-04   2.0635722E-04   5.3572288E-04
   8.1159420E-01   4.9875311E+04   2.5086497E+04   7.4961808E+04   1.1652566E-03   1.9149138E-04   8.0628862E-04
   8.2608696E-01   4.5663605E+04   2.3516424E+04   6.9166736E+04   9.1160777E-04   1.8427916E-04   6.6447656E-04
   8.4057971E-01   4.1309714E+04   1.9505187E+04   6.0814901E+04   1.6611892E-03   1.0228934E-08   1.1283927E-03
   8.5507246E-01   3.6461262E+04   1.8596656E+04   5.5045075E+04   9.6773542E-04   2.4070290E-04   5.8764642E-04
   8.6956522E-01   3.1698651E+04   1.7112220E+04   4.8810871E+04   4.1827486E-04   4.7922959E-08   2.7164610E-04
   8.8405797E-01   2.8446180E+04   1.4434263E+04   4.2868021E+04   8.7444133E-04   2.1064193E-08   5.8025129E-04
   8.9855072E-01   2.5946371E+04   1.2734865E+04   3.8681236E+04   1.2979119E-03   7.8381479E-09   8.7060774E-04
   9.1304348E-01   2.2190860E+04   1.1281857E+04   3.3460690E+04   4.9497399E-04   6.4685943E-09   3.2826290E-04
   9.2753623E-01   1.9132851E+04   9.1875573E+03   2.8320409E+04   1.0149623E-03   6.0366062E-08   6.8570299E-04
   9.4202899E-01   1.6483687E+04   8.3467610E+03   2.4830448E+04   1.0000548E-03   9.2033348E-07   6.6411516E-04
   9.5652174E-01   1.1928612E+04   5.8552380E+03   1.7783850E+04   1.3546809E-03   0.0000000E+00   9.0865942E-04
   9.7101449E-01   8.8101026E+03   4.3089205E+03   1.3119023E+04   1.1111469E-03   7.4882261E-04   9.3787160E-04
   9.8550725E-01   4.3681291E+03   2.0057736E+03   6.3739027E+03   1.5017547E-03   2.4477529E-08   1.0291787E-03
   1.0000000E+00   0.0000000E+00   0.0000000E+00   0.0000000E+00   0.0000000E+00   0.0000000E+00   0.0000000E+00
