   0.0000000E+00   8.4866509E+05   3.5765171E+05   1.2063168E+06   0.0000000E+00   0.0000000E+00   0.0000000E+00
   1.4492754E-02   7.0014870E+05   3.3037319E+05   1.0305219E+06   1.0603024E-03   1.5571648E-10   7.2038191E-04
   2.8985507E-02   6.7779546E+05   3.5575737E+05   1.0335528E+06   4.6417553E-05   0.0000000E+00   3.0440250E-05
   4.3478261E-02   6.5493707E+05   3.3214125E+05   9.8707832E+05   3.1593522E-04   7.5649110E-08   2.0960392E-04
   5.7971014E-02   7.0924154E+05   3.5215812E+05   1.0613997E+06   1.4843702E-04   1.2269024E-08   9.9184118E-05
   7.2463768E-02   7.1181784E+05   3.6371361E+05   1.0755314E+06   9.1174473E-05   1.6224732E-05   5.9986624E-05
   8.6956522E-02   7.2591174E+05   3.7495337E+05   1.1008651E+06   1.9853450E-04   1.2597688E-08   1.3091493E-04
   1.0144928E-01   7.5557172E+05   3.8135805E+05   1.1369298E+06   2.1516546E-04   1.3951786E-05   1.4766120E-04
   1.1594203E-01   7.8823559E+05   3.7773174E+05   1.1658726E+06   5.4163510E-05   9.0840444E-05   2.4652906E-05
   1.3043478E-01   7.9259257E+05   3.9680144E+05   1.1893098E+06   2.1430526E-04   1.1423254E-08   1.4281753E-04
   1.4492754E-01   8.2297781E+05   4.2168046E+05   1.2445825E+06   1.8467308E-04   1.5394486E-08   1.2211993E-04
   1.5942029E-01   8.2868839E+05   4.2495251E+05   1.2536409E+06   1.1555972E-04   1.0014852E-04   6.5174314E-05
   1.7391304E-01   8.4778106E+05   4.3670891E+05   1.2844268E+06   2.1492702E-04   4.6014269E-05   1.5237680E-04
   1.8840580E-01   8.6329523E+05   4.4339254E+05   1.3065129E+06   1.4708254E-04   4.3269267E-05   8.3689730E-05
   2.0289855E-01   8.5813679E+05   4.3012382E+05   1.2880441E+06   9.3652247E-05   8.8617663E-09   6.2391326E-05
   2.1739130E-01   8.6351673E+05   4.2534286E+05   1.2888091E+06   2.0082634E-04   4.0030806E-08   1.3455753E-04
   2.3188406E-01   8.3857772E+05   4.1893367E+05   1.2574167E+06   8.5297835E-05   2.3703538E-06   5.7587796E-05
   2.4637681E-01   8.1987109E+05   4.2303993E+05   1.2428665E+06   1.0229689E-05   4.5104633E-05   1.0081557E-05
   2.6086957E-01   8.0770521E+05   4.1204037E+05   1.2196614E+06   8.2987997E-05   7.6514852E-08   5.4983578E-05
   2.7536232E-01   7.7476582E+05   3.8879868E+05   1.1634050E+06   1.3246677E-04   2.8774036E-05   8.2686074E-05
   2.8985507E-01   7.4341546E+05   3.7678457E+05   1.1200864E+06   7.1237670E-05   3.5011052E-07   4.7188172E-05
   3.0434783E-01   7.1028793E+05   3.6050225E+05   1.0705737E+06   2.1772660E-04   3.6389162E-06   1.4515903E-04
   3.1884058E-01   6.7228465E+05   3.4263475E+05   1.0148505E+06   3.0923038E-04   2.3950188E-05   2.0853772E-04
   3.3333333E-01   6.4055106E+05   3.2098385E+05   9.6143607E+05   2.6011187E-04   2.4812200E-05   1.7510744E-04
   3.4782609E-01   6.1424030E+05   3.0792524E+05   9.2207083E+05   3.4206146E-04   4.8910415E-05   2.4276638E-04
   3.6231884E-01   5.7130315E+05   2.9588102E+05   8.6718417E+05   1.5179823E-04   3.4534618E-05   1.0671286E-04
   3.7681159E-01   5.4198574E+05   2.7278521E+05   8.1468351E+05   2.5094130E-04   2.9642422E-08   1.6693801E-04
   3.9130435E-01   5.1217387E+05   2.5942659E+05   7.7157239E+05   3.6298448E-04   1.0823194E-04   2.7653023E-04
   4.0579710E-01   4.7472203E+05   2.3833525E+05   7.1300316E+05   2.4061389E-04   3.7703269E-05   1.7218781E-04
   4.2028986E-01   4.3875567E+05   2.2687681E+05   6.6550184E+05   2.0417099E-04   6.9339294E-07   1.3446132E-04
   4.3478261E-01   4.1859900E+05   2.0357859E+05   6.2212708E+05   4.0953541E-04   5.3185453E-05   2.6571677E-04
   4.4927536E-01   3.8500356E+05   1.9437168E+05   5.7932636E+05   5.4571392E-04   2.4830567E-05   3.6908589E-04
   4.6376812E-01   3.6075370E+05   1.7794972E+05   5.3863239E+05   7.3181439E-04   1.2559027E-07   4.9016191E-04
   4.7826087E-01   3.3586104E+05   1.6996263E+05   5.0577776E+05   6.7959384E-04   5.6488930E-05   4.6150647E-04
   4.9275362E-01   3.0851026E+05   1.5486801E+05   4.6337827E+05   6.7793485E-04   9.9161725E-05   4.2411997E-04
   5.0724638E-01   2.9246471E+05   1.4507410E+05   4.3749551E+05   6.5283262E-04   7.6550265E-05   4.3604603E-04
   5.2173913E-01   2.7411125E+05   1.3108845E+05   4.0519969E+05   9.8273205E-04   1.0795739E-05   6.6822873E-04
   5.3623188E-01   2.4634634E+05   1.2727928E+05   3.7354371E+05   7.8862557E-04   7.4559521E-05   5.4303596E-04
   5.5072464E-01   2.2777964E+05   1.1589383E+05   3.4367347E+05   5.0301879E-04   2.5696714E-07   3.3342847E-04
   5.6521739E-01   2.1111710E+05   1.0583056E+05   3.1690880E+05   9.8895560E-04   7.8224804E-05   6.5129497E-04
   5.7971014E-01   1.9972045E+05   9.9490827E+04   2.9921127E+05   1.2854974E-03   6.0277148E-05   8.7807572E-04
   5.9420290E-01   1.7962056E+05   9.1538288E+04   2.7114036E+05   1.2746512E-03   7.8715097E-08   8.4439354E-04
   6.0869565E-01   1.6765826E+05   8.5714452E+04   2.5335467E+05   1.4795562E-03   6.7478481E-06   9.7922349E-04
   6.2318841E-01   1.5338000E+05   7.6813354E+04   2.3019336E+05   1.5243395E-03   4.6282847E-08   1.0156663E-03
   6.3768116E-01   1.4402163E+05   7.0107865E+04   2.1409506E+05   1.5420323E-03   2.2757911E-04   1.0173200E-03
   6.5217391E-01   1.3105477E+05   6.4609681E+04   1.9563077E+05   1.8869049E-03   9.6152142E-05   1.2413905E-03
   6.6666667E-01   1.1786100E+05   6.0569517E+04   1.7843052E+05   1.6557630E-03   1.3973593E-07   1.0936737E-03
   6.8115942E-01   1.1009753E+05   5.5927416E+04   1.6602494E+05   1.8993477E-03   1.1847529E-04   1.2935513E-03
   6.9565217E-01   1.0052640E+05   5.0089552E+04   1.5061595E+05   1.2185205E-03   1.3461312E-04   7.9316645E-04
   7.1014493E-01   9.4423269E+04   4.5912657E+04   1.4033593E+05   2.4188909E-03   1.1182618E-06   1.6278522E-03
   7.2463768E-01   8.6139506E+04   4.2493873E+04   1.2863338E+05   2.4656796E-03   4.1891684E-08   1.6511501E-03
   7.3913043E-01   7.8968049E+04   3.8377134E+04   1.1734518E+05   2.6488283E-03   1.9676360E-04   1.8414647E-03
   7.5362319E-01   7.3107018E+04   3.6735657E+04   1.0984268E+05   1.9986810E-03   1.4380022E-04   1.3735647E-03
   7.6811594E-01   6.6494968E+04   3.4241120E+04   1.0072179E+05   2.3941446E-03   3.2587219E-08   1.5805681E-03
   7.8260870E-01   6.0268131E+04   2.9762213E+04   9.0030344E+04   2.2957308E-03   1.4712461E-04   1.5759522E-03
   7.9710145E-01   5.5907190E+04   2.7416291E+04   8.3309704E+04   3.0119294E-03   1.1618746E-08   2.0212353E-03
   8.1159420E-01   4.9699408E+04   2.4450539E+04   7.4149947E+04   2.8143195E-03   4.3870597E-08   1.8863257E-03
   8.2608696E-01   4.4972337E+04   2.2918211E+04   6.7890548E+04   2.4645242E-03   2.2602332E-04   1.6901415E-03
   8.4057971E-01   4.0943910E+04   2.0106151E+04   6.1050061E+04   3.4011879E-03   1.8556013E-04   2.3123892E-03
   8.5507246E-01   3.7450172E+04   1.8057250E+04   5.5507423E+04   3.3194096E-03   2.9740310E-04   2.3146309E-03
   8.6956522E-01   3.4540164E+04   1.6922786E+04   5.1462950E+04   4.7136208E-03   5.6641001E-08   3.1636390E-03
   8.8405797E-01   2.9439933E+04   1.4844186E+04   4.4284119E+04   3.8063409E-03   5.0174272E-08   2.5304510E-03
   8.9855072E-01   2.5873041E+04   1.2991518E+04   3.8864559E+04   3.8966092E-03   3.6552091E-04   2.7162483E-03
   9.1304348E-01   2.2768183E+04   1.1113471E+04   3.3881655E+04   3.8532115E-03   2.2766218E-07   2.5893992E-03
   9.2753623E-01   1.9488040E+04   9.1401988E+03   2.8628239E+04   3.5473016E-03   1.4929767E-07   2.4146995E-03
   9.4202899E-01   1.5947443E+04   8.1952137E+03   2.4142657E+04   4.0709775E-03   3.1973886E-04   2.7460262E-03
   9.5652174E-01   1.2973370E+04   6.3948384E+03   1.9368209E+04   3.4430556E-03   7.9678479E-08   2.3062458E-03
   9.7101449E-01   9.0702212E+03   4.5690391E+03   1.3639260E+04   6.2966572E-03   3.6626313E-08   4.1873415E-03
   9.8550725E-01   4.0784063E+03   1.8386258E+03   5.9170320E+03   6.6381876E-03   2.5034417E-08   4.5754815E-03
   1.0000000E+00   0.0000000E+00   0.0000000E+00   0.0000000E+00   0.0000000E+00   0.0000000E+00   0.0000000E+00
