   0.0000000E+00   7.2136532E+05   2.1822817E+05   9.3959349E+05   1.0924241E-03   0.0000000E+00   8.3869979E-04
   1.4492754E-02   6.7968981E+05   3.0233694E+05   9.8202674E+05   4.5668945E-04   1.8375718E-06   3.1553647E-04
   2.8985507E-02   6.6036752E+05   3.4249698E+05   1.0028645E+06   2.2660728E-04   0.0000000E+00   1.4921666E-04
   4.3478261E-02   6.9838064E+05   3.5335787E+05   1.0517385E+06   2.1175083E-04   1.8188493E-08   1.4060670E-04
   5.7971014E-02   7.0545285E+05   3.3870830E+05   1.0441612E+06   1.6817447E-04   5.8114890E-10   1.1362160E-04
   7.2463768E-02   7.2697257E+05   3.6735074E+05   1.0943233E+06   6.2402038E-05   6.8428901E-06   3.9500226E-05
   8.6956522E-02   7.1593488E+05   3.6762858E+05   1.0835635E+06   1.2122614E-04   1.2474918E-04   5.4726460E-05
   1.0144928E-01   7.5968515E+05   3.7388893E+05   1.1335741E+06   4.6265864E-05   4.1002271E-05   1.9288376E-05
   1.1594203E-01   7.8132124E+05   3.9790648E+05   1.1791330E+06   1.3148211E-04   4.9680658E-09   8.7121570E-05
   1.3043478E-01   8.0656860E+05   4.0639944E+05   1.2129680E+06   5.0936430E-05   3.1161941E-10   3.3870310E-05
   1.4492754E-01   8.1464271E+05   4.1440619E+05   1.2288974E+06   7.9944676E-05   5.9819810E-09   5.2993925E-05
   1.5942029E-01   8.3344147E+05   4.2199045E+05   1.2553630E+06   6.3167216E-05   3.3270866E-09   4.1938025E-05
   1.7391304E-01   8.7000800E+05   4.3582488E+05   1.3057066E+06   6.7681525E-05   3.0120640E-05   4.4625356E-05
   1.8840580E-01   8.7133890E+05   4.3820495E+05   1.3093690E+06   6.7015966E-05   2.4377142E-09   4.4596512E-05
   2.0289855E-01   8.6988171E+05   4.4403370E+05   1.3138613E+06   1.3975741E-05   2.2558022E-05   1.0851648E-05
   2.1739130E-01   8.5977856E+05   4.3150578E+05   1.2910823E+06   1.5646663E-04   4.1971877E-05   9.0364485E-05
   2.3188406E-01   8.4435546E+05   4.3465671E+05   1.2788227E+06   6.3693707E-05   2.9434782E-05   4.0697035E-05
   2.4637681E-01   8.3266347E+05   4.1898381E+05   1.2514690E+06   6.4358131E-05   1.7504031E-05   4.4811135E-05
   2.6086957E-01   8.0277992E+05   4.0947248E+05   1.2120419E+06   1.1149569E-04   4.2164861E-05   6.6680367E-05
   2.7536232E-01   7.8286164E+05   3.8572785E+05   1.1685097E+06   3.3217599E-05   2.9003719E-05   1.3063803E-05
   2.8985507E-01   7.4856807E+05   3.7549641E+05   1.1239129E+06   9.8293379E-06   1.0121619E-05   9.9062941E-06
   3.0434783E-01   7.1357146E+05   3.5700223E+05   1.0704654E+06   1.1491439E-04   1.7597050E-05   7.4454414E-05
   3.1884058E-01   6.8451177E+05   3.4084374E+05   1.0251833E+06   1.1100219E-04   6.1497900E-05   9.4396234E-05
   3.3333333E-01   6.4615172E+05   3.2052262E+05   9.6667434E+05   5.4916993E-05   3.7202965E-05   3.7133611E-05
   3.4782609E-01   6.0691551E+05   3.0836726E+05   9.1512491E+05   1.2403606E-04   3.8177437E-05   7.3595254E-05
   3.6231884E-01   5.8042630E+05   2.8900077E+05   8.6930583E+05   6.4801758E-05   9.2258851E-07   4.3462009E-05
   3.7681159E-01   5.4399665E+05   2.7062857E+05   8.1447950E+05   1.2700728E-04   3.4886256E-05   7.4088996E-05
   3.9130435E-01   5.1082678E+05   2.5788305E+05   7.6859758E+05   1.0481936E-04   6.0209766E-05   6.4519097E-05
   4.0579710E-01   4.6752353E+05   2.4209687E+05   7.0959334E+05   1.0734231E-04   2.9241797E-05   7.1706872E-05
   4.2028986E-01   4.4970366E+05   2.2112847E+05   6.7067535E+05   9.2835244E-05   4.4690004E-05   7.4216031E-05
   4.3478261E-01   4.1996293E+05   2.0825130E+05   6.2816371E+05   1.3207039E-04   6.0021669E-05   7.0060937E-05
   4.4927536E-01   3.8764342E+05   1.9153628E+05   5.7917970E+05   3.9245156E-05   2.0661003E-05   2.8531238E-05
   4.6376812E-01   3.5916719E+05   1.8152529E+05   5.4064512E+05   2.8400644E-05   4.3874382E-05   2.7983036E-05
   4.7826087E-01   3.3489665E+05   1.6826347E+05   5.0304531E+05   2.1295481E-04   9.0423983E-05   1.2039885E-04
   4.9275362E-01   3.1249952E+05   1.5486801E+05   4.6734524E+05   2.6396452E-04   1.0700664E-04   1.6042949E-04
   5.0724638E-01   2.9213997E+05   1.4135037E+05   4.3344703E+05   1.4664015E-04   4.7292907E-05   1.1297338E-04
   5.2173913E-01   2.6623920E+05   1.3449826E+05   4.0073746E+05   7.9734136E-05   1.7310795E-05   5.0500903E-05
   5.3623188E-01   2.4169752E+05   1.2277382E+05   3.6443039E+05   2.8743146E-04   4.0630371E-05   1.9756736E-04
   5.5072464E-01   2.3140880E+05   1.1334146E+05   3.4471037E+05   2.0868436E-04   4.1955880E-06   1.4139610E-04
   5.6521739E-01   2.1154454E+05   1.0789005E+05   3.1941516E+05   3.1782782E-04   1.2278662E-04   2.4856111E-04
   5.7971014E-01   1.9435946E+05   9.6573540E+04   2.9089511E+05   2.1170930E-04   4.8731108E-05   1.3268005E-04
   5.9420290E-01   1.8130236E+05   9.0725107E+04   2.7200899E+05   1.2929837E-04   1.5086747E-04   1.1047129E-04
   6.0869565E-01   1.6361700E+05   8.2629381E+04   2.4622834E+05   3.7066187E-04   1.2777985E-04   2.1985643E-04
   6.2318841E-01   1.5311568E+05   7.4416791E+04   2.2753247E+05   3.5764051E-04   7.1303787E-05   2.1742924E-04
   6.3768116E-01   1.4087014E+05   6.9935652E+04   2.1077135E+05   4.1692044E-04   1.2121671E-04   3.0879820E-04
   6.5217391E-01   1.3310908E+05   6.4424457E+04   1.9753353E+05   2.3240670E-04   1.1345566E-05   1.5464957E-04
   6.6666667E-01   1.2039777E+05   5.8279835E+04   1.7867760E+05   2.0496045E-04   8.3421488E-05   1.1244377E-04
   6.8115942E-01   1.0808227E+05   5.5024581E+04   1.6310685E+05   2.2500060E-04   6.9342608E-05   1.6844107E-04
   6.9565217E-01   1.0202609E+05   5.2836348E+04   1.5484665E+05   1.6311983E-04   1.4814092E-04   6.0324626E-05
   7.1014493E-01   9.2320163E+04   4.5526057E+04   1.3783076E+05   1.5191257E-04   1.3135386E-04   1.4410165E-04
   7.2463768E-01   8.3229797E+04   4.2645421E+04   1.2584491E+05   2.5040702E-04   1.3097598E-04   1.2123802E-04
   7.3913043E-01   7.8878903E+04   3.8897150E+04   1.1777605E+05   6.2146358E-04   7.3403689E-05   4.2530147E-04
   7.5362319E-01   7.4141620E+04   3.5161897E+04   1.0930352E+05   5.4283912E-04   8.5928510E-09   3.6821085E-04
   7.6811594E-01   6.5665747E+04   3.3369008E+04   9.9034755E+04   1.5512840E-04   6.2621349E-05   1.0312226E-04
   7.8260870E-01   5.9720876E+04   2.9355280E+04   8.9076157E+04   4.4302187E-04   1.7940343E-04   3.5603208E-04
   7.9710145E-01   5.5342332E+04   2.8408237E+04   8.3736792E+04   7.1210288E-04   1.3311314E-07   4.7060766E-04
   8.1159420E-01   5.1715529E+04   2.5478896E+04   7.7194425E+04   3.9987988E-04   2.2650217E-07   2.6791899E-04
   8.2608696E-01   4.5730074E+04   2.3463250E+04   6.9193324E+04   2.1652436E-04   7.7611513E-05   1.2043200E-04
   8.4057971E-01   3.9924885E+04   2.0550341E+04   6.0475226E+04   6.4641247E-04   2.4867080E-04   3.4264018E-04
   8.5507246E-01   3.4958631E+04   1.8481069E+04   5.3439701E+04   5.9813796E-04   0.0000000E+00   3.9128371E-04
   8.6956522E-01   3.2911030E+04   1.6720723E+04   4.9631753E+04   3.9254785E-04   9.8947001E-08   2.6027188E-04
   8.8405797E-01   2.9477199E+04   1.4707545E+04   4.4184744E+04   1.9083272E-04   1.5351529E-04   8.9731865E-05
   8.9855072E-01   2.5518616E+04   1.2441547E+04   3.7960164E+04   1.8913472E-04   2.5501227E-09   1.2714446E-04
   9.1304348E-01   2.2671963E+04   1.1101444E+04   3.3773406E+04   7.0414617E-04   3.5199139E-11   4.7269071E-04
   9.2753623E-01   1.9440682E+04   9.7440202E+03   2.9184702E+04   4.0849975E-04   1.5837498E-08   2.7210751E-04
   9.4202899E-01   1.5725951E+04   7.6589693E+03   2.3384920E+04   7.4632591E-04   4.9934593E-07   5.0177827E-04
   9.5652174E-01   1.1917131E+04   5.8322763E+03   1.7749408E+04   6.1053739E-04   9.8351162E-08   4.0989933E-04
   9.7101449E-01   8.1993895E+03   4.2410635E+03   1.2440453E+04   1.1247334E-08   2.0355466E-07   6.1980972E-08
   9.8550725E-01   4.3012700E+03   2.1840646E+03   6.4853346E+03   2.3250838E-04   0.0000000E+00   1.5420659E-04
   1.0000000E+00   0.0000000E+00   0.0000000E+00   0.0000000E+00   0.0000000E+00   0.0000000E+00   0.0000000E+00
