   0.0000000E+00   7.0924154E+05   3.4552793E+05   1.0547695E+06   0.0000000E+00   0.0000000E+00   0.0000000E+00
   1.4492754E-02   6.8802491E+05   3.8189929E+05   1.0699242E+06   2.3249742E-08   0.0000000E+00   1.4950967E-08
   2.8985507E-02   6.9143472E+05   3.2809998E+05   1.0195347E+06   6.9132473E-04   2.8787426E-08   4.6885604E-04
   4.3478261E-02   6.8524654E+05   3.4653824E+05   1.0317848E+06   2.6633534E-04   1.2840779E-09   1.7688323E-04
   5.7971014E-02   6.8726717E+05   3.4514906E+05   1.0324162E+06   1.4165700E-04   0.0000000E+00   9.4299375E-05
   7.2463768E-02   7.1393950E+05   3.5962183E+05   1.0735613E+06   2.7750348E-04   0.0000000E+00   1.8454530E-04
   8.6956522E-02   7.3563603E+05   3.6623940E+05   1.1018754E+06   8.1652078E-05   2.2789570E-05   5.0204922E-05
   1.0144928E-01   7.5221603E+05   3.8904366E+05   1.1412597E+06   1.2705240E-04   4.9137245E-09   8.3743216E-05
   1.1594203E-01   7.8624653E+05   3.9411779E+05   1.1803643E+06   3.3206012E-04   1.7294709E-04   2.0377473E-04
   1.3043478E-01   8.1288308E+05   4.1507132E+05   1.2279544E+06   1.3521540E-04   1.3038302E-09   8.9510466E-05
   1.4492754E-01   8.2290204E+05   4.1129947E+05   1.2342015E+06   8.3445763E-05   6.2452767E-05   3.8609451E-05
   1.5942029E-01   8.5948006E+05   4.2460808E+05   1.2839504E+06   2.7524004E-05   1.8574778E-09   1.8425128E-05
   1.7391304E-01   8.4860194E+05   4.4314967E+05   1.2915622E+06   8.7591867E-05   4.7824852E-09   5.7551009E-05
   1.8840580E-01   8.6574331E+05   4.2409939E+05   1.2895513E+06   9.4802305E-05   1.7276087E-08   6.3647313E-05
   2.0289855E-01   8.6197960E+05   4.3726819E+05   1.2991937E+06   1.3507732E-04   5.7708724E-09   8.9619325E-05
   2.1739130E-01   8.5260532E+05   4.2458512E+05   1.2770894E+06   1.6064566E-04   1.9107846E-06   1.0690390E-04
   2.3188406E-01   8.4122979E+05   4.3224142E+05   1.2733291E+06   6.3131543E-05   2.2251438E-05   4.6489926E-05
   2.4637681E-01   8.2655700E+05   4.1822608E+05   1.2447385E+06   6.5570669E-05   1.4833804E-05   4.4312840E-05
   2.6086957E-01   8.0947326E+05   4.0543122E+05   1.2147782E+06   4.4174828E-05   2.2209770E-08   2.9440503E-05
   2.7536232E-01   7.8533425E+05   3.9462129E+05   1.1798758E+06   8.9367424E-05   2.7273672E-06   5.8669412E-05
   2.8985507E-01   7.5383434E+05   3.7238969E+05   1.1262240E+06   8.8830852E-05   2.5236975E-09   5.9459087E-05
   3.0434783E-01   7.1238073E+05   3.5747130E+05   1.0697799E+06   5.4873272E-05   5.9868200E-05   4.9111456E-05
   3.1884058E-01   6.7834655E+05   3.3946603E+05   1.0178126E+06   1.0091990E-04   1.0774284E-05   6.6591965E-05
   3.3333333E-01   6.5567285E+05   3.2658451E+05   9.8219147E+05   7.6191330E-05   1.0711643E-05   5.3098543E-05
   3.4782609E-01   6.1247225E+05   3.0792524E+05   9.2023963E+05   1.3226386E-04   1.7576434E-08   8.8033767E-05
   3.6231884E-01   5.7181841E+05   2.8772777E+05   8.5942495E+05   1.2715466E-04   1.0391339E-05   8.8060152E-05
   3.7681159E-01   5.3586555E+05   2.6768506E+05   8.0352147E+05   7.6591017E-05   1.6151416E-05   5.6278447E-05
   3.9130435E-01   5.0922712E+05   2.5723757E+05   7.6638050E+05   2.7700302E-05   2.1165389E-05   2.0388974E-05
   4.0579710E-01   4.7780710E+05   2.3257104E+05   7.1032402E+05   1.3303590E-04   3.1924957E-05   7.9076932E-05
   4.2028986E-01   4.4954688E+05   2.1747043E+05   6.6691280E+05   1.6557092E-04   5.8954615E-05   1.2972927E-04
   4.3478261E-01   4.1695724E+05   2.0863017E+05   6.2551163E+05   6.9935327E-05   5.1766583E-05   6.2849424E-05
   4.4927536E-01   3.8549243E+05   1.9234290E+05   5.7781089E+05   2.3383715E-04   3.5693492E-09   1.5600730E-04
   4.6376812E-01   3.5689398E+05   1.8228303E+05   5.3917701E+05   2.0783474E-04   7.6124686E-05   1.1476599E-04
   4.7826087E-01   3.3772094E+05   1.6654134E+05   5.0421636E+05   6.7600320E-05   5.9977690E-09   4.5278855E-05
   4.9275362E-01   3.1214294E+05   1.5462286E+05   4.6676580E+05   3.1227903E-04   1.0925982E-04   2.3904409E-04
   5.0724638E-01   2.8852448E+05   1.4518235E+05   4.3366353E+05   2.4380355E-04   6.0617585E-05   1.4228541E-04
   5.2173913E-01   2.6817564E+05   1.3096216E+05   3.9913780E+05   2.4567287E-04   2.2211563E-07   1.6499788E-04
   5.3623188E-01   2.4935681E+05   1.2361348E+05   3.7297028E+05   2.9431443E-04   1.0549975E-04   1.6530884E-04
   5.5072464E-01   2.2670285E+05   1.1493669E+05   3.4161960E+05   2.1327778E-04   5.1082075E-05   1.3236198E-04
   5.6521739E-01   2.0843588E+05   1.0522825E+05   3.1366413E+05   1.0192355E-04   4.1037001E-05   5.5973432E-05
   5.7971014E-01   1.9504142E+05   9.5948408E+04   2.9097089E+05   3.3788354E-04   8.1018527E-05   2.5319556E-04
   5.9420290E-01   1.8257758E+05   9.0817514E+04   2.7339509E+05   8.1683663E-04   1.7069646E-05   5.4241081E-04
   6.0869565E-01   1.6760414E+05   8.3495366E+04   2.5109950E+05   2.9601974E-04   1.0117469E-05   2.0094857E-04
   6.2318841E-01   1.5359146E+05   7.6971950E+04   2.3054579E+05   9.3707178E-04   9.3974820E-05   6.2843404E-04
   6.3768116E-01   1.4167954E+05   7.2449960E+04   2.1412950E+05   5.0805660E-04   1.8437581E-05   3.4198796E-04
   6.5217391E-01   1.3272179E+05   6.6394572E+04   1.9911636E+05   4.1153129E-04   3.8722902E-05   2.7942015E-04
   6.6666667E-01   1.1965651E+05   5.9119934E+04   1.7877644E+05   5.0990436E-04   5.5915496E-08   3.4126695E-04
   6.8115942E-01   1.1119383E+05   5.4750506E+04   1.6592821E+05   1.0319237E-03   1.2949001E-08   6.9152450E-04
   6.9565217E-01   1.0207345E+05   5.0752572E+04   1.5282602E+05   9.5927410E-04   1.3154836E-04   6.1565459E-04
   7.1014493E-01   9.3990277E+04   4.6206474E+04   1.4019675E+05   8.6415581E-04   5.1787749E-08   5.7934716E-04
   7.2463768E-01   8.6184970E+04   4.2296862E+04   1.2848183E+05   7.0176320E-04   1.2147185E-08   4.7074170E-04
   7.3913043E-01   7.6204538E+04   3.9224017E+04   1.1542855E+05   6.2877350E-04   1.2119587E-07   4.1514229E-04
   7.5362319E-01   7.2742722E+04   3.5438762E+04   1.0818148E+05   7.3588013E-04   1.3710359E-04   5.1592054E-04
   7.6811594E-01   6.7124033E+04   3.2596974E+04   9.9706710E+04   8.8091054E-04   8.4386035E-05   5.8703393E-04
   7.8260870E-01   5.9271847E+04   2.9509634E+04   8.8767449E+04   6.9087966E-04   6.7804419E-05   4.5047923E-04
   7.9710145E-01   5.5521433E+04   2.7540284E+04   8.3061718E+04   3.4619800E-04   1.7306556E-08   2.3141637E-04
   8.1159420E-01   5.0917199E+04   2.4071671E+04   7.4988870E+04   6.8338064E-04   7.4992024E-05   4.6182950E-04
   8.2608696E-01   4.4414005E+04   2.1987657E+04   6.6401662E+04   4.5280386E-04   1.7611006E-08   3.0287150E-04
   8.4057971E-01   4.1440358E+04   2.0249860E+04   6.1690218E+04   8.2936170E-04   6.3208298E-05   5.7712670E-04
   8.5507246E-01   3.6808023E+04   1.8596656E+04   5.5404679E+04   9.5464711E-04   1.8127574E-04   6.5625299E-04
   8.6956522E-01   3.3555106E+04   1.6935415E+04   5.0490521E+04   1.2943916E-03   2.0900371E-08   8.6022275E-04
   8.8405797E-01   3.0023763E+04   1.4695123E+04   4.4718886E+04   5.3016777E-04   1.1772403E-08   3.5594516E-04
   8.9855072E-01   2.6423011E+04   1.3382608E+04   3.9805619E+04   7.5002694E-04   2.4640159E-07   4.9780372E-04
   9.1304348E-01   2.2407356E+04   1.0644396E+04   3.3051753E+04   1.6789447E-03   6.5952220E-05   1.1377657E-03
   9.2753623E-01   1.9523559E+04   9.1283591E+03   2.8651918E+04   9.5088596E-04   1.4836833E-08   6.4793552E-04
   9.4202899E-01   1.5586061E+04   7.4141620E+03   2.3000223E+04   1.7802723E-03   6.7185106E-09   1.2063972E-03
   9.5652174E-01   1.2525617E+04   5.6141400E+03   1.8139757E+04   3.6196686E-04   2.2324081E-09   2.4994103E-04
   9.7101449E-01   8.7196266E+03   4.4220156E+03   1.3141642E+04   9.0304724E-04   0.0000000E+00   5.9918195E-04
   9.8550725E-01   3.9335448E+03   2.2286373E+03   6.1621822E+03   5.9068681E-07   0.0000000E+00   3.7705686E-07
   1.0000000E+00   0.0000000E+00   0.0000000E+00   0.0000000E+00   0.0000000E+00   0.0000000E+00   0.0000000E+00
