   0.0000000E+00   8.0623183E+05   3.4552793E+05   1.1517598E+06   0.0000000E+00   0.0000000E+00   0.0000000E+00
   1.4492754E-02   7.0317964E+05   3.3870830E+05   1.0418879E+06   1.3439239E-04   2.7972048E-09   9.0703481E-05
   2.8985507E-02   6.6150413E+05   3.4477019E+05   1.0062743E+06   5.3308622E-04   4.1595182E-09   3.5043932E-04
   4.3478261E-02   6.7110212E+05   3.4830630E+05   1.0194084E+06   2.9463565E-04   8.7715873E-07   1.9368092E-04
   5.7971014E-02   6.8726717E+05   3.6826003E+05   1.0555272E+06   1.6622826E-04   2.6733577E-07   1.0814594E-04
   7.2463768E-02   7.2318389E+05   3.6553218E+05   1.0887161E+06   2.4413830E-04   3.5350694E-08   1.6216168E-04
   8.6956522E-02   7.3727779E+05   3.6800745E+05   1.1052852E+06   1.8438203E-04   0.0000000E+00   1.2299158E-04
   1.0144928E-01   7.5059231E+05   3.7637864E+05   1.1268627E+06   6.8696970E-05   4.8334036E-08   4.5758850E-05
   1.1594203E-01   7.6910273E+05   3.7621626E+05   1.1453190E+06   6.4622787E-05   6.3502904E-09   4.3394984E-05
   1.3043478E-01   8.0538990E+05   4.0463139E+05   1.2100213E+06   2.0003794E-04   2.4323580E-09   1.3314502E-04
   1.4492754E-01   8.3805677E+05   4.1849797E+05   1.2565547E+06   2.3174133E-04   1.0699265E-08   1.5456089E-04
   1.5942029E-01   8.4453198E+05   4.2419477E+05   1.2685890E+06   4.2242572E-05   3.6681514E-08   2.8109907E-05
   1.7391304E-01   8.5908397E+05   4.4491772E+05   1.3039385E+06   9.4081141E-05   1.8922070E-08   6.1990640E-05
   1.8840580E-01   8.6976514E+05   4.2066043E+05   1.2900176E+06   9.0280491E-05   6.5053467E-09   6.0870845E-05
   2.0289855E-01   8.8065240E+05   4.3634808E+05   1.3168922E+06   9.2629957E-05   1.7410718E-09   6.1944474E-05
   2.1739130E-01   8.5437337E+05   4.3645633E+05   1.2906782E+06   6.5021026E-05   6.1816694E-09   4.3042935E-05
   2.3188406E-01   8.4241376E+05   4.3096274E+05   1.2732344E+06   2.9176503E-05   8.3087870E-09   1.9306078E-05
   2.4637681E-01   8.3319834E+05   4.1626488E+05   1.2493741E+06   7.0826012E-05   2.9412110E-08   4.7242909E-05
   2.6086957E-01   8.0475845E+05   4.0479978E+05   1.2094319E+06   6.6600570E-05   1.0453106E-08   4.4319559E-05
   2.7536232E-01   7.6990035E+05   3.9362427E+05   1.1634449E+06   6.4421163E-05   4.3733611E-08   4.2642244E-05
   2.8985507E-01   7.4932581E+05   3.8383152E+05   1.1331573E+06   1.3281749E-04   1.3327292E-08   8.7825250E-05
   3.0434783E-01   7.1284981E+05   3.5736305E+05   1.0699964E+06   1.0679648E-04   8.3348618E-09   7.1152300E-05
   3.1884058E-01   6.8733606E+05   3.4229033E+05   1.0296264E+06   1.8625593E-04   2.0944532E-08   1.2433613E-04
   3.3333333E-01   6.4750247E+05   3.2543143E+05   9.7293390E+05   3.9654320E-05   1.8480996E-08   2.6384498E-05
   3.4782609E-01   5.9927500E+05   3.0931443E+05   9.0855786E+05   8.5188514E-05   5.6928519E-08   5.6207124E-05
   3.6231884E-01   5.7333388E+05   2.9200141E+05   8.6521406E+05   5.6211948E-05   2.6673891E-08   3.7248207E-05
   3.7681159E-01   5.4253947E+05   2.7307664E+05   8.1538296E+05   1.2814767E-04   1.0698268E-08   8.5263921E-05
   3.9130435E-01   5.0883422E+05   2.5816369E+05   7.6699791E+05   4.1499220E-05   1.2190056E-08   2.7534734E-05
   4.0579710E-01   4.7575039E+05   2.3657622E+05   7.1227248E+05   2.2333086E-04   1.7066516E-07   1.4175526E-04
   4.2028986E-01   4.5048752E+05   2.2172943E+05   6.7200792E+05   1.3605467E-04   1.3054113E-08   9.1209949E-05
   4.3478261E-01   4.1132473E+05   2.0926161E+05   6.2048531E+05   2.6427412E-05   1.6310822E-08   1.7524438E-05
   4.4927536E-01   3.8713012E+05   1.9630269E+05   5.8340836E+05   1.2858599E-04   7.0046466E-09   8.5327615E-05
   4.6376812E-01   3.5874096E+05   1.8157265E+05   5.4026626E+05   1.6261721E-04   2.2859204E-08   1.0797167E-04
   4.7826087E-01   3.3710098E+05   1.6702353E+05   5.0412451E+05   2.5527003E-04   1.3003037E-08   1.7069358E-04
   4.9275362E-01   3.0610333E+05   1.5526916E+05   4.6128335E+05   1.6908465E-04   2.7806866E-09   1.1220358E-04
   5.0724638E-01   2.9058119E+05   1.4425142E+05   4.3476766E+05   1.2943734E-04   3.0702910E-08   8.6518846E-05
   5.2173913E-01   2.6503945E+05   1.3437197E+05   3.9936933E+05   1.9585219E-04   3.7403583E-09   1.2997519E-04
   5.3623188E-01   2.4528141E+05   1.2627579E+05   3.7153673E+05   1.5127165E-04   1.4106538E-06   9.9538990E-05
   5.5072464E-01   2.2580553E+05   1.1447806E+05   3.4026365E+05   1.3754687E-04   3.7442290E-07   9.1230083E-05
   5.6521739E-01   2.1578009E+05   1.0421794E+05   3.1995917E+05   1.8241540E-04   4.4550151E-09   1.2302015E-04
   5.7971014E-01   1.9492776E+05   9.9547657E+04   2.9445648E+05   3.4274656E-04   4.9905339E-08   2.2687879E-04
   5.9420290E-01   1.7743975E+05   8.8636711E+04   2.6607646E+05   3.3509485E-04   1.7528278E-08   2.2347164E-04
   6.0869565E-01   1.6583609E+05   8.4054648E+04   2.4989073E+05   1.6058284E-04   1.4502216E-07   1.0655620E-04
   6.2318841E-01   1.5582943E+05   7.6425674E+04   2.3223748E+05   3.0528966E-04   9.6196633E-09   2.0484374E-04
   6.3768116E-01   1.4105957E+05   6.9401792E+04   2.1046136E+05   7.4483992E-05   2.6331526E-08   4.9913737E-05
   6.5217391E-01   1.3026336E+05   6.4727551E+04   1.9497407E+05   2.8062618E-04   4.3429804E-08   1.8747827E-04
   6.6666667E-01   1.1815751E+05   5.9531747E+04   1.7768925E+05   2.7783899E-04   1.5706413E-08   1.8475122E-04
   6.8115942E-01   1.0972672E+05   5.5411510E+04   1.6512211E+05   2.7318471E-04   2.0091836E-08   1.8154026E-04
   6.9565217E-01   1.0155250E+05   4.9963263E+04   1.5151576E+05   4.2244958E-04   5.0765969E-08   2.8315969E-04
   7.1014493E-01   9.3464500E+04   4.6283794E+04   1.3974829E+05   2.6619170E-04   1.0738586E-08   1.7803242E-04
   7.2463768E-01   8.5700019E+04   4.3736561E+04   1.2942143E+05   3.6261154E-04   1.4215244E-08   2.4011006E-04
   7.3913043E-01   7.8715470E+04   4.0026326E+04   1.1874180E+05   7.8230822E-05   4.4167469E-09   5.1861257E-05
   7.5362319E-01   7.1533257E+04   3.5817630E+04   1.0733632E+05   6.5482215E-04   5.5835652E-09   4.3639899E-04
   7.6811594E-01   6.5923092E+04   3.1910722E+04   9.7833814E+04   2.2850939E-04   9.8343141E-08   1.5398357E-04
   7.8260870E-01   6.0268131E+04   2.9439473E+04   8.9707604E+04   1.5834554E-04   3.0931859E-08   1.0638397E-04
   7.9710145E-01   5.4212615E+04   2.7636723E+04   8.1849339E+04   1.6047692E-04   3.2375974E-09   1.0629026E-04
   8.1159420E-01   5.0213586E+04   2.4193450E+04   7.4407036E+04   2.3821166E-04   3.4577243E-08   1.6074719E-04
   8.2608696E-01   4.4254481E+04   2.2958092E+04   6.7212573E+04   7.0900295E-04   0.0000000E+00   4.6682572E-04
   8.4057971E-01   4.1048425E+04   2.0236795E+04   6.1285220E+04   4.6275873E-04   1.2409690E-08   3.0995367E-04
   8.5507246E-01   3.6730965E+04   1.8288424E+04   5.5019389E+04   5.0421901E-04   3.0835940E-08   3.3660894E-04
   8.6956522E-01   3.3239383E+04   1.6215565E+04   4.9454948E+04   7.3135922E-05   1.4512994E-07   4.9192463E-05
   8.8405797E-01   2.9936810E+04   1.4322466E+04   4.4259275E+04   6.5242951E-04   1.7504223E-08   4.4129592E-04
   8.9855072E-01   2.6251910E+04   1.3125955E+04   3.9377864E+04   2.8386697E-04   1.5694177E-07   1.8923156E-04
   9.1304348E-01   2.2166805E+04   1.0896975E+04   3.3063780E+04   3.3593452E-04   0.0000000E+00   2.2521910E-04
   9.2753623E-01   1.9251248E+04   9.5782653E+03   2.8829513E+04   2.5091711E-04   6.2847358E-09   1.6755471E-04
   9.4202899E-01   1.6215565E+04   7.7872016E+03   2.4002767E+04   6.0287991E-04   0.0000000E+00   4.0728798E-04
   9.5652174E-01   1.3065217E+04   6.1422595E+03   1.9207477E+04   6.6622837E-04   6.4226206E-08   4.5318148E-04
   9.7101449E-01   9.7487914E+03   4.1732065E+03   1.3921998E+04   4.1543541E-05   0.0000000E+00   2.9090603E-05
   9.8550725E-01   4.0895495E+03   2.0726327E+03   6.1621822E+03   2.3699372E-04   2.2232359E-08   1.5727417E-04
   1.0000000E+00   0.0000000E+00   0.0000000E+00   0.0000000E+00   0.0000000E+00   0.0000000E+00   0.0000000E+00
