   0.0000000E+00   7.1530343E+05   3.3340414E+05   1.0487076E+06   0.0000000E+00   0.0000000E+00   0.0000000E+00
   1.4492754E-02   7.2212306E+05   3.3037319E+05   1.0524963E+06   8.7519995E-04   2.4886838E-09   6.0047957E-04
   2.8985507E-02   7.0621059E+05   3.5651511E+05   1.0627257E+06   4.2360288E-04   1.3781270E-08   2.8149812E-04
   4.3478261E-02   6.9509712E+05   3.5083208E+05   1.0459292E+06   4.2798198E-04   2.1428146E-08   2.8443247E-04
   5.7971014E-02   6.9560228E+05   3.4117094E+05   1.0365838E+06   7.5327680E-04   1.9779201E-07   5.0554052E-04
   7.2463768E-02   7.1454569E+05   3.5446922E+05   1.0690149E+06   3.1964288E-04   1.1595318E-08   2.1365794E-04
   8.6956522E-02   7.4232937E+05   3.6977550E+05   1.1121049E+06   1.8014447E-04   2.2991770E-08   1.2025158E-04
   1.0144928E-01   7.5481399E+05   3.7150747E+05   1.1263215E+06   2.5816844E-04   3.7019081E-08   1.7300594E-04
   1.1594203E-01   7.6777670E+05   3.8796118E+05   1.1557379E+06   3.7205425E-04   1.6769992E-08   2.4716316E-04
   1.3043478E-01   8.1364081E+05   4.0269495E+05   1.2161674E+06   2.3265386E-04   1.1112397E-08   1.5564665E-04
   1.4492754E-01   8.3252529E+05   4.1205721E+05   1.2445067E+06   3.3361761E-04   1.2445262E-08   2.2317888E-04
   1.5942029E-01   8.4404978E+05   4.1620410E+05   1.2601850E+06   1.8565630E-04   7.6812366E-09   1.2435000E-04
   1.7391304E-01   8.5807365E+05   4.3588803E+05   1.2939617E+06   2.3528165E-04   2.0423129E-08   1.5602105E-04
   1.8840580E-01   8.6317866E+05   4.3482428E+05   1.2976532E+06   1.1959355E-04   9.4067412E-08   7.9520777E-05
   2.0289855E-01   8.6528117E+05   4.3456199E+05   1.2997890E+06   4.5578493E-05   1.8098923E-08   3.0347625E-05
   2.1739130E-01   8.6088990E+05   4.3024289E+05   1.2909307E+06   1.1001883E-04   4.3094952E-08   7.3373398E-05
   2.3188406E-01   8.5141188E+05   4.1680253E+05   1.2681197E+06   1.7630487E-04   5.3042613E-08   1.1837671E-04
   2.4637681E-01   8.2669072E+05   4.1385795E+05   1.2404595E+06   2.6731900E-04   1.0450867E-08   1.7814938E-04
   2.6086957E-01   8.0799988E+05   4.0261076E+05   1.2104844E+06   1.4340759E-04   9.9312654E-08   9.5693889E-05
   2.7536232E-01   7.7783665E+05   3.9725343E+05   1.1748907E+06   4.1204050E-04   8.9103175E-08   2.7379060E-04
   2.8985507E-01   7.5262196E+05   3.8083846E+05   1.1332710E+06   2.3269067E-04   4.9370911E-07   1.5445081E-04
   3.0434783E-01   7.0137551E+05   3.6299195E+05   1.0643314E+06   1.7717298E-04   4.4988899E-08   1.1673854E-04
   3.1884058E-01   6.8368514E+05   3.4390913E+05   1.0273187E+06   1.5758772E-04   1.8733738E-08   1.0488039E-04
   3.3333333E-01   6.4565754E+05   3.2520082E+05   9.7082542E+05   8.1083694E-05   1.3817911E-08   5.0426158E-05
   3.4782609E-01   6.1360885E+05   3.0407342E+05   9.1746126E+05   7.0064522E-05   4.6104785E-08   4.6847714E-05
   3.6231884E-01   5.7587988E+05   2.8503023E+05   8.6081918E+05   3.6215662E-04   9.7557878E-08   2.4230230E-04
   3.7681159E-01   5.4184002E+05   2.7182346E+05   8.1363434E+05   2.0442423E-04   3.2176249E-08   1.3612803E-04
   3.9130435E-01   5.1276322E+05   2.5751822E+05   7.7008499E+05   9.2353820E-05   3.7816352E-08   6.1499310E-05
   4.0579710E-01   4.7266532E+05   2.3270635E+05   7.0529048E+05   1.7937551E-04   3.7801812E-08   1.2022322E-04
   4.2028986E-01   4.5129752E+05   2.2405490E+05   6.7516951E+05   5.1912592E-04   4.3170300E-07   3.4690136E-04
   4.3478261E-01   4.1726033E+05   2.0585180E+05   6.2303636E+05   3.3699997E-04   4.0579533E-07   2.2581433E-04
   4.4927536E-01   3.8835227E+05   1.9346729E+05   5.8177067E+05   5.3468035E-04   9.7344976E-08   3.5688861E-04
   4.6376812E-01   3.5795955E+05   1.8242511E+05   5.4031361E+05   4.6928256E-04   3.3742146E-08   3.1091234E-04
   4.7826087E-01   3.3478184E+05   1.6791904E+05   5.0265496E+05   2.1212483E-04   1.9417792E-08   1.4128653E-04
   4.9275362E-01   3.1504017E+05   1.5589318E+05   4.7091106E+05   5.9121465E-04   4.0074455E-08   3.9553631E-04
   5.0724638E-01   2.8345847E+05   1.4167511E+05   4.2509028E+05   6.1507852E-04   1.2180960E-07   4.1018602E-04
   5.2173913E-01   2.6676541E+05   1.3502447E+05   4.0176883E+05   6.4982890E-04   9.4545991E-08   4.3150030E-04
   5.3623188E-01   2.4642826E+05   1.2242567E+05   3.6881297E+05   6.3489460E-04   8.9978954E-08   4.2418651E-04
   5.5072464E-01   2.2881654E+05   1.1435842E+05   3.4317496E+05   1.0616603E-03   6.5993862E-08   7.0789762E-04
   5.6521739E-01   2.1135025E+05   1.0767633E+05   3.1898771E+05   8.5265395E-04   1.5215691E-07   5.6492733E-04
   5.7971014E-01   1.9970150E+05   9.6535654E+04   2.9623716E+05   8.1104519E-04   1.4796883E-07   5.4679061E-04
   5.9420290E-01   1.7734735E+05   8.9764075E+04   2.6711142E+05   7.7465375E-04   8.3014086E-08   5.1434920E-04
   6.0869565E-01   1.6563763E+05   8.3513407E+04   2.4913300E+05   1.2740150E-03   1.5609671E-06   8.4755870E-04
   6.2318841E-01   1.5507169E+05   7.4452035E+04   2.2950611E+05   1.2665744E-03   1.1053548E-07   8.5577815E-04
   6.3768116E-01   1.4052571E+05   7.0331741E+04   2.1084023E+05   1.1258135E-03   2.1217348E-08   7.5035533E-04
   6.5217391E-01   1.3235134E+05   6.4643358E+04   1.9689367E+05   7.2738190E-04   1.2585647E-07   4.8898518E-04
   6.6666667E-01   1.2331341E+05   6.0833078E+04   1.8414649E+05   9.9182063E-04   5.5307214E-09   6.6417247E-04
   6.8115942E-01   1.1182259E+05   5.6507810E+04   1.6833040E+05   1.8123195E-03   5.4894851E-07   1.2039349E-03
   6.9565217E-01   1.0095263E+05   5.0200055E+04   1.5115268E+05   4.5535569E-04   1.6972800E-07   3.0409613E-04
   7.1014493E-01   9.3588212E+04   4.7474523E+04   1.4106274E+05   1.3140767E-03   6.1170532E-08   8.7184445E-04
   7.2463768E-01   8.6078887E+04   4.3797180E+04   1.2987607E+05   1.2059619E-03   5.5929168E-08   7.9928821E-04
   7.3913043E-01   7.9205770E+04   3.9253732E+04   1.1844464E+05   6.8922634E-04   2.6264876E-08   4.6089278E-04
   7.5362319E-01   7.2567859E+04   3.5453334E+04   1.0802119E+05   8.5048003E-04   9.3089552E-08   5.7132657E-04
   7.6811594E-01   6.4250352E+04   3.1896425E+04   9.6132480E+04   1.4152060E-03   4.3407455E-08   9.4472221E-04
   7.8260870E-01   6.2737791E+04   2.9327216E+04   9.2065007E+04   1.7022151E-03   1.0652987E-07   1.1600043E-03
   7.9710145E-01   5.5356109E+04   2.7416291E+04   8.2758623E+04   7.2028502E-04   7.6717597E-07   4.8170091E-04
   8.1159420E-01   5.0389489E+04   2.3801050E+04   7.4190540E+04   1.1010383E-03   9.7094364E-09   7.4781141E-04
   8.2608696E-01   4.5065392E+04   2.2319998E+04   6.7372097E+04   7.5810671E-04   1.3616239E-07   5.0706528E-04
   8.4057971E-01   4.2054386E+04   2.0994532E+04   6.3048918E+04   1.3552117E-03   1.3862198E-07   9.0395077E-04
   8.5507246E-01   3.7180469E+04   1.7363729E+04   5.4544198E+04   8.2314169E-04   2.2147770E-07   5.6103719E-04
   8.6956522E-01   3.2822627E+04   1.6354483E+04   4.9164482E+04   1.1702691E-03   1.1667173E-07   7.8126954E-04
   8.8405797E-01   2.9514465E+04   1.4086449E+04   4.3600914E+04   9.3680625E-04   2.5910485E-08   6.3413741E-04
   8.9855072E-01   2.5665275E+04   1.2478212E+04   3.8143487E+04   1.2604878E-03   1.4866593E-08   8.4813521E-04
   9.1304348E-01   2.2431411E+04   1.1101444E+04   3.3532855E+04   2.2566621E-03   3.2078751E-08   1.5095621E-03
   9.2753623E-01   1.7866010E+04   8.9981231E+03   2.6864133E+04   1.3455832E-03   4.5483485E-08   8.9487552E-04
   9.4202899E-01   1.5842525E+04   7.9970364E+03   2.3839562E+04   1.6595784E-03   2.4097159E-08   1.1028634E-03
   9.5652174E-01   1.2468213E+04   6.1192978E+03   1.8587510E+04   2.3042470E-03   9.4956201E-06   1.5477534E-03
   9.7101449E-01   8.8779597E+03   4.1053495E+03   1.2983309E+04   1.2993887E-03   5.3783767E-08   8.8851661E-04
   9.8550725E-01   3.8778289E+03   1.9612008E+03   5.8390297E+03   7.3131248E-04   3.6729134E-07   4.8570826E-04
   1.0000000E+00   2.1884092E+01   0.0000000E+00   2.1884092E+01   3.3946946E-01   0.0000000E+00   3.3946946E-01
