   0.0000000E+00   7.0317964E+05   3.7583740E+05   1.0790170E+06   0.0000000E+00   0.0000000E+00   0.0000000E+00
   1.4492754E-02   7.0924154E+05   3.4780114E+05   1.0570427E+06   3.1146580E-04   2.2061028E-08   2.0897761E-04
   2.8985507E-02   7.0469512E+05   3.5651511E+05   1.0612102E+06   3.8282045E-04   0.0000000E+00   2.5421137E-04
   4.3478261E-02   6.9433938E+05   3.4552793E+05   1.0398673E+06   1.4417496E-04   1.3035405E-06   9.5852655E-05
   5.7971014E-02   7.0317964E+05   3.3454075E+05   1.0377204E+06   3.3609772E-04   1.4142933E-08   2.2775087E-04
   7.2463768E-02   7.1106010E+05   3.6841158E+05   1.0794717E+06   2.2026831E-04   1.5211689E-08   1.4509810E-04
   8.6956522E-02   7.2679577E+05   3.7065953E+05   1.0974553E+06   4.0851371E-04   3.1377836E-08   2.7053193E-04
   1.0144928E-01   7.5459749E+05   3.8287352E+05   1.1374710E+06   1.3368221E-04   1.3167827E-08   8.8685448E-05
   1.1594203E-01   7.7203896E+05   4.0065327E+05   1.1726922E+06   9.4990469E-05   5.1045769E-09   6.2535290E-05
   1.3043478E-01   7.9646545E+05   3.9814853E+05   1.1946140E+06   7.7432652E-05   5.9007694E-09   5.1624415E-05
   1.4492754E-01   8.1327878E+05   4.2334749E+05   1.2366263E+06   9.2784566E-05   2.4888524E-09   6.1020879E-05
   1.5942029E-01   8.3447474E+05   4.2874119E+05   1.2632159E+06   1.7354918E-04   1.2708530E-09   1.1464551E-04
   1.7391304E-01   8.5788422E+05   4.2932098E+05   1.2871420E+06   6.5161730E-05   2.1642912E-09   4.3429777E-05
   1.8840580E-01   8.5997285E+05   4.3564031E+05   1.2955549E+06   1.2068138E-04   5.4319055E-09   8.0106176E-05
   2.0289855E-01   8.7161368E+05   4.4208523E+05   1.3135907E+06   1.1975251E-04   2.7072896E-09   7.9459108E-05
   2.1739130E-01   8.5548472E+05   4.3034392E+05   1.2857276E+06   1.6856505E-04   6.0451372E-10   1.1215795E-04
   2.3188406E-01   8.4463961E+05   4.2115952E+05   1.2657518E+06   1.2322437E-04   1.7962509E-09   8.2228379E-05
   2.4637681E-01   8.3805677E+05   4.1795864E+05   1.2558817E+06   3.5682931E-05   4.7710775E-09   2.3809830E-05
   2.6086957E-01   7.9381337E+05   4.0059013E+05   1.1941930E+06   3.6327803E-05   1.7752458E-09   2.4147755E-05
   2.7536232E-01   7.7177475E+05   3.8772190E+05   1.1594568E+06   6.1122401E-05   6.4673027E-09   4.0686120E-05
   2.8985507E-01   7.4512037E+05   3.7682245E+05   1.1219428E+06   1.1410632E-04   1.4471507E-08   7.5785622E-05
   3.0434783E-01   7.1194774E+05   3.6241463E+05   1.0741098E+06   1.4992847E-04   4.3137938E-09   9.9377108E-05
   3.1884058E-01   6.7169913E+05   3.3863941E+05   1.0103385E+06   1.1462914E-04   1.1550037E-08   7.6205164E-05
   3.3333333E-01   6.4269249E+05   3.2786937E+05   9.7052891E+05   1.9107754E-04   1.0351911E-08   1.2652995E-04
   3.4782609E-01   6.1240910E+05   3.0937757E+05   9.2175510E+05   1.0301751E-04   1.8229231E-08   6.8448730E-05
   3.6231884E-01   5.7788030E+05   2.9463833E+05   8.7242771E+05   2.4252609E-05   6.0260878E-08   1.6052524E-05
   3.7681159E-01   5.4353035E+05   2.7398010E+05   8.1745216E+05   1.0518861E-04   7.0333214E-10   6.9940845E-05
   3.9130435E-01   5.1798318E+05   2.5072665E+05   7.6862564E+05   2.2249232E-05   8.1271295E-09   1.4996572E-05
   4.0579710E-01   4.8102748E+05   2.3733395E+05   7.1825319E+05   4.6616303E-05   1.0688851E-08   3.1223332E-05
   4.2028986E-01   4.4552304E+05   2.2415941E+05   6.6960407E+05   1.2119264E-04   4.0114162E-08   8.0643236E-05
   4.3478261E-01   4.1513867E+05   2.0890800E+05   6.2402142E+05   2.2774673E-04   3.6511976E-09   1.5151133E-04
   4.4927536E-01   3.8463692E+05   1.9090076E+05   5.7551323E+05   1.0617776E-04   6.8198228E-08   7.0957179E-05
   4.6376812E-01   3.5544954E+05   1.8199888E+05   5.3740106E+05   2.3031450E-04   9.6373707E-09   1.5233793E-04
   4.7826087E-01   3.3209532E+05   1.7163884E+05   5.0366528E+05   1.3954155E-04   2.0781103E-07   9.1941550E-05
   4.9275362E-01   3.1111777E+05   1.5676235E+05   4.6785783E+05   6.6362212E-05   1.5124114E-09   4.4130025E-05
   5.0724638E-01   2.8519044E+05   1.4284419E+05   4.2801298E+05   1.7932765E-04   1.4837895E-08   1.1949103E-04
   5.2173913E-01   2.6602872E+05   1.3384577E+05   3.9981134E+05   1.7630477E-04   9.8900349E-09   1.1731348E-04
   5.3623188E-01   2.5003263E+05   1.2426882E+05   3.7426048E+05   1.2367857E-04   2.8526769E-08   8.2618138E-05
   5.5072464E-01   2.2602488E+05   1.1429860E+05   3.4026365E+05   2.6693758E-04   2.9033043E-08   1.7081096E-04
   5.6521739E-01   2.1187483E+05   1.0680201E+05   3.1863799E+05   2.3201530E-04   7.9924151E-08   1.5428265E-04
   5.7971014E-01   1.9288187E+05   9.8657316E+04   2.9152025E+05   7.2115555E-05   6.2161513E-09   4.7712541E-05
   5.9420290E-01   1.8106210E+05   9.0300035E+04   2.7134366E+05   2.3998454E-04   1.2367513E-08   1.6013498E-04
   6.0869565E-01   1.6884899E+05   8.2178348E+04   2.5102734E+05   8.0323628E-05   5.3508467E-09   5.4027606E-05
   6.2318841E-01   1.5253416E+05   7.6601892E+04   2.2913605E+05   1.6419590E-04   1.2017938E-07   1.0931462E-04
   6.3768116E-01   1.4095624E+05   7.1037814E+04   2.1197684E+05   1.5287147E-04   9.3049547E-08   1.0163827E-04
   6.5217391E-01   1.2896678E+05   6.6630312E+04   1.9559710E+05   1.9302574E-04   5.8100838E-09   1.2727314E-04
   6.6666667E-01   1.2110609E+05   6.1903793E+04   1.8299341E+05   2.1422600E-04   3.7864743E-08   1.4177915E-04
   6.8115942E-01   1.1085526E+05   5.5669463E+04   1.6652473E+05   5.1110446E-04   4.6587750E-08   3.4023618E-04
   6.9565217E-01   1.0338370E+05   5.0815716E+04   1.5419942E+05   1.5324624E-04   1.3583294E-09   1.0274496E-04
   7.1014493E-01   9.5675854E+04   4.6129154E+04   1.4178954E+05   4.8278300E-04   8.5308491E-09   3.2576653E-04
   7.2463768E-01   8.4487640E+04   4.3251610E+04   1.2773925E+05   3.6565954E-04   1.7062165E-08   2.4185541E-04
   7.3913043E-01   7.7289142E+04   3.8748574E+04   1.1603772E+05   8.1976775E-05   8.4789357E-08   5.4598403E-05
   7.5362319E-01   7.2553287E+04   3.6065352E+04   1.0861864E+05   2.3250472E-04   1.6707429E-08   1.5530938E-04
   7.6811594E-01   6.6880985E+04   3.3326117E+04   1.0020710E+05   3.5517836E-04   3.4295416E-08   2.3706648E-04
   7.8260870E-01   5.9412169E+04   2.9257055E+04   8.8669224E+04   3.4708022E-04   1.7525744E-08   2.3255433E-04
   7.9710145E-01   5.2972683E+04   2.6176358E+04   7.9149041E+04   1.9948440E-04   9.1153953E-09   1.3351080E-04
   8.1159420E-01   5.1553157E+04   2.5519489E+04   7.7059115E+04   3.5842320E-05   1.7110914E-09   2.3978288E-05
   8.2608696E-01   4.4826107E+04   2.2479522E+04   6.7305629E+04   1.9222247E-04   2.4493341E-08   1.2801359E-04
   8.4057971E-01   4.1766969E+04   2.0654857E+04   6.2408761E+04   2.0365325E-04   1.4136794E-08   1.3629929E-04
   8.5507246E-01   3.6319989E+04   1.9713997E+04   5.6033986E+04   5.4047727E-04   4.9979628E-08   3.5034298E-04
   8.6956522E-01   3.3959232E+04   1.6101905E+04   5.0048508E+04   2.7477164E-04   2.1613741E-08   1.8644320E-04
   8.8405797E-01   2.9775325E+04   1.4968405E+04   4.4743730E+04   3.6816904E-04   1.1169194E-08   2.4499987E-04
   8.9855072E-01   2.6141916E+04   1.3614817E+04   3.9756733E+04   3.2298384E-04   7.3502444E-09   2.1237839E-04
   9.1304348E-01   2.2503577E+04   1.1305912E+04   3.3809489E+04   9.5906517E-05   1.5045791E-09   6.3835826E-05
   9.2753623E-01   1.9985305E+04   9.0336420E+03   2.9018947E+04   8.2908873E-05   3.6772051E-07   5.7023657E-05
   9.4202899E-01   1.6133963E+04   7.9270915E+03   2.4061054E+04   2.0178787E-04   0.0000000E+00   1.3530737E-04
   9.5652174E-01   1.2778196E+04   6.3259532E+03   1.9104149E+04   3.5893428E-04   5.0806493E-08   2.4006560E-04
   9.7101449E-01   8.9458167E+03   4.8517767E+03   1.3797593E+04   2.4456719E-04   2.2051737E-08   1.5856107E-04
   9.8550725E-01   4.0449767E+03   2.1729214E+03   6.2178981E+03   3.7076627E-04   4.2586081E-08   2.4119900E-04
   1.0000000E+00   0.0000000E+00   0.0000000E+00   0.0000000E+00   0.0000000E+00   0.0000000E+00   0.0000000E+00
