   0.0000000E+00   6.6680828E+05   3.4552793E+05   1.0123362E+06   2.3188385E-03   0.0000000E+00   1.5273787E-03
   1.4492754E-02   6.8726717E+05   3.2128035E+05   1.0085475E+06   8.7771904E-05   1.9874508E-06   5.9599811E-05
   2.8985507E-02   6.7021810E+05   3.4136038E+05   1.0115785E+06   2.2903948E-04   2.3934314E-09   1.5174906E-04
   4.3478261E-02   7.0520027E+05   3.6118782E+05   1.0663881E+06   1.6119462E-04   6.1125649E-09   1.0659809E-04
   5.7971014E-02   7.2117589E+05   3.6750229E+05   1.0886782E+06   1.2720475E-04   2.3777187E-08   8.4256738E-05
   7.2463768E-02   7.3167054E+05   3.5931874E+05   1.0909893E+06   9.5639093E-05   5.5708861E-09   6.4139145E-05
   8.6956522E-02   7.4056132E+05   3.7331161E+05   1.1137466E+06   7.7608731E-05   1.5629944E-04   3.7124566E-05
   1.0144928E-01   7.6423157E+05   3.7356419E+05   1.1376875E+06   1.0111870E-04   8.3622348E-10   6.7925819E-05
   1.1594203E-01   7.7118651E+05   3.8786647E+05   1.1590530E+06   3.5463923E-05   1.5040750E-04   3.6761367E-05
   1.3043478E-01   8.0050671E+05   4.0134786E+05   1.2018546E+06   1.1878179E-04   6.2593601E-05   6.9195466E-05
   1.4492754E-01   8.1684015E+05   4.1857374E+05   1.2354139E+06   5.0352825E-05   7.7546551E-05   1.8744370E-05
   1.5942029E-01   8.3674795E+05   4.1868396E+05   1.2553630E+06   9.1586760E-05   1.1486000E-04   2.4830578E-05
   1.7391304E-01   8.5409553E+05   4.3980300E+05   1.2938354E+06   1.2471872E-04   3.9679762E-05   7.0550777E-05
   1.8840580E-01   8.7471957E+05   4.4041988E+05   1.3149063E+06   1.6447575E-04   8.6794507E-05   1.3295229E-04
   2.0289855E-01   8.6414456E+05   4.4148987E+05   1.3055803E+06   9.2115131E-06   6.1860271E-05   2.0682011E-05
   2.1739130E-01   8.5417131E+05   4.3908315E+05   1.2931534E+06   4.5648582E-05   3.1323224E-06   2.9635524E-05
   2.3188406E-01   8.6363039E+05   4.2381160E+05   1.2873473E+06   4.7628000E-05   9.6279303E-06   2.9577800E-05
   2.4637681E-01   8.2900851E+05   4.1470483E+05   1.2434905E+06   1.1576174E-04   6.3945908E-05   9.8306897E-05
   2.6086957E-01   8.1456694E+05   3.9915885E+05   1.2136837E+06   4.1268174E-05   5.8316314E-05   4.6415330E-05
   2.7536232E-01   7.7033904E+05   3.8712368E+05   1.1574228E+06   5.5693040E-05   5.4639016E-05   4.0361501E-05
   2.8985507E-01   7.4758301E+05   3.7511755E+05   1.1226248E+06   4.1496258E-05   3.7628826E-05   3.7256256E-05
   3.0434783E-01   7.1054051E+05   3.5819296E+05   1.0686974E+06   2.4206082E-04   4.5070386E-05   1.4858083E-04
   3.1884058E-01   6.7831210E+05   3.4239365E+05   1.0206369E+06   7.6639753E-05   2.6381083E-05   5.9028368E-05
   3.3333333E-01   6.4410913E+05   3.2147802E+05   9.6538948E+05   1.0262466E-04   4.4329808E-05   8.2831633E-05
   3.4782609E-01   6.0779954E+05   3.0603090E+05   9.1376730E+05   1.1797166E-04   2.3909714E-05   7.6935450E-05
   3.6231884E-01   5.7754690E+05   2.8954634E+05   8.6703262E+05   3.4771716E-04   7.3365239E-05   2.0818780E-04
   3.7681159E-01   5.3825534E+05   2.7124059E+05   8.0940850E+05   2.4439787E-04   7.2833805E-05   1.8377439E-04
   3.9130435E-01   5.0268813E+05   2.5246664E+05   7.5509864E+05   2.0345007E-04   1.2186570E-04   1.7617268E-04
   4.0579710E-01   4.7729292E+05   2.3771282E+05   7.1495162E+05   2.7445436E-04   2.9605061E-05   1.9138367E-04
   4.2028986E-01   4.4497434E+05   2.2434232E+05   6.6918601E+05   1.5615845E-04   6.5543678E-05   8.3601753E-05
   4.3478261E-01   4.1407784E+05   2.0580128E+05   6.1982861E+05   2.0953161E-04   1.7574133E-04   1.9815408E-04
   4.4927536E-01   3.8639682E+05   1.9583827E+05   5.8221065E+05   1.8657536E-04   3.2328648E-05   1.2576451E-04
   4.6376812E-01   3.5672822E+05   1.7911001E+05   5.3571984E+05   4.5178649E-04   1.3576274E-04   2.5546545E-04
   4.7826087E-01   3.2950065E+05   1.6798793E+05   4.9746561E+05   3.6543177E-04   2.0990329E-04   2.4391726E-04
   4.9275362E-01   3.1013717E+05   1.5473429E+05   4.6480460E+05   1.9805531E-04   1.0371009E-04   1.2484179E-04
   5.0724638E-01   2.9003995E+05   1.4308234E+05   4.3310064E+05   6.3553999E-04   8.9833919E-05   4.5010786E-04
   5.2173913E-01   2.6573405E+05   1.3515076E+05   4.0086375E+05   7.2511166E-04   1.8110008E-04   5.4155609E-04
   5.3623188E-01   2.4618250E+05   1.2545662E+05   3.7155721E+05   4.9244488E-04   1.2006981E-04   3.6842036E-04
   5.5072464E-01   2.2865701E+05   1.1334146E+05   3.4199847E+05   6.4904098E-04   1.6600350E-04   4.7693192E-04
   5.6521739E-01   2.1055365E+05   1.0625800E+05   3.1681165E+05   5.3134916E-04   1.6966416E-04   3.9886104E-04
   5.7971014E-01   2.0066762E+05   9.6971352E+04   2.9758214E+05   8.3830880E-04   1.9895116E-04   6.2203216E-04
   5.9420290E-01   1.7834534E+05   9.2055766E+04   2.7036415E+05   5.9792234E-04   1.8852240E-04   4.0144876E-04
   6.0869565E-01   1.7012993E+05   8.3188663E+04   2.5328251E+05   9.1479447E-04   7.4173679E-05   6.0023428E-04
   6.2318841E-01   1.5228745E+05   7.7888282E+04   2.3017573E+05   1.3041398E-03   2.0844276E-04   9.2166910E-04
   6.3768116E-01   1.4149010E+05   7.0917265E+04   2.1240737E+05   6.5320820E-04   2.0537324E-04   4.9225834E-04
   6.5217391E-01   1.3152625E+05   6.4441295E+04   1.9595071E+05   7.4105488E-04   6.6144437E-05   5.0354192E-04
   6.6666667E-01   1.1728446E+05   5.9202297E+04   1.7647028E+05   1.0825020E-03   1.8920191E-04   7.6618380E-04
   6.8115942E-01   1.1061343E+05   5.4943971E+04   1.6555740E+05   1.2908955E-03   7.8302676E-05   8.8432853E-04
   6.9565217E-01   1.0272068E+05   5.0926220E+04   1.5361533E+05   1.1281630E-03   4.6071877E-05   7.5734000E-04
   7.1014493E-01   9.5351110E+04   4.6732250E+04   1.4208336E+05   1.3056909E-03   3.7967479E-04   9.8700298E-04
   7.2463768E-01   8.6624458E+04   4.1387578E+04   1.2799688E+05   1.1544669E-03   5.9560754E-06   7.8041902E-04
   7.3913043E-01   7.6442260E+04   3.9773747E+04   1.1621601E+05   1.3953888E-03   2.6987936E-05   9.1745514E-04
   7.5362319E-01   7.3689893E+04   3.6211070E+04   1.0990096E+05   2.1291458E-03   1.1280598E-04   1.3947039E-03
   7.6811594E-01   6.7324190E+04   3.3612056E+04   1.0093625E+05   1.4274156E-03   3.8569171E-04   1.0721598E-03
   7.8260870E-01   6.0296195E+04   2.9663988E+04   8.9960183E+04   2.0916609E-03   2.1518943E-04   1.4679193E-03
   7.9710145E-01   5.4736143E+04   2.7595392E+04   8.2317758E+04   1.6718241E-03   2.4341080E-04   1.1816152E-03
   8.1159420E-01   5.0078276E+04   2.4599380E+04   7.4677656E+04   1.7141830E-03   1.3742229E-04   1.1922066E-03
   8.2608696E-01   4.5597137E+04   2.2572577E+04   6.8169714E+04   2.0210381E-03   6.5016901E-04   1.5664050E-03
   8.4057971E-01   4.2407125E+04   2.0406633E+04   6.2813758E+04   1.4849630E-03   2.7901036E-04   1.0792152E-03
   8.5507246E-01   3.6011757E+04   1.8827830E+04   5.4839587E+04   2.9936825E-03   2.2298807E-04   1.9390847E-03
   8.6956522E-01   3.4919032E+04   1.6518660E+04   5.1437692E+04   2.0530452E-03   5.2909319E-04   1.5539853E-03
   8.8405797E-01   2.9626262E+04   1.4583326E+04   4.4209588E+04   2.3526863E-03   4.9457222E-04   1.6798679E-03
   8.9855072E-01   2.5934149E+04   1.2771530E+04   3.8705679E+04   3.4006140E-03   6.1848251E-08   2.2785104E-03
   9.1304348E-01   2.2551687E+04   1.1233747E+04   3.3785434E+04   1.7409775E-03   4.1220788E-08   1.1620921E-03
   9.2753623E-01   1.9405163E+04   9.5072275E+03   2.8912390E+04   2.2542839E-03   5.4284527E-07   1.5131635E-03
   9.4202899E-01   1.6250538E+04   8.1952137E+03   2.4445751E+04   3.1868868E-03   3.3735943E-04   2.1972771E-03
   9.5652174E-01   1.2410808E+04   6.7622259E+03   1.9173034E+04   3.9058792E-03   2.0147654E-08   2.5283033E-03
   9.7101449E-01   8.7309361E+03   4.5577296E+03   1.3288666E+04   4.4343012E-03   3.2945991E-08   2.9134413E-03
   9.8550725E-01   4.0784063E+03   2.1172054E+03   6.1956117E+03   7.9978268E-03   2.0700570E-03   5.9522857E-03
   1.0000000E+00   0.0000000E+00   0.0000000E+00   0.0000000E+00   0.0000000E+00   0.0000000E+00   0.0000000E+00
