   0.0000000E+00   6.0618935E+05   3.0309467E+05   9.0928402E+05   8.7826916E-09   0.0000000E+00   5.8551277E-09
   1.4492754E-02   6.9939096E+05   3.6674456E+05   1.0661355E+06   4.1250206E-04   6.7242176E-09   2.7060600E-04
   2.8985507E-02   6.8385736E+05   3.4022377E+05   1.0240811E+06   3.5701982E-04   7.7561320E-09   2.3841199E-04
   4.3478261E-02   6.7792175E+05   3.5133724E+05   1.0292590E+06   5.0810530E-04   3.4202250E-09   3.3466255E-04
   5.7971014E-02   7.0223247E+05   3.5177926E+05   1.0540117E+06   4.0302426E-04   5.3663999E-09   2.6851515E-04
   7.2463768E-02   7.2454782E+05   3.6295587E+05   1.0873521E+06   3.6185849E-04   3.8677900E-08   2.4113200E-04
   8.6956522E-02   7.3740408E+05   3.6156669E+05   1.0989708E+06   3.5115388E-04   1.4973935E-04   1.9513085E-04
   1.0144928E-01   7.4983457E+05   3.7583740E+05   1.1256720E+06   1.6828541E-04   7.5396417E-05   1.3727096E-04
   1.1594203E-01   7.7866916E+05   3.9875893E+05   1.1772387E+06   2.2178127E-04   1.3164230E-08   1.4669697E-04
   1.3043478E-01   8.0261153E+05   4.0269495E+05   1.2053065E+06   2.8337633E-04   1.7763535E-04   1.6032740E-04
   1.4492754E-01   8.3525315E+05   4.0811698E+05   1.2433701E+06   1.7641530E-04   2.0900683E-08   1.1851514E-04
   1.5942029E-01   8.5775793E+05   4.2095717E+05   1.2786462E+06   1.9955741E-04   2.6790240E-05   1.2652155E-04
   1.7391304E-01   8.5819994E+05   4.2584802E+05   1.2840480E+06   1.1308292E-04   2.5403275E-05   7.5454661E-05
   1.8840580E-01   8.7839168E+05   4.2713034E+05   1.3052306E+06   9.4538780E-05   9.6694746E-10   6.3622218E-05
   2.0289855E-01   8.6095125E+05   4.3375013E+05   1.2946472E+06   9.0392113E-05   2.7316555E-08   6.0102406E-05
   2.1739130E-01   8.5578781E+05   4.3408209E+05   1.2898194E+06   1.8387675E-04   2.4250046E-05   1.2587792E-04
   2.3188406E-01   8.3261054E+05   4.2404839E+05   1.2565169E+06   1.1162036E-04   4.0692821E-05   6.6186226E-05
   2.4637681E-01   8.2464038E+05   4.2014270E+05   1.2446494E+06   6.6236011E-05   4.4899384E-05   3.9585098E-05
   2.6086957E-01   8.0425330E+05   3.9705402E+05   1.2011810E+06   2.3872527E-04   3.5523148E-05   1.4820074E-04
   2.7536232E-01   7.6603191E+05   3.9358439E+05   1.1596163E+06   1.2480638E-04   4.2837316E-05   9.5110865E-05
   2.8985507E-01   7.4193787E+05   3.6981339E+05   1.1115997E+06   1.1192737E-04   1.8084133E-05   7.1345358E-05
   3.0434783E-01   7.1624158E+05   3.6494042E+05   1.0811459E+06   2.5624490E-04   3.3440556E-08   1.6974948E-04
   3.1884058E-01   6.7862209E+05   3.3750281E+05   1.0159527E+06   2.9854179E-04   2.9447569E-05   2.0905541E-04
   3.3333333E-01   6.4644823E+05   3.2612328E+05   9.7253856E+05   7.6949938E-05   2.7061533E-08   5.1147303E-05
   3.4782609E-01   6.1708181E+05   3.0227379E+05   9.1929246E+05   5.7466427E-05   3.9755607E-05   2.9042207E-05
   3.6231884E-01   5.7769845E+05   2.9439586E+05   8.7200338E+05   7.7246221E-05   2.8622383E-05   4.7716745E-05
   3.7681159E-01   5.4355950E+05   2.7007484E+05   8.1357605E+05   4.1859849E-04   4.6387255E-05   2.7884866E-04
   3.9130435E-01   5.0799229E+05   2.5485210E+05   7.6284439E+05   3.1045325E-04   3.1552277E-05   2.1718609E-04
   4.0579710E-01   4.6795653E+05   2.3773988E+05   7.0564229E+05   4.0138369E-04   4.2623388E-05   2.7614994E-04
   4.2028986E-01   4.4797915E+05   2.2267007E+05   6.7057084E+05   2.9566481E-04   4.4231413E-05   1.9846032E-04
   4.3478261E-01   4.0988503E+05   2.1037296E+05   6.2020748E+05   3.2464013E-04   8.2369978E-05   2.2819058E-04
   4.4927536E-01   3.9275203E+05   1.9754929E+05   5.9027688E+05   3.8167829E-04   5.9754097E-05   2.6696942E-04
   4.6376812E-01   3.6117993E+05   1.8048341E+05   5.4163965E+05   5.5308684E-04   5.9394525E-05   3.5188297E-04
   4.7826087E-01   3.2940880E+05   1.6564583E+05   4.9505463E+05   6.6638719E-04   2.9116596E-05   4.5311532E-04
   4.9275362E-01   3.1597620E+05   1.5578175E+05   4.7173566E+05   6.4695312E-04   1.6883056E-05   4.2812137E-04
   5.0724638E-01   2.8891417E+05   1.4619988E+05   4.3507075E+05   4.0006531E-04   2.1903972E-05   2.7102830E-04
   5.2173913E-01   2.6602872E+05   1.3508761E+05   4.0109528E+05   4.1734299E-04   1.2927303E-04   2.5993341E-04
   5.3623188E-01   2.4214807E+05   1.2355204E+05   3.6565915E+05   7.3967277E-04   6.8953837E-05   5.0688637E-04
   5.5072464E-01   2.2953439E+05   1.1671139E+05   3.4620590E+05   1.0375837E-03   2.7626696E-08   6.8792434E-04
   5.6521739E-01   2.0721184E+05   1.0651058E+05   3.1368356E+05   1.0489819E-03   8.4031915E-09   6.9293515E-04
   5.7971014E-01   1.9612120E+05   9.9111958E+04   2.9517633E+05   8.2921992E-04   1.1288909E-07   5.5091659E-04
   5.9420290E-01   1.8316898E+05   9.2517801E+04   2.7564982E+05   6.8971380E-04   6.2658061E-05   4.7560177E-04
   6.0869565E-01   1.6926394E+05   8.2791753E+04   2.5203765E+05   1.2650030E-03   5.9105546E-05   8.6041443E-04
   6.2318841E-01   1.5443731E+05   7.9668083E+04   2.3410539E+05   1.1186920E-03   7.2198911E-08   7.3797179E-04
   6.3768116E-01   1.4396997E+05   6.9642890E+04   2.1359564E+05   7.7970207E-04   7.7209729E-05   5.5003123E-04
   6.5217391E-01   1.2928672E+05   6.7135470E+04   1.9640535E+05   1.7414670E-03   1.3538869E-04   1.1830915E-03
   6.6666667E-01   1.1703737E+05   5.9614110E+04   1.7665148E+05   1.4371861E-03   1.8067886E-07   9.5213467E-04
   6.8115942E-01   1.1067792E+05   5.5105191E+04   1.6578311E+05   1.4081256E-03   1.8897749E-04   9.2723269E-04
   6.9565217E-01   1.0096841E+05   5.2015466E+04   1.5298388E+05   1.6662738E-03   3.8115639E-05   1.0875102E-03
   7.1014493E-01   9.3309860E+04   4.7861123E+04   1.4117098E+05   1.9336204E-03   1.3281529E-04   1.2829108E-03
   7.2463768E-01   8.7670134E+04   4.2842432E+04   1.3051257E+05   1.7632624E-03   1.1410857E-08   1.1844517E-03
   7.3913043E-01   7.8700612E+04   3.8867435E+04   1.1756805E+05   1.7401532E-03   3.1110198E-08   1.1648625E-03
   7.5362319E-01   7.3646177E+04   3.5788486E+04   1.0943466E+05   1.4385564E-03   3.1385329E-07   9.6820667E-04
   7.6811594E-01   6.6452078E+04   3.2282442E+04   9.8734520E+04   1.6896021E-03   1.6330177E-04   1.0966680E-03
   7.8260870E-01   5.9370072E+04   3.1109301E+04   9.0479373E+04   1.5160705E-03   2.5397974E-04   1.0786416E-03
   7.9710145E-01   5.5259670E+04   2.6300351E+04   8.1560021E+04   2.5415873E-03   6.1792005E-08   1.7219969E-03
   8.1159420E-01   5.1228412E+04   2.5032373E+04   7.6260785E+04   2.6180799E-03   2.2514723E-04   1.8227237E-03
   8.2608696E-01   4.6128882E+04   2.2200355E+04   6.8329238E+04   1.8228989E-03   4.4044031E-05   1.2445306E-03
   8.4057971E-01   4.1688582E+04   2.0903081E+04   6.2591663E+04   2.1389787E-03   3.4813200E-08   1.4246578E-03
   8.5507246E-01   3.8040950E+04   1.8468226E+04   5.6509176E+04   1.9835942E-03   2.0224515E-04   1.3065987E-03
   8.6956522E-01   3.3138351E+04   1.5962986E+04   4.9101337E+04   2.9868110E-03   6.2198322E-08   2.0157724E-03
   8.8405797E-01   2.8321961E+04   1.4446685E+04   4.2768646E+04   2.7630545E-03   5.1596687E-08   1.8297183E-03
   8.9855072E-01   2.5799712E+04   1.1916020E+04   3.7715732E+04   2.7787969E-03   5.3367527E-08   1.9008461E-03
   9.1304348E-01   2.2816293E+04   1.1582546E+04   3.4398840E+04   2.8362649E-03   2.8250100E-08   1.8812656E-03
   9.2753623E-01   1.8422473E+04   9.2230762E+03   2.7645549E+04   3.0763630E-03   2.3891265E-07   2.0500844E-03
   9.4202899E-01   1.5819210E+04   7.3442171E+03   2.3163428E+04   2.4740018E-03   2.8825366E-08   1.6895977E-03
   9.5652174E-01   1.3076698E+04   6.1767021E+03   1.9253400E+04   2.0977569E-03   6.7412136E-09   1.4247715E-03
   9.7101449E-01   8.5386746E+03   4.1279685E+03   1.2666643E+04   2.6089049E-03   5.5634740E-08   1.7586966E-03
   9.8550725E-01   4.2121245E+03   1.9389145E+03   6.1510390E+03   1.4786152E-03   6.1625773E-09   1.0125283E-03
   1.0000000E+00   0.0000000E+00   0.0000000E+00   0.0000000E+00   0.0000000E+00   0.0000000E+00   0.0000000E+00
