   0.0000000E+00   7.3955100E+05   2.9097089E+05   1.0305219E+06   1.9882350E-03   0.0000000E+00   1.4268510E-03
   1.4492754E-02   6.5998865E+05   3.5083208E+05   1.0108207E+06   1.4353218E-03   1.3781740E-06   9.3709346E-04
   2.8985507E-02   6.7324904E+05   3.3113093E+05   1.0043800E+06   8.4670246E-04   5.1219927E-07   5.6740289E-04
   4.3478261E-02   6.8448880E+05   3.4704340E+05   1.0312796E+06   1.0729303E-03   1.3436795E-07   7.1213813E-04
   5.7971014E-02   7.0450568E+05   3.5196869E+05   1.0564744E+06   8.1498512E-04   3.5726475E-07   5.4345722E-04
   7.2463768E-02   6.9529918E+05   3.5825790E+05   1.0535571E+06   6.0893387E-04   2.7005203E-07   4.0178429E-04
   8.6956522E-02   7.1542972E+05   3.6901777E+05   1.0844475E+06   8.6086469E-04   2.3846454E-07   5.6791949E-04
   1.0144928E-01   7.2883444E+05   3.6208989E+05   1.0909243E+06   5.4001100E-04   9.4724739E-08   3.6075588E-04
   1.1594203E-01   7.1681890E+05   3.7261701E+05   1.0894359E+06   2.5742854E-04   4.0246072E-07   1.6934261E-04
   1.3043478E-01   7.5091705E+05   3.8358315E+05   1.1345002E+06   5.6502603E-04   1.0526181E-07   3.7397878E-04
   1.4492754E-01   8.0426172E+05   3.9917569E+05   1.2033616E+06   8.1700435E-04   3.4501485E-08   5.4605069E-04
   1.5942029E-01   8.1112268E+05   4.1654852E+05   1.2276023E+06   9.2458560E-04   3.2310894E-08   6.1090317E-04
   1.7391304E-01   8.2864821E+05   4.3121532E+05   1.2597372E+06   4.5792914E-04   2.6095189E-07   3.0122663E-04
   1.8840580E-01   8.1660700E+05   4.2188447E+05   1.2384332E+06   5.4803942E-04   7.9948012E-08   3.6135329E-04
   2.0289855E-01   8.2679897E+05   4.2963670E+05   1.2564357E+06   8.2739778E-05   1.7540708E-07   5.4473001E-05
   2.1739130E-01   8.1936593E+05   4.3135424E+05   1.2506697E+06   4.1131446E-04   1.2834409E-06   2.6922142E-04
   2.3188406E-01   8.0163805E+05   4.1448197E+05   1.2159779E+06   2.7294683E-04   4.5059372E-08   1.7993860E-04
   2.4637681E-01   7.9428634E+05   4.0454224E+05   1.1986949E+06   7.2407883E-04   2.8900280E-07   4.7987854E-04
   2.6086957E-01   7.6725049E+05   3.9591742E+05   1.1630837E+06   2.7283987E-04   4.2806736E-07   1.8000531E-04
   2.7536232E-01   7.4090695E+05   3.7783144E+05   1.1187384E+06   5.1823980E-04   7.6507109E-07   3.4345403E-04
   2.8985507E-01   7.1534132E+05   3.6303165E+05   1.0782593E+06   9.9274146E-05   1.0812052E-07   6.5888036E-05
   3.0434783E-01   6.7442173E+05   3.4920836E+05   1.0234497E+06   7.5173959E-04   3.9320531E-08   4.9606809E-04
   3.1884058E-01   6.4982809E+05   3.4229033E+05   9.9208397E+05   1.5098166E-03   1.2935694E-07   9.8899401E-04
   3.3333333E-01   6.2506687E+05   3.1617387E+05   9.4117485E+05   1.3611802E-03   4.0395271E-07   9.0387222E-04
   3.4782609E-01   5.8686706E+05   3.0145291E+05   8.8825683E+05   1.8723595E-03   5.3401806E-07   1.2369125E-03
   3.6231884E-01   5.6578683E+05   2.8027164E+05   8.4590692E+05   1.8115652E-03   5.0218288E-07   1.2115054E-03
   3.7681159E-01   5.2219715E+05   2.6838450E+05   7.9049422E+05   2.5654564E-03   1.5610447E-07   1.6947480E-03
   3.9130435E-01   4.9457754E+05   2.4870602E+05   7.4319937E+05   3.4423130E-03   9.9741930E-08   2.2907260E-03
   4.0579710E-01   4.6833539E+05   2.3487131E+05   7.0312552E+05   3.5848847E-03   2.4718555E-07   2.3878884E-03
   4.2028986E-01   4.3619504E+05   2.1966525E+05   6.5580804E+05   4.3698951E-03   9.6418686E-08   2.9065462E-03
   4.3478261E-01   4.0579325E+05   2.1070131E+05   6.1649457E+05   4.0781531E-03   2.4482224E-07   2.6843568E-03
   4.4927536E-01   3.8788785E+05   1.9236735E+05   5.8018187E+05   5.1604583E-03   1.7974877E-07   3.4500670E-03
   4.6376812E-01   3.5881200E+05   1.7979671E+05   5.3858503E+05   5.2677907E-03   5.6155568E-07   3.5093745E-03
   4.7826087E-01   3.3345006E+05   1.6768942E+05   5.0111653E+05   6.0911115E-03   1.3271233E-06   4.0533118E-03
   4.9275362E-01   3.1111777E+05   1.5578175E+05   4.6685494E+05   7.3145714E-03   2.5127371E-07   4.8745902E-03
   5.0724638E-01   2.8945541E+05   1.4825659E+05   4.3766871E+05   8.2956643E-03   9.8172295E-07   5.4861300E-03
   5.2173913E-01   2.7158546E+05   1.3824485E+05   4.0980926E+05   8.2589417E-03   3.3904050E-07   5.4731996E-03
   5.3623188E-01   2.5003263E+05   1.2537470E+05   3.7538685E+05   8.4467598E-03   6.6579487E-08   5.6260841E-03
   5.5072464E-01   2.3944479E+05   1.1451794E+05   3.5396273E+05   9.6985560E-03   1.6789338E-06   6.5606526E-03
   5.6521739E-01   2.2073452E+05   1.0771518E+05   3.2843028E+05   1.0306175E-02   1.0612883E-06   6.9264245E-03
   5.7971014E-01   2.0036452E+05   1.0248389E+05   3.0284841E+05   1.2205748E-02   1.1581511E-06   8.0754317E-03
   5.9420290E-01   1.8982228E+05   9.1907915E+04   2.8169323E+05   1.3812145E-02   3.1260741E-06   9.3065758E-03
   6.0869565E-01   1.7642636E+05   8.6255693E+04   2.6264597E+05   1.4369272E-02   9.9796931E-07   9.6369384E-03
   6.2318841E-01   1.6224376E+05   7.8311205E+04   2.4055496E+05   1.5675363E-02   5.0980926E-07   1.0572181E-02
   6.3768116E-01   1.4970466E+05   7.3569344E+04   2.2327400E+05   1.6152798E-02   5.8902612E-07   1.0830216E-02
   6.5217391E-01   1.3688092E+05   6.7118632E+04   2.0398272E+05   1.7938958E-02   9.2870399E-08   1.2037760E-02
   6.6666667E-01   1.3042954E+05   6.2266188E+04   1.9269573E+05   1.7792391E-02   1.9002727E-07   1.2043100E-02
   6.8115942E-01   1.1838427E+05   5.7700842E+04   1.7606899E+05   1.9266962E-02   4.0126088E-07   1.2954480E-02
   6.9565217E-01   1.1143465E+05   5.3499367E+04   1.6493402E+05   2.0076627E-02   1.2378223E-06   1.3564246E-02
   7.1014493E-01   1.0591303E+05   4.9206492E+04   1.5511952E+05   2.3307674E-02   1.7600068E-06   1.5914564E-02
   7.2463768E-01   9.7808651E+04   4.5858224E+04   1.4365172E+05   2.4042347E-02   3.3382145E-07   1.6369904E-02
   7.3913043E-01   8.7630019E+04   4.1734948E+04   1.2936497E+05   2.4227699E-02   1.6884821E-06   1.6411406E-02
   7.5362319E-01   8.0392948E+04   3.8513424E+04   1.1890637E+05   2.8493501E-02   2.8552636E-07   1.9264622E-02
   7.6811594E-01   7.3314598E+04   3.5070341E+04   1.0838494E+05   2.6810421E-02   7.6591412E-07   1.8135389E-02
   7.8260870E-01   6.6498410E+04   3.3340414E+04   9.9838824E+04   3.0636106E-02   1.4583668E-06   2.0405073E-02
   7.9710145E-01   6.3649881E+04   2.9455291E+04   9.3105173E+04   2.9189866E-02   2.2272967E-07   1.9955257E-02
   8.1159420E-01   5.9252302E+04   2.6683156E+04   8.5935459E+04   3.2316143E-02   7.0469834E-07   2.2282125E-02
   8.2608696E-01   5.3134623E+04   2.5071779E+04   7.8206402E+04   3.2664103E-02   3.7927793E-06   2.2192304E-02
   8.4057971E-01   4.7894184E+04   2.2666778E+04   7.0560963E+04   3.4779210E-02   3.9208266E-08   2.3606835E-02
   8.5507246E-01   4.4000100E+04   2.0189188E+04   6.4189287E+04   3.6895996E-02   1.0588272E-06   2.5290990E-02
   8.6956522E-01   4.0046384E+04   1.8299341E+04   5.8345725E+04   3.9224474E-02   5.3121890E-07   2.6922395E-02
   8.8405797E-01   3.4160260E+04   1.5527391E+04   4.9687651E+04   4.2732877E-02   1.4218462E-06   2.9379152E-02
   8.9855072E-01   3.0822773E+04   1.3504823E+04   4.4327596E+04   3.9184172E-02   3.4256600E-06   2.7245937E-02
   9.1304348E-01   2.7266493E+04   1.2256090E+04   3.9522583E+04   4.6522187E-02   7.9840891E-07   3.2095269E-02
   9.2753623E-01   2.4022621E+04   1.0407040E+04   3.4429661E+04   4.8883443E-02   3.0905471E-06   3.4106594E-02
   9.4202899E-01   1.9666181E+04   8.9762653E+03   2.8642447E+04   5.4228477E-02   1.7359481E-06   3.7233307E-02
   9.5652174E-01   1.5682853E+04   7.0262856E+03   2.2709139E+04   5.7162775E-02   1.1665225E-06   3.9476708E-02
   9.7101449E-01   1.1196408E+04   5.2928473E+03   1.6489255E+04   4.8307894E-02   5.2404124E-07   3.2801824E-02
   9.8550725E-01   5.4044455E+03   2.3177828E+03   7.7222283E+03   5.1765784E-02   2.9884755E-06   3.6228188E-02
   1.0000000E+00   6.5652276E+01   2.1884092E+01   8.7536368E+01   3.9732877E-01   7.9477586E-06   2.9799522E-01
