   0.0000000E+00   7.8198426E+05   3.5765171E+05   1.1396360E+06   2.0802183E-03   0.0000000E+00   1.4273838E-03
   1.4492754E-02   6.7741660E+05   3.6977550E+05   1.0471921E+06   3.0717134E-04   4.9129076E-08   1.9869155E-04
   2.8985507E-02   6.7893207E+05   3.3757169E+05   1.0165038E+06   8.7291734E-04   1.7980984E-09   5.8302917E-04
   4.3478261E-02   6.9029812E+05   3.4401245E+05   1.0343106E+06   1.3168501E-04   1.7221267E-08   8.7891998E-05
   5.7971014E-02   7.0280077E+05   3.4647510E+05   1.0492759E+06   4.3057498E-04   4.0442013E-08   2.8841044E-04
   7.2463768E-02   7.0954463E+05   3.5249911E+05   1.0620437E+06   1.0622299E-05   1.3605227E-08   7.0924998E-06
   8.6956522E-02   7.3500458E+05   3.6093524E+05   1.0959398E+06   1.2055881E-04   1.1356854E-07   8.0889698E-05
   1.0144928E-01   7.3781903E+05   3.6988375E+05   1.1077028E+06   2.2359049E-04   1.1954904E-07   1.4893124E-04
   1.1594203E-01   7.7090236E+05   3.9515968E+05   1.1659673E+06   3.3129005E-04   4.8502564E-09   2.1903750E-04
   1.3043478E-01   7.9772834E+05   4.0395785E+05   1.2016862E+06   1.3473546E-04   1.2229560E-08   8.9445471E-05
   1.4492754E-01   8.3078250E+05   4.1402732E+05   1.2446583E+06   1.0190283E-04   1.9959768E-08   6.8016818E-05
   1.5942029E-01   8.4921617E+05   4.2584802E+05   1.2748575E+06   4.0682276E-05   5.9832127E-09   2.0392792E-05
   1.7391304E-01   8.6331466E+05   4.3323595E+05   1.2964243E+06   7.9863764E-05   1.3537150E-08   5.3182186E-05
   1.8840580E-01   8.5816594E+05   4.3756379E+05   1.2956714E+06   4.1204564E-04   3.6749918E-09   2.7291192E-04
   2.0289855E-01   8.6971934E+05   4.2054386E+05   1.2902091E+06   2.9508627E-04   2.3128762E-08   1.9891155E-04
   2.1739130E-01   8.6578994E+05   4.3514292E+05   1.3008318E+06   1.9062678E-04   1.2595622E-08   1.2687499E-04
   2.3188406E-01   8.2863242E+05   4.2025971E+05   1.2488448E+06   1.3751320E-04   8.9899577E-09   9.1240301E-05
   2.4637681E-01   8.2521982E+05   4.1581915E+05   1.2409944E+06   1.8243911E-04   7.4279353E-09   1.2131352E-04
   2.6086957E-01   8.0240105E+05   4.0130577E+05   1.2036647E+06   2.7284207E-04   5.7934313E-09   1.8188354E-04
   2.7536232E-01   7.6264203E+05   4.0036414E+05   1.1629264E+06   2.4897503E-04   1.7032977E-08   1.6327914E-04
   2.8985507E-01   7.4046029E+05   3.7132886E+05   1.1117134E+06   1.3003108E-04   2.5836951E-08   8.6615425E-05
   3.0434783E-01   7.1577250E+05   3.4588875E+05   1.0615891E+06   3.0714259E-04   1.3707628E-08   2.0708854E-04
   3.1884058E-01   6.7903540E+05   3.4297918E+05   1.0219801E+06   2.2905162E-04   9.6148046E-08   1.5216725E-04
   3.3333333E-01   6.4961095E+05   3.2355356E+05   9.7316452E+05   5.0891006E-04   2.0935878E-07   3.3977209E-04
   3.4782609E-01   6.1313527E+05   3.0653606E+05   9.1951347E+05   3.7156350E-04   2.5274690E-07   2.4773612E-04
   3.6231884E-01   5.6675673E+05   2.9366843E+05   8.6039485E+05   2.9714943E-04   1.5317967E-05   2.0014433E-04
   3.7681159E-01   5.4017882E+05   2.7112401E+05   8.1118626E+05   3.2828532E-04   1.8330563E-06   2.1922178E-04
   3.9130435E-01   5.0650488E+05   2.5619919E+05   7.6264794E+05   7.5016090E-04   4.2664729E-08   4.9819869E-04
   4.0579710E-01   4.7179933E+05   2.3595379E+05   7.0772606E+05   7.4986928E-04   4.7738665E-08   4.9990539E-04
   4.2028986E-01   4.4860625E+05   2.1979590E+05   6.6832376E+05   7.7946474E-04   3.5509807E-08   5.2320581E-04
   4.3478261E-01   4.1609847E+05   2.1017090E+05   6.2626937E+05   9.2978220E-04   2.5427104E-07   6.1783982E-04
   4.4927536E-01   3.8695901E+05   1.9212291E+05   5.7905749E+05   1.3029530E-03   2.4562643E-08   8.7071206E-04
   4.6376812E-01   3.5769907E+05   1.8327756E+05   5.4095295E+05   1.2600296E-03   3.3708491E-08   8.3316984E-04
   4.7826087E-01   3.3234790E+05   1.6927378E+05   5.0162168E+05   1.1169708E-03   5.3615111E-08   7.4004331E-04
   4.9275362E-01   3.0567989E+05   1.5727493E+05   4.6291025E+05   1.6569307E-03   4.9616679E-08   1.0941525E-03
   5.0724638E-01   2.8456260E+05   1.4234625E+05   4.2684390E+05   1.2066569E-03   8.5789928E-08   8.0444712E-04
   5.2173913E-01   2.7021732E+05   1.3626631E+05   4.0644154E+05   1.5480328E-03   2.6424221E-08   1.0291823E-03
   5.3623188E-01   2.4589579E+05   1.2299910E+05   3.6883345E+05   2.2316848E-03   6.0679949E-08   1.4878115E-03
   5.5072464E-01   2.2789928E+05   1.1537538E+05   3.4329460E+05   1.8277151E-03   6.2259075E-07   1.2131399E-03
   5.6521739E-01   2.1150568E+05   1.0421794E+05   3.1570419E+05   2.6250436E-03   6.6733371E-08   1.7586424E-03
   5.7971014E-01   1.9595071E+05   9.7880636E+04   2.9383134E+05   2.8970097E-03   2.8509799E-08   1.9319586E-03
   5.9420290E-01   1.8296569E+05   8.9061782E+04   2.7202747E+05   2.9152275E-03   1.1244316E-07   1.9607580E-03
   6.0869565E-01   1.6839796E+05   8.1691231E+04   2.5007115E+05   2.8046799E-03   9.1032047E-08   1.8886530E-03
   6.2318841E-01   1.5540651E+05   8.0002896E+04   2.3539178E+05   2.5294883E-03   1.9714300E-05   1.6726141E-03
   6.3768116E-01   1.4396997E+05   7.1709444E+04   2.1567941E+05   3.4014398E-03   1.8531189E-07   2.2704698E-03
   6.5217391E-01   1.3198089E+05   6.4761229E+04   1.9674212E+05   3.2389438E-03   6.0175581E-08   2.1727978E-03
   6.6666667E-01   1.2263804E+05   6.0190649E+04   1.8282868E+05   3.7513623E-03   1.2453214E-08   2.5163391E-03
   6.8115942E-01   1.1435375E+05   5.6943106E+04   1.7128073E+05   3.5373089E-03   2.7833860E-08   2.3616489E-03
   6.9565217E-01   1.0118942E+05   5.1241943E+04   1.5243136E+05   4.5715700E-03   2.9961492E-09   3.0347730E-03
   7.1014493E-01   9.4871726E+04   4.8974532E+04   1.4384626E+05   4.8492552E-03   1.9747425E-07   3.1981901E-03
   7.2463768E-01   8.5230222E+04   4.2069541E+04   1.2729976E+05   5.1913468E-03   8.0597037E-08   3.4757050E-03
   7.3913043E-01   7.8492606E+04   3.9506311E+04   1.1799892E+05   4.6325839E-03   6.9514211E-08   3.0816073E-03
   7.5362319E-01   7.3427599E+04   3.6138211E+04   1.0956581E+05   6.4739407E-03   1.1554405E-07   4.3386180E-03
   7.6811594E-01   6.8553725E+04   3.3240336E+04   1.0179406E+05   6.5920688E-03   8.1594253E-07   4.4395627E-03
   7.8260870E-01   6.0394420E+04   3.1347847E+04   9.1742267E+04   5.7695897E-03   7.8305633E-08   3.7981267E-03
   7.9710145E-01   5.5397440E+04   2.9345075E+04   8.4742515E+04   6.6875666E-03   2.2128498E-07   4.3718229E-03
   8.1159420E-01   5.0903668E+04   2.4951187E+04   7.5854854E+04   6.7767701E-03   1.9823856E-07   4.5476195E-03
   8.2608696E-01   4.4653290E+04   2.3157497E+04   6.7810786E+04   7.6334979E-03   1.8062174E-07   5.0265840E-03
   8.4057971E-01   4.2328739E+04   2.0458890E+04   6.2787629E+04   8.3814964E-03   1.3653764E-07   5.6504591E-03
   8.5507246E-01   3.7873991E+04   1.8532441E+04   5.6406432E+04   8.7919599E-03   1.2078784E-07   5.9033716E-03
   8.6956522E-01   3.3239383E+04   1.6379741E+04   4.9619124E+04   9.2533438E-03   1.0769133E-07   6.1987629E-03
   8.8405797E-01   3.0756656E+04   1.5018093E+04   4.5774749E+04   1.0011487E-02   3.6875685E-07   6.7269412E-03
   8.9855072E-01   2.6691886E+04   1.3077069E+04   3.9768954E+04   9.4783597E-03   7.9393748E-07   6.3618675E-03
   9.1304348E-01   2.2058557E+04   1.1293885E+04   3.3352442E+04   1.1470648E-02   4.1281178E-07   7.5863311E-03
   9.2753623E-01   1.8990776E+04   9.7676994E+03   2.8758475E+04   1.2055148E-02   5.2842858E-07   7.9604891E-03
   9.4202899E-01   1.6437057E+04   8.0553238E+03   2.4492381E+04   1.2249932E-02   4.8671286E-06   8.2222921E-03
   9.5652174E-01   1.2789677E+04   7.0148048E+03   1.9804482E+04   1.2885492E-02   4.9370108E-06   8.3229816E-03
   9.7101449E-01   9.0136737E+03   4.4107061E+03   1.3424380E+04   1.0795230E-02   2.8267655E-07   7.2482795E-03
   9.8550725E-01   4.0561199E+03   2.3177828E+03   6.3739027E+03   1.1779376E-02   1.0677882E-07   7.4959501E-03
   1.0000000E+00   0.0000000E+00   0.0000000E+00   0.0000000E+00   0.0000000E+00   0.0000000E+00   0.0000000E+00
