   0.0000000E+00   5.8194177E+05   3.8796118E+05   9.6990296E+05   1.8953044E-03   0.0000000E+00   1.1371827E-03
   1.4492754E-02   6.7514339E+05   3.6522908E+05   1.0403725E+06   6.3899960E-04   4.1075772E-08   4.1466064E-04
   2.8985507E-02   6.8120528E+05   3.4742227E+05   1.0286275E+06   1.6978834E-04   1.1265144E-08   1.1244058E-04
   4.3478261E-02   7.1075701E+05   3.6750229E+05   1.0782593E+06   4.2944932E-04   2.3444378E-08   2.8307245E-04
   5.7971014E-02   6.9408680E+05   3.4836944E+05   1.0424562E+06   3.8607950E-04   4.8375197E-08   2.5707080E-04
   7.2463768E-02   7.1666736E+05   3.6113730E+05   1.0778047E+06   9.7000755E-05   1.4012673E-09   6.4499407E-05
   8.6956522E-02   7.2477514E+05   3.6257700E+05   1.0873521E+06   1.5555115E-04   8.0767660E-08   1.0366785E-04
   1.0144928E-01   7.5546347E+05   3.8027557E+05   1.1357390E+06   2.0430977E-04   5.9560878E-08   1.3591601E-04
   1.1594203E-01   7.7544878E+05   3.8739288E+05   1.1628417E+06   1.9119293E-04   6.9862479E-10   1.2749843E-04
   1.3043478E-01   7.9840189E+05   4.0437881E+05   1.2027807E+06   1.3329685E-04   7.3625764E-09   8.8483937E-05
   1.4492754E-01   8.3244952E+05   4.2107428E+05   1.2534480E+06   2.5003994E-04   9.3230001E-10   1.6605847E-04
   1.5942029E-01   8.3840120E+05   4.1840842E+05   1.2566030E+06   4.3998079E-05   2.8564170E-08   2.9360375E-05
   1.7391304E-01   8.6546158E+05   4.3159419E+05   1.2968663E+06   5.1542504E-05   9.2897756E-09   3.4395480E-05
   1.8840580E-01   8.6533529E+05   4.3727235E+05   1.3025494E+06   2.2157890E-04   5.5121222E-08   1.4719828E-04
   2.0289855E-01   8.6814974E+05   4.3910841E+05   1.3070958E+06   1.3514840E-04   4.6491500E-09   8.9764691E-05
   2.1739130E-01   8.6558787E+05   4.3084908E+05   1.2963359E+06   1.2069743E-04   1.7443568E-07   8.0542055E-05
   2.3188406E-01   8.5179075E+05   4.3105746E+05   1.2828008E+06   5.2045240E-05   1.4055821E-08   3.4560630E-05
   2.4637681E-01   8.2780504E+05   4.1564086E+05   1.2433122E+06   1.4201183E-04   1.3054612E-08   9.4555098E-05
   2.6086957E-01   8.0067510E+05   4.1364004E+05   1.2143151E+06   1.3227467E-04   4.5823756E-08   8.7220572E-05
   2.7536232E-01   7.7863426E+05   3.8828023E+05   1.1668746E+06   1.9467449E-04   8.3623508E-09   1.2990164E-04
   2.8985507E-01   7.4288505E+05   3.6988916E+05   1.1125848E+06   4.8104546E-05   2.6056129E-08   3.2114144E-05
   3.0434783E-01   7.1201990E+05   3.5902286E+05   1.0710067E+06   1.4128085E-04   1.0071193E-08   9.3927469E-05
   3.1884058E-01   6.8451177E+05   3.3798500E+05   1.0222901E+06   2.5747364E-04   7.3439221E-08   1.7239331E-04
   3.3333333E-01   6.4137469E+05   3.2424541E+05   9.6558715E+05   2.5481305E-04   3.4110401E-08   1.6926651E-04
   3.4782609E-01   6.0798897E+05   3.0779896E+05   9.1575636E+05   2.6103309E-04   1.8158089E-07   1.7336600E-04
   3.6231884E-01   5.7533431E+05   2.8872799E+05   8.6397137E+05   1.7366292E-04   2.7280551E-08   1.1565093E-04
   3.7681159E-01   5.3758503E+05   2.7511670E+05   8.1261431E+05   8.6446470E-05   1.0072090E-07   5.7201108E-05
   3.9130435E-01   5.0754326E+05   2.5524501E+05   7.6264794E+05   3.4468884E-04   5.0286171E-08   2.2940539E-04
   4.0579710E-01   4.7174521E+05   2.4201568E+05   7.1373383E+05   1.3877423E-04   1.6512109E-08   9.1718295E-05
   4.2028986E-01   4.4701239E+05   2.2418554E+05   6.7109341E+05   2.9160472E-04   2.6001637E-08   1.9423619E-04
   4.3478261E-01   4.1887684E+05   2.0900904E+05   6.2786062E+05   3.0770726E-04   1.8802278E-08   2.0528110E-04
   4.4927536E-01   3.8788785E+05   1.8958083E+05   5.7746868E+05   2.6339031E-04   4.2981532E-07   1.7704103E-04
   4.6376812E-01   3.6054059E+05   1.7707359E+05   5.3754314E+05   6.6019576E-05   3.7405718E-08   4.4280215E-05
   4.7826087E-01   3.3287602E+05   1.6915897E+05   5.0201203E+05   4.7013757E-04   1.8964417E-07   3.1175071E-04
   4.9275362E-01   3.0255980E+05   1.5486801E+05   4.5738323E+05   8.3836323E-04   1.3031255E-07   5.5456532E-04
   5.0724638E-01   2.8999665E+05   1.4624318E+05   4.3619653E+05   5.5300937E-04   2.4416522E-07   3.6761880E-04
   5.2173913E-01   2.6379761E+05   1.3115159E+05   3.9490710E+05   4.6730635E-04   3.7462770E-08   3.1216205E-04
   5.3623188E-01   2.4923393E+05   1.2553854E+05   3.7471103E+05   7.3958333E-04   1.5468718E-07   4.9187422E-04
   5.5072464E-01   2.2999302E+05   1.1328163E+05   3.4323478E+05   6.4636433E-04   1.8908212E-07   4.3313111E-04
   5.6521739E-01   2.1010678E+05   1.0686030E+05   3.1694765E+05   5.4909646E-04   2.9847594E-06   3.6495998E-04
   5.7971014E-01   1.9651901E+05   9.9964412E+04   2.9648342E+05   9.5965328E-04   3.5394002E-08   6.3610181E-04
   5.9420290E-01   1.7799420E+05   9.0965365E+04   2.6895956E+05   4.3597973E-04   1.5628994E-06   2.8817072E-04
   6.0869565E-01   1.6973302E+05   8.2881960E+04   2.5261498E+05   7.0334777E-04   4.2269740E-08   4.7258244E-04
   6.2318841E-01   1.5470164E+05   7.8786993E+04   2.3347101E+05   9.8367807E-04   1.2534760E-07   6.5176158E-04
   6.3768116E-01   1.4012962E+05   7.0366184E+04   2.1049581E+05   8.9481413E-04   6.4430083E-07   5.9563182E-04
   6.5217391E-01   1.3235134E+05   6.6445088E+04   1.9879643E+05   7.0340082E-04   1.0662066E-06   4.6841858E-04
   6.6666667E-01   1.1702090E+05   5.8922263E+04   1.7594316E+05   1.3054816E-03   4.3501421E-07   8.6823188E-04
   6.8115942E-01   1.1174198E+05   5.4895604E+04   1.6663758E+05   7.7153547E-04   4.6726210E-08   5.1737871E-04
   6.9565217E-01   1.0246810E+05   5.0563137E+04   1.5303124E+05   6.6531824E-04   7.7171982E-07   4.4525051E-04
   7.1014493E-01   9.3170684E+04   4.5742553E+04   1.3891324E+05   1.1138639E-03   9.0599800E-08   7.4706268E-04
   7.2463768E-01   8.4911973E+04   4.3024289E+04   1.2793626E+05   9.1967632E-04   6.0738521E-08   6.1039371E-04
   7.3913043E-01   7.9235485E+04   4.0174902E+04   1.1941039E+05   8.4489329E-04   1.5375779E-08   5.6063795E-04
   7.5362319E-01   7.1810123E+04   3.6079924E+04   1.0789005E+05   1.5637352E-03   4.0908044E-08   1.0408135E-03
   7.6811594E-01   6.8296380E+04   3.3998072E+04   1.0229445E+05   1.4553662E-03   6.2696051E-08   9.7165366E-04
   7.8260870E-01   6.0604903E+04   3.0814625E+04   9.1419528E+04   8.8699911E-04   3.1782812E-08   5.8801955E-04
   7.9710145E-01   5.4584595E+04   2.7278521E+04   8.1863116E+04   1.6444420E-03   1.2118543E-07   1.0964467E-03
   8.1159420E-01   5.0863075E+04   2.5032373E+04   7.5881917E+04   1.1188536E-03   3.3062183E-08   7.4996931E-04
   8.2608696E-01   4.6540985E+04   2.3543012E+04   7.0083996E+04   1.5275411E-03   1.1776188E-08   1.0143999E-03
   8.4057971E-01   3.9702789E+04   2.0367439E+04   6.0070229E+04   1.3366752E-03   1.5049781E-07   8.8341127E-04
   8.5507246E-01   3.7064883E+04   1.7710490E+04   5.4762529E+04   1.1469830E-03   1.3249162E-07   7.7633756E-04
   8.6956522E-01   3.2582677E+04   1.6202936E+04   4.8785614E+04   7.3261647E-04   2.2574271E-08   4.8930245E-04
   8.8405797E-01   2.9216339E+04   1.4707545E+04   4.3923884E+04   2.1073202E-03   2.6912413E-08   1.4017099E-03
   8.9855072E-01   2.5934149E+04   1.2417104E+04   3.8351253E+04   1.1374514E-03   9.0675130E-08   7.6918884E-04
   9.1304348E-01   2.2106667E+04   1.1017251E+04   3.3123918E+04   1.7527920E-03   3.1685751E-08   1.1697955E-03
   9.2753623E-01   1.7747614E+04   9.5901049E+03   2.7337719E+04   7.6756789E-04   1.3425493E-07   4.9828151E-04
   9.4202899E-01   1.5108104E+04   8.4167059E+03   2.3524810E+04   1.3092740E-03   7.9306939E-08   8.4085460E-04
   9.5652174E-01   1.3432605E+04   6.3948384E+03   1.9827443E+04   2.1375409E-03   5.3629606E-08   1.4481141E-03
   9.7101449E-01   9.6356963E+03   4.4785631E+03   1.4114259E+04   1.7151499E-03   1.8769427E-07   1.1708871E-03
   9.8550725E-01   3.9892608E+03   1.9389145E+03   5.9281752E+03   1.3735291E-03   1.0419819E-07   9.2431163E-04
   1.0000000E+00   0.0000000E+00   0.0000000E+00   0.0000000E+00   0.0000000E+00   0.0000000E+00   0.0000000E+00
