   0.0000000E+00   6.6074639E+05   2.7884710E+05   9.3959349E+05   2.0803106E-03   2.9752761E-09   1.4629275E-03
   1.4492754E-02   7.1530343E+05   3.5007435E+05   1.0653778E+06   2.6189825E-04   1.5279993E-08   1.7584334E-04
   2.8985507E-02   6.9408680E+05   3.5651511E+05   1.0506019E+06   4.9843824E-04   0.0000000E+00   3.2929638E-04
   4.3478261E-02   7.1429311E+05   3.4552793E+05   1.0595685E+06   3.9683999E-04   1.7061778E-09   2.6752356E-04
   5.7971014E-02   6.9408680E+05   3.5310529E+05   1.0471921E+06   2.0161954E-04   8.1497155E-09   1.3363597E-04
   7.2463768E-02   7.1257558E+05   3.5719707E+05   1.0697727E+06   3.1336357E-04   4.9171028E-09   2.0873001E-04
   8.6956522E-02   7.2805866E+05   3.5739914E+05   1.0853315E+06   3.3725838E-04   1.5416316E-08   2.2623994E-04
   1.0144928E-01   7.5784493E+05   3.7670338E+05   1.1345483E+06   9.3733101E-05   4.7926939E-08   6.2626456E-05
   1.1594203E-01   7.7412274E+05   3.9610685E+05   1.1701349E+06   2.2799409E-04   7.1661804E-09   1.5083353E-04
   1.3043478E-01   7.9915962E+05   4.0791491E+05   1.2070745E+06   1.1750595E-04   2.9710035E-08   7.7786994E-05
   1.4492754E-01   8.2934280E+05   4.1804333E+05   1.2473104E+06   1.8396834E-04   2.5602899E-08   1.2231291E-04
   1.5942029E-01   8.4942282E+05   4.2701906E+05   1.2763041E+06   8.0664919E-05   1.1135460E-07   5.3661754E-05
   1.7391304E-01   8.4980169E+05   4.3348853E+05   1.2832902E+06   1.1887528E-04   1.1132728E-08   7.8722972E-05
   1.8840580E-01   8.6405297E+05   4.3010300E+05   1.2938645E+06   1.7244845E-04   2.0730155E-07   1.1510016E-04
   2.0289855E-01   8.7058533E+05   4.3131455E+05   1.3016834E+06   1.7347874E-04   4.7452566E-08   1.1603644E-04
   2.1739130E-01   8.4427021E+05   4.2938412E+05   1.2735533E+06   2.4474112E-04   6.4664441E-08   1.6226153E-04
   2.3188406E-01   8.4359772E+05   4.1386631E+05   1.2574167E+06   3.7112873E-04   7.4335645E-09   2.4898854E-04
   2.4637681E-01   8.2062883E+05   4.1706719E+05   1.2376960E+06   2.4739028E-04   8.9277433E-09   1.6402711E-04
   2.6086957E-01   8.0661070E+05   4.0555751E+05   1.2120419E+06   1.3841799E-04   5.4176505E-08   9.2116416E-05
   2.7536232E-01   7.8018962E+05   3.9478081E+05   1.1748508E+06   3.5023883E-04   2.0835085E-07   2.4179068E-04
   2.8985507E-01   7.4686316E+05   3.7360207E+05   1.1204273E+06   5.8336463E-05   1.0219278E-05   3.5499204E-05
   3.0434783E-01   7.2840145E+05   3.6075483E+05   1.0889759E+06   1.3237015E-04   9.8158455E-09   8.8539772E-05
   3.1884058E-01   6.7996535E+05   3.3870830E+05   1.0185703E+06   1.4667215E-04   1.7733235E-08   9.7913597E-05
   3.3333333E-01   6.4921561E+05   3.2381712E+05   9.7299979E+05   2.1799569E-04   7.8386430E-09   1.4545475E-04
   3.4782609E-01   6.1304055E+05   3.0928286E+05   9.2229183E+05   7.8468130E-05   8.9670624E-08   5.2133207E-05
   3.6231884E-01   5.7621328E+05   2.8590921E+05   8.6206187E+05   2.3068906E-04   4.2210461E-09   1.5419591E-04
   3.7681159E-01   5.3604042E+05   2.7237719E+05   8.0830104E+05   1.3733698E-04   5.8303948E-09   9.1079609E-05
   3.9130435E-01   5.1015324E+05   2.5053020E+05   7.6059924E+05   1.7535378E-04   4.8319842E-09   1.1761313E-04
   4.0579710E-01   4.7940376E+05   2.4025665E+05   7.1960629E+05   3.4643929E-04   3.9000703E-09   2.3080011E-04
   4.2028986E-01   4.4338048E+05   2.1990041E+05   6.6328089E+05   3.8907162E-04   1.3830608E-07   2.6011054E-04
   4.3478261E-01   4.1842220E+05   2.0789769E+05   6.2631989E+05   2.7048510E-04   6.8762520E-08   1.8072430E-04
   4.4927536E-01   3.8361031E+05   1.9354061E+05   5.7710204E+05   2.6368805E-04   3.0635961E-08   1.7528141E-04
   4.6376812E-01   3.6032747E+05   1.8117011E+05   5.4149758E+05   1.9332526E-04   1.4026344E-07   1.2868226E-04
   4.7826087E-01   3.3629732E+05   1.6686280E+05   5.0313716E+05   4.9710417E-04   3.2008483E-08   3.3226658E-04
   4.9275362E-01   3.1270010E+05   1.5618290E+05   4.6888300E+05   5.8696926E-04   3.0099336E-07   3.9153729E-04
   5.0724638E-01   2.8293888E+05   1.4464111E+05   4.2757999E+05   8.6042034E-04   3.4502201E-08   5.6935068E-04
   5.2173913E-01   2.7118554E+05   1.3325642E+05   4.0444196E+05   5.7741349E-04   3.5722623E-08   3.8715858E-04
   5.3623188E-01   2.4976639E+05   1.2351108E+05   3.7327747E+05   4.6766898E-04   3.0729701E-08   3.1291525E-04
   5.5072464E-01   2.3081058E+05   1.1479711E+05   3.4554787E+05   5.5249107E-04   1.2857791E-07   3.6899911E-04
   5.6521739E-01   2.0769757E+05   1.0614142E+05   3.1383899E+05   2.4386513E-04   2.0229513E-05   1.6786100E-04
   5.7971014E-01   1.9873539E+05   9.7994297E+04   2.9671074E+05   6.5017221E-04   4.2316640E-07   4.3556522E-04
   5.9420290E-01   1.8207858E+05   8.9246596E+04   2.7130670E+05   3.7888395E-04   1.8495816E-06   2.5385292E-04
   6.0869565E-01   1.6468144E+05   8.2791753E+04   2.4749123E+05   4.5057306E-04   1.8949380E-08   2.9981883E-04
   6.2318841E-01   1.5676338E+05   7.5474098E+04   2.3221986E+05   3.6993625E-04   1.9023886E-07   2.4967172E-04
   6.3768116E-01   1.4147288E+05   6.9522341E+04   2.1096078E+05   1.1162285E-03   1.9933122E-08   7.4855933E-04
   6.5217391E-01   1.2905098E+05   6.6108316E+04   1.9515929E+05   1.1230623E-03   2.7564275E-08   7.4263582E-04
   6.6666667E-01   1.2212739E+05   6.1030748E+04   1.8314166E+05   6.9862222E-04   1.1134779E-07   4.6584244E-04
   6.8115942E-01   1.1164525E+05   5.6362712E+04   1.6800796E+05   1.6009279E-03   1.8657522E-08   1.0638482E-03
   6.9565217E-01   1.0167879E+05   4.9663325E+04   1.5134212E+05   1.4086455E-03   3.6159246E-08   9.4638403E-04
   7.1014493E-01   9.3943885E+04   4.8015763E+04   1.4195965E+05   6.1588711E-04   2.0012983E-07   4.0751041E-04
   7.2463768E-01   8.3987534E+04   4.2357481E+04   1.2634501E+05   1.3372396E-03   1.8393812E-07   8.8898557E-04
   7.3913043E-01   7.7957733E+04   3.9773747E+04   1.1773148E+05   5.0574549E-04   5.1275729E-08   3.3489202E-04
   7.5362319E-01   7.2261850E+04   3.5147325E+04   1.0740917E+05   1.2177302E-03   3.1360753E-08   8.1926442E-04
   7.6811594E-01   6.7753097E+04   3.1510409E+04   9.9263506E+04   1.1663077E-03   4.0403506E-07   7.9598566E-04
   7.8260870E-01   5.9496362E+04   3.0337532E+04   8.9833894E+04   3.3536740E-04   8.2065912E-08   2.2209576E-04
   7.9710145E-01   5.5177008E+04   2.7760717E+04   8.2937724E+04   8.8149932E-04   1.6052240E-07   5.8642904E-04
   8.1159420E-01   4.9956497E+04   2.3949892E+04   7.3906389E+04   6.7231677E-04   1.0728634E-07   4.5442908E-04
   8.2608696E-01   4.5982652E+04   2.2426347E+04   6.8409000E+04   7.5976665E-04   5.3913814E-08   5.1070401E-04
   8.4057971E-01   4.2106644E+04   1.9701154E+04   6.1807797E+04   1.8660498E-04   6.4349483E-08   1.2710682E-04
   8.5507246E-01   3.7604288E+04   1.7864606E+04   5.5468894E+04   5.6410924E-04   3.2960586E-08   3.8242249E-04
   8.6956522E-01   3.2961546E+04   1.6594433E+04   4.9555979E+04   1.5533853E-03   2.6730715E-07   1.0332679E-03
   8.8405797E-01   3.0073451E+04   1.4980827E+04   4.5054278E+04   2.1651015E-03   6.8577322E-09   1.4451899E-03
   8.9855072E-01   2.5824155E+04   1.2637092E+04   3.8461247E+04   1.3743991E-03   5.6839703E-08   9.2281589E-04
   9.1304348E-01   2.3032790E+04   1.0560203E+04   3.3592993E+04   7.7173509E-04   5.9837136E-09   5.2913587E-04
   9.2753623E-01   1.8978936E+04   9.3296329E+03   2.8308569E+04   8.9961667E-04   1.2301415E-08   6.0312727E-04
   9.4202899E-01   1.6180593E+04   7.8571465E+03   2.4037739E+04   7.4817227E-04   1.1818001E-07   5.0361451E-04
   9.5652174E-01   1.3512971E+04   6.2226255E+03   1.9735596E+04   5.7110099E-04   5.8419954E-08   3.9103379E-04
   9.7101449E-01   8.6970076E+03   4.5011821E+03   1.3198190E+04   2.2255916E-03   2.6854702E-08   1.4665706E-03
   9.8550725E-01   4.2789836E+03   1.9946304E+03   6.2736140E+03   8.8703119E-04   6.7631075E-08   6.0503017E-04
   1.0000000E+00   2.1884092E+01   0.0000000E+00   2.1884092E+01   4.1336970E-01   0.0000000E+00   4.1336970E-01
