   0.0000000E+00   6.3043692E+05   3.8796118E+05   1.0183981E+06   0.0000000E+00   0.0000000E+00   0.0000000E+00
   1.4492754E-02   6.8802491E+05   3.2203809E+05   1.0100630E+06   2.1632576E-04   0.0000000E+00   1.4735468E-04
   2.8985507E-02   6.7968981E+05   3.5499964E+05   1.0346894E+06   3.2417316E-05   2.8914082E-08   2.1303086E-05
   4.3478261E-02   6.6402991E+05   3.4451761E+05   1.0085475E+06   4.0941602E-05   4.0607487E-08   2.6944228E-05
   5.7971014E-02   7.0753663E+05   3.6125096E+05   1.0687876E+06   1.1292539E-04   6.7813946E-08   7.4765731E-05
   7.2463768E-02   7.1636426E+05   3.6431980E+05   1.0806841E+06   1.1900881E-04   0.0000000E+00   7.8888606E-05
   8.6956522E-02   7.3071074E+05   3.6282958E+05   1.0934140E+06   2.5070995E-04   4.9935943E-08   1.6755343E-04
   1.0144928E-01   7.5860267E+05   3.9164162E+05   1.1503525E+06   1.4249671E-04   1.3679103E-09   9.3969691E-05
   1.1594203E-01   7.6900802E+05   3.9449666E+05   1.1635047E+06   1.5881694E-04   6.4997454E-09   1.0496807E-04
   1.3043478E-01   8.1911336E+05   4.0766234E+05   1.2266915E+06   8.5242823E-05   1.2464361E-09   5.6919795E-05
   1.4492754E-01   8.2388710E+05   4.2099850E+05   1.2448856E+06   1.0534071E-04   2.1713047E-09   6.9716931E-05
   1.5942029E-01   8.4797623E+05   4.2695018E+05   1.2748575E+06   9.2644598E-05   4.5284993E-09   6.1621959E-05
   1.7391304E-01   8.6678762E+05   4.2679519E+05   1.2935828E+06   1.1868845E-04   3.2033432E-10   7.9529237E-05
   1.8840580E-01   8.5764135E+05   4.3400826E+05   1.2915913E+06   2.9673163E-05   2.7967395E-07   1.9790918E-05
   2.0289855E-01   8.5564709E+05   4.3613159E+05   1.2915622E+06   6.0335433E-05   3.1339671E-10   3.9971520E-05
   2.1739130E-01   8.6765902E+05   4.2503976E+05   1.2926988E+06   3.0345526E-05   4.2409884E-08   2.0381751E-05
   2.3188406E-01   8.5250113E+05   4.2258028E+05   1.2749867E+06   9.2693381E-05   2.8136306E-08   6.1981295E-05
   2.4637681E-01   8.2120827E+05   4.1893924E+05   1.2400138E+06   1.0547917E-04   1.6532673E-08   6.9859910E-05
   2.6086957E-01   7.9983317E+05   4.0854636E+05   1.2083374E+06   1.6055654E-04   9.5654894E-09   1.0627436E-04
   2.7536232E-01   7.8170509E+05   3.8580761E+05   1.1673532E+06   4.7911122E-05   8.5153521E-09   3.2080339E-05
   2.8985507E-01   7.4083916E+05   3.7689823E+05   1.1176237E+06   1.6049629E-05   2.0389735E-07   1.0690358E-05
   3.0434783E-01   7.1512302E+05   3.6021359E+05   1.0750840E+06   6.8623899E-05   1.3110445E-07   4.5607124E-05
   3.1884058E-01   6.8568281E+05   3.3595289E+05   1.0214291E+06   1.1273352E-04   2.9781034E-09   7.5678510E-05
   3.3333333E-01   6.4585522E+05   3.2711163E+05   9.7286801E+05   1.8336554E-04   8.7701654E-09   1.2172912E-04
   3.4782609E-01   6.1686081E+05   3.0805153E+05   9.2491234E+05   1.1652815E-04   1.7283419E-09   7.7716785E-05
   3.6231884E-01   5.7660731E+05   2.8845520E+05   8.6497158E+05   4.1575276E-05   3.1197187E-08   2.7723016E-05
   3.7681159E-01   5.4323892E+05   2.7252291E+05   8.1576183E+05   8.2347215E-05   1.1532560E-07   5.4809896E-05
   3.9130435E-01   5.1051807E+05   2.5395405E+05   7.6444406E+05   1.1694297E-04   3.9715874E-07   7.8050931E-05
   4.0579710E-01   4.7407254E+05   2.3801050E+05   7.1197480E+05   2.2061697E-04   2.9432054E-09   1.4689948E-04
   4.2028986E-01   4.5006946E+05   2.2285297E+05   6.7284405E+05   9.3059126E-05   1.5667956E-08   6.2251820E-05
   4.3478261E-01   4.1771498E+05   2.1047399E+05   6.2816371E+05   3.2751352E-05   8.3208904E-09   2.1781353E-05
   4.4927536E-01   3.8830339E+05   1.9351617E+05   5.8172179E+05   3.5227018E-05   6.3900776E-08   2.3493032E-05
   4.6376812E-01   3.6297955E+05   1.8098067E+05   5.4391286E+05   8.0360169E-05   1.8921496E-08   5.3633451E-05
   4.7826087E-01   3.3712394E+05   1.6334966E+05   5.0045064E+05   1.3724851E-04   7.7922042E-09   9.2455248E-05
   4.9275362E-01   3.0897828E+05   1.5390969E+05   4.6288797E+05   1.4465626E-04   2.1729738E-09   9.6557668E-05
   5.0724638E-01   2.8406466E+05   1.4301739E+05   4.2703875E+05   1.9767543E-04   1.1461863E-08   1.3148993E-04
   5.2173913E-01   2.6558671E+05   1.3144627E+05   3.9703297E+05   2.9871310E-04   2.2076353E-08   1.9981116E-04
   5.3623188E-01   2.4630538E+05   1.2295814E+05   3.6926352E+05   1.5774377E-04   7.7042390E-08   1.0519801E-04
   5.5072464E-01   2.2989332E+05   1.1306229E+05   3.4295561E+05   1.4875510E-04   1.3056356E-10   9.9714989E-05
   5.6521739E-01   2.1010678E+05   1.0697688E+05   3.1708366E+05   2.9053426E-04   5.4456850E-09   1.9251455E-04
   5.7971014E-01   1.9363961E+05   9.6592484E+04   2.9019421E+05   2.7803250E-04   5.9108877E-08   1.8551078E-04
   5.9420290E-01   1.7969448E+05   9.0041296E+04   2.6969882E+05   2.1553078E-04   6.0345885E-09   1.4360230E-04
   6.0869565E-01   1.6930002E+05   8.3008250E+04   2.5230827E+05   1.0717669E-04   2.2610821E-09   7.1916781E-05
   6.2318841E-01   1.5605851E+05   7.7641577E+04   2.3370009E+05   3.8876187E-04   4.2460212E-07   2.5949358E-04
   6.3768116E-01   1.4384942E+05   7.0676167E+04   2.1452559E+05   1.2114355E-04   2.3572412E-08   8.1233280E-05
   6.5217391E-01   1.3145890E+05   6.5316902E+04   1.9672528E+05   1.4178057E-04   2.1794796E-08   9.4748987E-05
   6.6666667E-01   1.2006832E+05   6.0948385E+04   1.8100023E+05   2.3829091E-04   4.9335068E-08   1.5808920E-04
   6.8115942E-01   1.0945265E+05   5.5750073E+04   1.6520272E+05   1.1849642E-04   1.7192542E-08   7.8505433E-05
   6.9565217E-01   1.0341527E+05   5.0626282E+04   1.5402577E+05   2.7049785E-05   2.0375694E-07   1.8112675E-05
   7.1014493E-01   9.3835637E+04   4.7211635E+04   1.4104727E+05   2.7650133E-04   1.1461060E-08   1.8394667E-04
   7.2463768E-01   8.4320938E+04   4.1281495E+04   1.2560243E+05   3.0846449E-04   4.6920681E-09   2.0708300E-04
   7.3913043E-01   7.8864045E+04   3.8065125E+04   1.1692917E+05   1.4316585E-04   6.1870554E-09   9.6561147E-05
   7.5362319E-01   7.2495000E+04   3.5686483E+04   1.0818148E+05   3.6398636E-04   8.4072115E-08   2.4393475E-04
   7.6811594E-01   6.5951685E+04   3.2711350E+04   9.8663035E+04   1.3522989E-04   3.0089181E-09   9.0394974E-05
   7.8260870E-01   6.0969739E+04   2.9439473E+04   9.0409212E+04   4.0771315E-04   3.2155853E-09   2.7495064E-04
   7.9710145E-01   5.5562764E+04   2.6975426E+04   8.2538190E+04   2.1845781E-04   3.0154437E-07   1.4696564E-04
   8.1159420E-01   4.8657520E+04   2.4531725E+04   7.3189245E+04   4.8931763E-05   2.8785238E-09   3.2531508E-05
   8.2608696E-01   4.4759639E+04   2.3024560E+04   6.7784199E+04   5.8937211E-04   9.0390028E-10   3.8917747E-04
   8.4057971E-01   4.0316817E+04   2.0498084E+04   6.0814901E+04   2.6701693E-04   3.0754821E-09   1.7701777E-04
   8.5507246E-01   3.6782337E+04   1.7928821E+04   5.4711157E+04   3.2943912E-05   0.0000000E+00   2.2148208E-05
   8.6956522E-01   3.2658451E+04   1.7187994E+04   4.9846445E+04   5.4475768E-04   2.9490215E-09   3.5691503E-04
   8.8405797E-01   2.8371649E+04   1.4372153E+04   4.2743802E+04   2.1345513E-04   7.5386972E-09   1.4168389E-04
   8.9855072E-01   2.5701939E+04   1.3578153E+04   3.9280092E+04   2.2578352E-04   3.4276845E-08   1.4772420E-04
   9.1304348E-01   2.3261313E+04   1.1305912E+04   3.4567226E+04   3.0922233E-04   1.2603239E-08   2.0808469E-04
   9.2753623E-01   1.8090963E+04   9.4598689E+03   2.7550832E+04   3.5953166E-04   3.8618073E-08   2.3609579E-04
   9.4202899E-01   1.5306281E+04   7.9737214E+03   2.3280002E+04   6.0039745E-04   2.6637389E-09   3.9475271E-04
   9.5652174E-01   1.3042256E+04   6.8999962E+03   1.9942252E+04   4.4042955E-04   0.0000000E+00   2.8804143E-04
   9.7101449E-01   8.9684357E+03   4.5690391E+03   1.3537475E+04   4.3322562E-04   3.2323675E-09   2.8700685E-04
   9.8550725E-01   4.1675518E+03   2.0057736E+03   6.1733253E+03   1.7525464E-07   3.0293380E-09   1.1904877E-07
   1.0000000E+00   0.0000000E+00   0.0000000E+00   0.0000000E+00   0.0000000E+00   0.0000000E+00   0.0000000E+00
