   0.0000000E+00   7.8804615E+05   3.0915657E+05   1.0972027E+06   0.0000000E+00   0.0000000E+00   0.0000000E+00
   1.4492754E-02   6.8878265E+05   3.5310529E+05   1.0418879E+06   3.5756761E-04   0.0000000E+00   2.3638470E-04
   2.8985507E-02   7.0734719E+05   3.2279583E+05   1.0301430E+06   5.1652196E-04   5.9580327E-09   3.5466889E-04
   4.3478261E-02   7.0621059E+05   3.6396619E+05   1.0701768E+06   2.8926880E-04   4.0520566E-09   1.9088859E-04
   5.7971014E-02   6.9749662E+05   3.5556794E+05   1.0530646E+06   1.9699897E-04   1.2618428E-09   1.3048235E-04
   7.2463768E-02   7.1030237E+05   3.6341051E+05   1.0737129E+06   1.6337644E-04   1.1837020E-09   1.0807973E-04
   8.6956522E-02   7.2603803E+05   3.7482708E+05   1.1008651E+06   2.2820428E-04   1.4428853E-04   1.9366353E-04
   1.0144928E-01   7.4366443E+05   3.8785293E+05   1.1315174E+06   5.4188698E-04   1.1040499E-04   3.5716977E-04
   1.1594203E-01   7.6806085E+05   3.9449666E+05   1.1623681E+06   9.5579902E-05   2.0142874E-05   6.9506416E-05
   1.3043478E-01   8.0185380E+05   4.1145102E+05   1.2131364E+06   1.4848532E-04   9.6113435E-06   9.6427618E-05
   1.4492754E-01   8.1350610E+05   4.1311804E+05   1.2265484E+06   1.3030041E-04   1.7279813E-05   8.0613688E-05
   1.5942029E-01   8.4632299E+05   4.2329927E+05   1.2695534E+06   7.7825753E-05   1.1997685E-04   6.3342743E-05
   1.7391304E-01   8.6003114E+05   4.3203620E+05   1.2920673E+06   7.5459780E-05   5.1214739E-05   4.8561322E-05
   1.8840580E-01   8.6073059E+05   4.3295908E+05   1.2935731E+06   1.8442497E-04   7.2214804E-08   1.2271084E-04
   2.0289855E-01   8.6917810E+05   4.3629396E+05   1.3053097E+06   7.7511018E-05   2.4767611E-05   5.8313736E-05
   2.1739130E-01   8.5543420E+05   4.3286971E+05   1.2882029E+06   1.3742225E-04   8.8728350E-09   9.1254000E-05
   2.3188406E-01   8.4568150E+05   4.2797915E+05   1.2735659E+06   1.5239077E-04   1.0373319E-05   9.9368834E-05
   2.4637681E-01   8.2321405E+05   4.1724548E+05   1.2404150E+06   2.8812110E-04   4.5064349E-05   2.0633884E-04
   2.6086957E-01   8.0564248E+05   4.0294753E+05   1.2086321E+06   1.7397217E-04   1.1669375E-04   1.4229790E-04
   2.7536232E-01   7.7951164E+05   3.9426236E+05   1.1736145E+06   3.8694513E-05   4.2026295E-05   1.2797426E-05
   2.8985507E-01   7.4189999E+05   3.7492811E+05   1.1166387E+06   1.2716165E-04   3.9375861E-05   7.2657531E-05
   3.0434783E-01   7.1685499E+05   3.6328062E+05   1.0800274E+06   3.0065800E-04   2.4126383E-05   2.0498434E-04
   3.1884058E-01   6.8365070E+05   3.4091262E+05   1.0244600E+06   2.2561954E-04   7.5614681E-05   1.2548433E-04
   3.3333333E-01   6.4664590E+05   3.1913892E+05   9.6571893E+05   1.8937071E-04   1.8301286E-05   1.3282603E-04
   3.4782609E-01   6.0356884E+05   3.0555732E+05   9.0906301E+05   1.6529329E-04   2.5009432E-05   1.0493519E-04
   3.6231884E-01   5.8091125E+05   2.8930387E+05   8.7012419E+05   2.7852099E-04   6.6123653E-05   2.0750765E-04
   3.7681159E-01   5.4131543E+05   2.7030799E+05   8.1150684E+05   2.3747375E-04   3.9902521E-05   1.7098564E-04
   3.9130435E-01   5.1018130E+05   2.5120374E+05   7.6127279E+05   3.3741634E-04   2.0230235E-05   2.3131017E-04
   4.0579710E-01   4.7469497E+05   2.3703627E+05   7.1167712E+05   4.0752889E-04   8.5121215E-05   2.8439860E-04
   4.2028986E-01   4.3648246E+05   2.1924719E+05   6.5570352E+05   3.7543963E-04   2.7018474E-05   2.5262517E-04
   4.3478261E-01   4.1604796E+05   2.0754408E+05   6.2351626E+05   4.8034859E-04   5.5047157E-05   3.2669645E-04
   4.4927536E-01   3.8874336E+05   1.9270955E+05   5.8140402E+05   5.6947820E-04   8.9031864E-05   3.8235346E-04
   4.6376812E-01   3.6044587E+05   1.8285133E+05   5.4327352E+05   6.5623284E-04   5.9457792E-05   4.1788592E-04
   4.7826087E-01   3.3349599E+05   1.6913601E+05   5.0260904E+05   6.4840952E-04   1.1200467E-04   4.0314571E-04
   4.9275362E-01   3.1064975E+05   1.5801038E+05   4.6859328E+05   5.2115933E-04   1.1557262E-04   3.0658853E-04
   5.0724638E-01   2.8724715E+05   1.4561534E+05   4.3284084E+05   9.6397222E-04   4.7384697E-05   6.2910020E-04
   5.2173913E-01   2.6767048E+05   1.3131998E+05   3.9899046E+05   8.1131780E-04   7.7319584E-05   5.6904868E-04
   5.3623188E-01   2.4995071E+05   1.2406402E+05   3.7399425E+05   1.1729174E-03   4.9265914E-05   7.9958575E-04
   5.5072464E-01   2.2704184E+05   1.1254384E+05   3.3956574E+05   1.2148690E-03   7.7900117E-05   7.8662077E-04
   5.6521739E-01   2.1135025E+05   1.0555855E+05   3.1688937E+05   1.5962038E-03   7.1063838E-05   1.0862546E-03
   5.7971014E-01   1.9610225E+05   9.8752033E+04   2.9481640E+05   1.1613064E-03   8.8323391E-05   8.0132515E-04
   5.9420290E-01   1.7999018E+05   9.1113216E+04   2.7110340E+05   1.4336025E-03   7.0097407E-05   9.7440377E-04
   6.0869565E-01   1.6628712E+05   8.5227336E+04   2.5149641E+05   1.9541096E-03   7.2544043E-05   1.2675809E-03
   6.2318841E-01   1.5718631E+05   7.7007193E+04   2.3419350E+05   1.8071010E-03   3.4405083E-04   1.3257406E-03
   6.3768116E-01   1.4142122E+05   7.1795551E+04   2.1321677E+05   1.5789860E-03   1.0614017E-04   1.0608683E-03
   6.5217391E-01   1.2957297E+05   6.4609681E+04   1.9418265E+05   2.5429632E-03   7.8256131E-05   1.7223294E-03
   6.6666667E-01   1.2069428E+05   6.0371847E+04   1.8106612E+05   2.5139216E-03   2.6976055E-04   1.7037247E-03
   6.8115942E-01   1.1293501E+05   5.6765763E+04   1.6968465E+05   2.5642516E-03   1.9741102E-04   1.7694618E-03
   6.9565217E-01   1.0276804E+05   5.1226157E+04   1.5397841E+05   2.8385042E-03   2.6489652E-04   1.8435578E-03
   7.1014493E-01   9.4067597E+04   4.5526057E+04   1.3957819E+05   2.8870110E-03   5.0227141E-04   2.0700850E-03
   7.2463768E-01   8.5124139E+04   4.2357481E+04   1.2748162E+05   3.0238079E-03   3.9247238E-05   2.0061409E-03
   7.3913043E-01   7.8165739E+04   3.9699459E+04   1.1786520E+05   2.0268368E-03   7.4457051E-05   1.3211117E-03
   7.5362319E-01   7.1620689E+04   3.5861346E+04   1.0748203E+05   3.1744338E-03   3.7580753E-04   2.2391488E-03
   7.6811594E-01   6.4807932E+04   3.2639865E+04   9.7447797E+04   3.9829978E-03   1.3362030E-04   2.6811733E-03
   7.8260870E-01   5.9370072E+04   3.0716400E+04   9.0086472E+04   4.1319549E-03   4.1944135E-04   2.8523529E-03
   7.9710145E-01   5.5714312E+04   2.7829602E+04   8.3543914E+04   4.2756184E-03   2.6026327E-04   2.8438243E-03
   8.1159420E-01   4.9685877E+04   2.4464070E+04   7.4149947E+04   5.2610249E-03   2.1324536E-07   3.5253218E-03
   8.2608696E-01   4.6540985E+04   2.2280117E+04   6.8821102E+04   2.9388714E-03   2.1187795E-04   2.0233940E-03
   8.4057971E-01   4.1675518E+04   2.0890017E+04   6.2565534E+04   4.3042144E-03   4.3476222E-04   2.9859050E-03
   8.5507246E-01   3.6178716E+04   1.8224209E+04   5.4402925E+04   6.4791664E-03   3.3029597E-04   4.4001235E-03
   8.6956522E-01   3.4072893E+04   1.6278710E+04   5.0351603E+04   6.1607997E-03   1.1364159E-07   4.1690453E-03
   8.8405797E-01   2.9352980E+04   1.4918717E+04   4.4271697E+04   4.7992813E-03   1.2637223E-04   3.1938757E-03
   8.9855072E-01   2.5347514E+04   1.3138176E+04   3.8473469E+04   6.1073445E-03   4.6189891E-04   4.0937476E-03
   9.1304348E-01   2.3153065E+04   1.1354023E+04   3.4507088E+04   4.5458689E-03   4.0626161E-07   3.0502174E-03
   9.2753623E-01   1.9452521E+04   9.7321805E+03   2.9184702E+04   7.5715183E-03   5.1772378E-04   5.2007065E-03
   9.4202899E-01   1.6343797E+04   7.5540519E+03   2.3897849E+04   9.4394090E-03   1.7739852E-07   6.4555990E-03
   9.5652174E-01   1.2502655E+04   6.4866852E+03   1.8989341E+04   7.8322602E-03   7.0574416E-04   5.1412206E-03
   9.7101449E-01   9.2511732E+03   4.7386817E+03   1.3989855E+04   9.0175929E-03   1.2634021E-07   5.9630946E-03
   9.8550725E-01   4.4349882E+03   1.7494803E+03   6.1844685E+03   1.0326444E-02   2.6314101E-03   8.1485850E-03
   1.0000000E+00   0.0000000E+00   0.0000000E+00   0.0000000E+00   0.0000000E+00   0.0000000E+00   0.0000000E+00
