   0.0000000E+00   8.0016994E+05   3.0915657E+05   1.1093265E+06   0.0000000E+00   0.0000000E+00   0.0000000E+00
   1.4492754E-02   7.1984985E+05   3.2203809E+05   1.0418879E+06   4.2208194E-04   0.0000000E+00   2.9162025E-04
   2.8985507E-02   6.5657884E+05   3.3643509E+05   9.9301392E+05   1.8824154E-04   0.0000000E+00   1.2446493E-04
   4.3478261E-02   6.7615370E+05   3.5057951E+05   1.0267332E+06   4.1412049E-04   3.0864474E-04   2.3894750E-04
   5.7971014E-02   7.1492456E+05   3.4098151E+05   1.0559061E+06   1.0770201E-04   1.1057015E-04   1.0586437E-04
   7.2463768E-02   7.0575595E+05   3.6174349E+05   1.0674994E+06   8.5032932E-05   4.2543173E-04   1.6951227E-04
   8.6956522E-02   7.2982672E+05   3.5840945E+05   1.0882362E+06   1.5967204E-04   8.6480476E-05   1.0553612E-04
   1.0144928E-01   7.4572115E+05   3.8547148E+05   1.1311926E+06   5.3566560E-05   2.1590685E-04   7.5407829E-05
   1.1594203E-01   7.7099708E+05   3.9193930E+05   1.1629364E+06   1.8905449E-04   5.5459245E-05   1.1405111E-04
   1.3043478E-01   7.9722318E+05   4.0269495E+05   1.1998339E+06   1.0358918E-04   1.3413682E-05   6.6226195E-05
   1.4492754E-01   8.2911548E+05   4.2395367E+05   1.2530692E+06   8.2394917E-05   3.3350893E-05   4.5587750E-05
   1.5942029E-01   8.2393532E+05   4.2157714E+05   1.2454436E+06   1.1613423E-04   7.7191268E-05   8.6073356E-05
   1.7391304E-01   8.6849253E+05   4.3127846E+05   1.2996447E+06   8.1635666E-05   7.0079731E-05   6.8701440E-05
   1.8840580E-01   8.6661762E+05   4.3529058E+05   1.3018499E+06   6.1886965E-05   4.8087390E-05   5.6079467E-05
   2.0289855E-01   8.5580946E+05   4.3678107E+05   1.2925364E+06   5.1907344E-05   1.2267305E-05   3.0723462E-05
   2.1739130E-01   8.6250641E+05   4.3711304E+05   1.2994679E+06   7.4244518E-05   1.5490938E-04   1.0036614E-04
   2.3188406E-01   8.4928075E+05   4.2840538E+05   1.2776388E+06   5.5442198E-05   5.2828690E-05   4.1390484E-05
   2.4637681E-01   8.3712074E+05   4.1390252E+05   1.2509341E+06   2.3002268E-04   1.3692640E-04   1.9321780E-04
   2.6086957E-01   8.0656860E+05   4.0353688E+05   1.2100634E+06   6.5891981E-05   1.3900095E-04   7.7286836E-05
   2.7536232E-01   7.7085749E+05   3.9521950E+05   1.1659175E+06   1.1266534E-04   7.8996051E-05   8.6437561E-05
   2.8985507E-01   7.4360489E+05   3.7379151E+05   1.1172070E+06   1.0740129E-04   5.1503523E-05   8.8002945E-05
   3.0434783E-01   7.1710756E+05   3.5552284E+05   1.0724861E+06   1.0697314E-04   5.0345061E-05   5.7096197E-05
   3.1884058E-01   6.7662442E+05   3.3636620E+05   1.0128528E+06   4.0809672E-05   6.8207117E-05   8.2092264E-06
   3.3333333E-01   6.4331844E+05   3.2447603E+05   9.6769564E+05   1.0457604E-04   3.5451574E-05   7.5424768E-05
   3.4782609E-01   6.0356884E+05   3.0694650E+05   9.1051534E+05   6.3992528E-05   3.9973366E-05   4.2166244E-05
   3.6231884E-01   5.8654881E+05   2.8991006E+05   8.7636794E+05   2.7016822E-04   8.2990420E-05   1.9388036E-04
   3.7681159E-01   5.4149029E+05   2.7310579E+05   8.1453779E+05   2.4899309E-04   8.7289615E-05   1.7673916E-04
   3.9130435E-01   5.1599062E+05   2.5782692E+05   7.7381754E+05   2.4702334E-04   5.9042165E-05   1.8369757E-04
   4.0579710E-01   4.7653519E+05   2.3319346E+05   7.0967453E+05   1.8163336E-04   1.8893924E-04   1.7662411E-04
   4.2028986E-01   4.5101010E+05   2.2324490E+05   6.7417662E+05   3.9221599E-04   2.0876620E-05   2.6868676E-04
   4.3478261E-01   4.2021551E+05   2.0655902E+05   6.2674927E+05   4.0292377E-04   1.5710605E-04   3.1827513E-04
   4.4927536E-01   3.8221705E+05   1.9124296E+05   5.7338668E+05   2.7536658E-04   6.6049931E-05   1.7970754E-04
   4.6376812E-01   3.6087210E+05   1.8368011E+05   5.4452852E+05   3.4723341E-04   1.6982592E-04   2.5058521E-04
   4.7826087E-01   3.3452927E+05   1.6750573E+05   5.0203500E+05   4.8316627E-04   2.3502103E-04   3.9681786E-04
   4.9275362E-01   3.0547932E+05   1.5413256E+05   4.5958959E+05   3.9242825E-04   1.7110100E-04   2.9576483E-04
   5.0724638E-01   2.8629457E+05   1.4336378E+05   4.2959340E+05   4.1965698E-04   1.5481661E-04   3.0359608E-04
   5.2173913E-01   2.6419752E+05   1.3127788E+05   3.9547540E+05   5.6348201E-04   8.4990956E-05   4.0213192E-04
   5.3623188E-01   2.4620298E+05   1.2310149E+05   3.6928400E+05   7.9313310E-04   2.7042865E-04   6.1499868E-04
   5.5072464E-01   2.2969392E+05   1.1591377E+05   3.4560769E+05   5.1223672E-04   1.1331091E-04   3.5033654E-04
   5.6521739E-01   2.0765871E+05   1.0596656E+05   3.1362527E+05   6.9809952E-04   2.5738284E-04   5.3505234E-04
   5.7971014E-01   1.9348806E+05   9.9869695E+04   2.9333881E+05   6.8193747E-04   2.4354603E-04   5.1740276E-04
   5.9420290E-01   1.7936182E+05   9.0115221E+04   2.6940311E+05   9.8059101E-04   1.1857120E-04   6.8910483E-04
   6.0869565E-01   1.6549330E+05   8.3892276E+04   2.4938558E+05   7.2416105E-04   3.4853267E-04   5.9770081E-04
   6.2318841E-01   1.5258702E+05   7.8628397E+04   2.3121542E+05   9.1519338E-04   1.0956875E-04   6.1262083E-04
   6.3768116E-01   1.4126623E+05   7.0641725E+04   2.1190795E+05   7.0174674E-04   1.8983378E-04   5.2712786E-04
   6.5217391E-01   1.3152625E+05   6.5013807E+04   1.9652322E+05   1.1294454E-03   2.5738903E-04   8.4089068E-04
   6.6666667E-01   1.1725152E+05   6.1047221E+04   1.7828226E+05   9.1929828E-04   1.9791840E-04   6.6350540E-04
   6.8115942E-01   1.1262869E+05   5.6830251E+04   1.6945894E+05   1.5268505E-03   1.9829682E-04   9.9217567E-04
   6.9565217E-01   1.0126835E+05   5.2741630E+04   1.5400998E+05   1.2316137E-03   2.5028010E-04   8.9541687E-04
   7.1014493E-01   9.3773781E+04   4.6608538E+04   1.4038232E+05   1.8408222E-03   1.0458118E-04   1.2560624E-03
   7.2463768E-01   8.4836199E+04   4.3236455E+04   1.2804234E+05   1.5950020E-03   5.5863189E-04   1.2435744E-03
   7.3913043E-01   7.8774900E+04   4.0308620E+04   1.1908352E+05   2.7759053E-03   4.9899644E-04   2.0015588E-03
   7.5362319E-01   7.3485886E+04   3.6619082E+04   1.1009040E+05   2.0105343E-03   8.9431636E-04   1.6344285E-03
   7.6811594E-01   6.6309108E+04   3.3240336E+04   9.9549444E+04   2.1153612E-03   7.1467043E-04   1.6412393E-03
   7.8260870E-01   6.1418768E+04   3.0169146E+04   9.1587914E+04   1.6856187E-03   4.4713415E-04   1.2398592E-03
   7.9710145E-01   5.4074845E+04   2.7058088E+04   8.1132933E+04   3.0251326E-03   3.2310888E-04   2.1239395E-03
   8.1159420E-01   5.0957792E+04   2.5654799E+04   7.6612591E+04   2.5012076E-03   1.0659046E-03   2.0192643E-03
   8.2608696E-01   4.6301699E+04   2.3223965E+04   6.9525664E+04   2.5338194E-03   3.2576430E-04   1.7786518E-03
   8.4057971E-01   4.1074554E+04   2.0720179E+04   6.1794733E+04   2.5152267E-03   5.6551870E-04   1.8609240E-03
   8.5507246E-01   3.6910767E+04   1.8442540E+04   5.5353307E+04   3.2622919E-03   6.4743786E-04   2.3242663E-03
   8.6956522E-01   3.3163609E+04   1.6329226E+04   4.9492834E+04   2.8353110E-03   1.1761567E-03   2.2345999E-03
   8.8405797E-01   3.0185248E+04   1.4471528E+04   4.4656777E+04   2.7135871E-03   6.1899717E-04   2.0294532E-03
   8.9855072E-01   2.5995257E+04   1.2954853E+04   3.8950110E+04   4.1933113E-03   1.2467192E-03   3.2117253E-03
   9.1304348E-01   2.3309424E+04   1.1654712E+04   3.4964136E+04   3.1727357E-03   1.2023923E-03   2.5148014E-03
   9.2753623E-01   1.9464361E+04   9.7913787E+03   2.9255740E+04   2.9401878E-03   1.0600981E-03   2.3080937E-03
   9.4202899E-01   1.5632691E+04   7.7638866E+03   2.3396577E+04   4.0975347E-03   1.2891729E-03   3.1587468E-03
   9.5652174E-01   1.3053737E+04   6.5900130E+03   1.9643749E+04   5.7872796E-03   8.8192908E-04   3.9708770E-03
   9.7101449E-01   1.0110695E+04   4.6595151E+03   1.4770211E+04   4.9106419E-03   1.3206403E-07   3.3615273E-03
   9.8550725E-01   4.0895495E+03   1.5823325E+03   5.6718819E+03   3.4543960E-03   2.4547428E-03   2.9915001E-03
   1.0000000E+00   0.0000000E+00   0.0000000E+00   0.0000000E+00   0.0000000E+00   0.0000000E+00   0.0000000E+00
