   0.0000000E+00   7.6379858E+05   4.0008497E+05   1.1638835E+06   9.7312817E-04   0.0000000E+00   6.3861536E-04
   1.4492754E-02   6.8347849E+05   3.2658451E+05   1.0100630E+06   6.1269475E-04   1.2638816E-08   4.1459537E-04
   2.8985507E-02   6.7097583E+05   3.3302527E+05   1.0040011E+06   5.4156264E-04   9.6360079E-09   3.6192682E-04
   4.3478261E-02   6.8474138E+05   3.6219813E+05   1.0469395E+06   4.6280852E-04   2.1858786E-07   3.0275186E-04
   5.7971014E-02   7.0507398E+05   3.4836944E+05   1.0534434E+06   2.6402438E-04   1.2191302E-08   1.7671570E-04
   7.2463768E-02   6.9833013E+05   3.5189292E+05   1.0502230E+06   6.2873158E-05   1.0790025E-08   4.1808691E-05
   8.6956522E-02   7.4270824E+05   3.6863890E+05   1.1113471E+06   2.5322024E-04   3.6889151E-09   1.6922474E-04
   1.0144928E-01   7.5319026E+05   3.7854360E+05   1.1317339E+06   1.3779855E-04   9.0748574E-09   9.1707136E-05
   1.1594203E-01   7.7810086E+05   4.0273705E+05   1.1808379E+06   3.0890791E-04   5.3197704E-09   2.0355009E-04
   1.3043478E-01   7.9604448E+05   4.0606267E+05   1.2019388E+06   2.3265221E-04   3.7940335E-09   1.5408564E-04
   1.4492754E-01   8.3290416E+05   4.2221088E+05   1.2550393E+06   1.7378217E-04   5.9690070E-09   1.1533057E-04
   1.5942029E-01   8.4749404E+05   4.1820176E+05   1.2655580E+06   1.3961563E-04   1.4572938E-08   9.3490587E-05
   1.7391304E-01   8.5649503E+05   4.2761607E+05   1.2841111E+06   1.1716961E-04   1.2838510E-09   7.8151128E-05
   1.8840580E-01   8.6288722E+05   4.3680605E+05   1.2995767E+06   1.9159331E-04   4.1591137E-09   1.2721442E-04
   2.0289855E-01   8.7339978E+05   4.3342538E+05   1.3066628E+06   1.0346292E-04   1.6008969E-09   6.9157138E-05
   2.1739130E-01   8.5765689E+05   4.3089959E+05   1.2884555E+06   1.2239971E-04   2.7707133E-09   8.1474514E-05
   2.3188406E-01   8.4937546E+05   4.3053651E+05   1.2798646E+06   1.6414991E-04   1.9886443E-08   1.0893060E-04
   2.4637681E-01   8.3502583E+05   4.1929582E+05   1.2542325E+06   2.0908589E-04   3.8491671E-08   1.3920863E-04
   2.6086957E-01   8.0644231E+05   4.0618896E+05   1.2126734E+06   4.9685977E-05   1.0839863E-09   3.3041749E-05
   2.7536232E-01   7.7245273E+05   3.9147070E+05   1.1637639E+06   1.5436629E-04   1.1956089E-08   1.0246487E-04
   2.8985507E-01   7.4538558E+05   3.7481445E+05   1.1201243E+06   1.7703396E-04   2.0784951E-08   1.1781141E-04
   3.0434783E-01   7.0512811E+05   3.5501768E+05   1.0599654E+06   8.8384255E-05   2.5978869E-07   5.8802384E-05
   3.1884058E-01   6.7276685E+05   3.3733059E+05   1.0099941E+06   1.1098028E-04   2.2732508E-08   7.3919286E-05
   3.3333333E-01   6.5092876E+05   3.2259816E+05   9.7336219E+05   3.5879007E-05   4.9158666E-08   2.4003189E-05
   3.4782609E-01   6.0843098E+05   3.0637820E+05   9.1468289E+05   1.9070974E-04   4.5506192E-08   1.2684409E-04
   3.6231884E-01   5.7600112E+05   2.8872799E+05   8.6466848E+05   7.4639071E-05   7.0171295E-08   4.9704486E-05
   3.7681159E-01   5.4396751E+05   2.7491270E+05   8.1882192E+05   1.0629291E-04   4.5007167E-08   7.0621523E-05
   3.9130435E-01   5.0420360E+05   2.5676048E+05   7.6087989E+05   8.6224944E-05   5.5972979E-08   5.7118851E-05
   4.0579710E-01   4.7924139E+05   2.3619735E+05   7.1541168E+05   1.2749021E-04   8.4357430E-08   8.5425059E-05
   4.2028986E-01   4.4690787E+05   2.2246104E+05   6.6926439E+05   9.0274263E-05   2.0795776E-07   5.2529024E-05
   4.3478261E-01   4.1723508E+05   2.0713995E+05   6.2427400E+05   1.3656151E-04   4.4584495E-08   9.1259778E-05
   4.4927536E-01   3.8898779E+05   1.9493387E+05   5.8389722E+05   1.2810733E-04   5.1833500E-05   1.0264775E-04
   4.6376812E-01   3.6165351E+05   1.8102803E+05   5.4268154E+05   1.3424461E-04   3.7926155E-09   8.9464394E-05
   4.7826087E-01   3.3370264E+05   1.6844716E+05   5.0214980E+05   5.2313650E-04   1.2207929E-07   3.4765756E-04
   4.9275362E-01   3.1042689E+05   1.5667320E+05   4.6710009E+05   2.7248177E-04   1.3353292E-08   1.8109052E-04
   5.0724638E-01   2.8545023E+05   1.4455451E+05   4.2993979E+05   2.4439738E-04   6.2582786E-09   1.6226502E-04
   5.2173913E-01   2.6684960E+05   1.3298279E+05   3.9979029E+05   4.0446622E-04   9.4086186E-08   2.6995802E-04
   5.3623188E-01   2.4419601E+05   1.2623484E+05   3.7041036E+05   2.5974363E-04   4.0146610E-08   1.7124142E-04
   5.5072464E-01   2.3025225E+05   1.1838639E+05   3.4855887E+05   4.3160283E-04   3.8999745E-08   2.8510802E-04
   5.6521739E-01   2.1284629E+05   1.0757918E+05   3.2042547E+05   2.2788516E-04   6.2237108E-09   1.5137736E-04
   5.7971014E-01   1.9396165E+05   9.8202674E+04   2.9212644E+05   6.0709776E-04   1.5636184E-07   4.0304293E-04
   5.9420290E-01   1.8015652E+05   9.2148173E+04   2.7228621E+05   5.7568441E-04   3.9672951E-08   3.8090956E-04
   6.0869565E-01   1.6469948E+05   8.3820110E+04   2.4851959E+05   6.4277092E-04   5.4559551E-06   4.2601138E-04
   6.2318841E-01   1.5382055E+05   7.6408053E+04   2.3021098E+05   6.4061977E-04   4.1548343E-08   4.2805791E-04
   6.3768116E-01   1.4142122E+05   7.0503954E+04   2.1192517E+05   5.7334176E-04   2.6856464E-08   3.8259391E-04
   6.5217391E-01   1.2980871E+05   6.4289748E+04   1.9409846E+05   7.5790203E-04   6.6223697E-08   5.0684607E-04
   6.6666667E-01   1.2026599E+05   6.1129583E+04   1.8139557E+05   7.9758412E-04   4.9136765E-08   5.2880307E-04
   6.8115942E-01   1.1203217E+05   5.5314778E+04   1.6734695E+05   5.8061925E-04   2.9328051E-07   3.8870721E-04
   6.9565217E-01   1.0134728E+05   5.0231628E+04   1.5157891E+05   5.3420805E-04   4.6621524E-08   3.5717218E-04
   7.1014493E-01   9.1949027E+04   4.6546682E+04   1.3849571E+05   1.0983082E-03   7.5410841E-08   7.2918673E-04
   7.2463768E-01   8.5336305E+04   4.4236668E+04   1.2955782E+05   1.0364386E-03   1.6792304E-07   6.8266467E-04
   7.3913043E-01   7.8418318E+04   3.9372592E+04   1.1779091E+05   7.4754497E-04   3.3212626E-07   4.9769460E-04
   7.5362319E-01   7.2728150E+04   3.6589939E+04   1.0931809E+05   9.6231261E-04   1.3123864E-08   6.4021654E-04
   7.6811594E-01   6.6695125E+04   3.2725647E+04   9.9420772E+04   1.0722241E-03   1.9497607E-08   7.1928960E-04
   7.8260870E-01   6.0745224E+04   3.0870754E+04   9.1615978E+04   1.2299667E-03   1.4112114E-07   8.1551055E-04
   7.9710145E-01   5.5245893E+04   2.7581615E+04   8.2813731E+04   8.0774864E-04   3.8646023E-07   5.3887221E-04
   8.1159420E-01   5.0267710E+04   2.5451834E+04   7.5719544E+04   1.4926736E-03   4.7326488E-08   9.9092092E-04
   8.2608696E-01   4.4507060E+04   2.2399760E+04   6.6906820E+04   1.3620550E-03   4.2592716E-07   9.0618983E-04
   8.4057971E-01   4.1414229E+04   2.0158409E+04   6.1572638E+04   7.7897434E-04   1.6787237E-08   5.2394752E-04
   8.5507246E-01   3.6885081E+04   1.8172837E+04   5.5057918E+04   1.4886479E-03   3.6944237E-08   9.9729650E-04
   8.6956522E-01   3.1395557E+04   1.6076647E+04   4.7472203E+04   6.4819920E-04   5.8097732E-07   4.2869584E-04
   8.8405797E-01   3.0061029E+04   1.4036762E+04   4.4097791E+04   8.9066301E-04   8.8579979E-08   6.0718429E-04
   8.9855072E-01   2.5836377E+04   1.2771530E+04   3.8607906E+04   1.3348123E-03   2.6440680E-08   8.9324830E-04
   9.1304348E-01   2.2082612E+04   1.0824810E+04   3.2907422E+04   8.4295206E-04   2.8286475E-08   5.6565783E-04
   9.2753623E-01   1.8659266E+04   9.5309067E+03   2.8190173E+04   7.3884883E-04   6.7990996E-07   4.8926921E-04
   9.4202899E-01   1.6098990E+04   8.1602412E+03   2.4259231E+04   2.3107926E-03   3.3392149E-08   1.5334847E-03
   9.5652174E-01   1.1940093E+04   6.3489149E+03   1.8289008E+04   9.7251438E-04   1.9460398E-08   6.3490919E-04
   9.7101449E-01   8.6404601E+03   4.6821341E+03   1.3322594E+04   3.2761378E-03   4.2204388E-08   2.1247765E-03
   9.8550725E-01   4.0449767E+03   1.8943417E+03   5.9393184E+03   3.6465267E-04   0.0000000E+00   2.4834694E-04
   1.0000000E+00   0.0000000E+00   0.0000000E+00   0.0000000E+00   0.0000000E+00   0.0000000E+00   0.0000000E+00
