   0.0000000E+00   7.4561290E+05   4.0614686E+05   1.1517598E+06   0.0000000E+00   0.0000000E+00   0.0000000E+00
   1.4492754E-02   6.6074639E+05   3.6901777E+05   1.0297642E+06   3.4811225E-04   0.0000000E+00   2.2336562E-04
   2.8985507E-02   6.9636001E+05   3.3681396E+05   1.0331740E+06   6.9517120E-05   1.0972413E-08   4.6851226E-05
   4.3478261E-02   6.9156101E+05   3.4199182E+05   1.0335528E+06   2.9331303E-04   4.1795821E-09   1.9625754E-04
   5.7971014E-02   7.1056758E+05   3.5443133E+05   1.0649989E+06   1.3832115E-04   8.2234757E-10   9.2287674E-05
   7.2463768E-02   7.0924154E+05   3.6310742E+05   1.0723490E+06   2.2649166E-04   2.1712317E-09   1.4979959E-04
   8.6956522E-02   7.3753037E+05   3.5790429E+05   1.0954347E+06   3.0391389E-04   6.0626001E-08   2.0463751E-04
   1.0144928E-01   7.4474691E+05   3.7248170E+05   1.1172286E+06   3.8608350E-04   1.2079172E-04   2.4061317E-04
   1.1594203E-01   7.7506991E+05   3.8000495E+05   1.1550749E+06   7.8994713E-05   9.7675677E-09   5.3009169E-05
   1.3043478E-01   8.0303250E+05   3.9368630E+05   1.1967188E+06   7.5958815E-05   5.5005128E-10   5.0970552E-05
   1.4492754E-01   8.2593299E+05   4.2486296E+05   1.2505686E+06   6.2201273E-05   5.4083700E-09   4.1079806E-05
   1.5942029E-01   8.3523248E+05   4.2956781E+05   1.2646625E+06   8.9746691E-05   1.2840141E-08   5.9275952E-05
   1.7391304E-01   8.4860194E+05   4.3020500E+05   1.2788069E+06   2.8224680E-05   2.0658232E-05   1.9492816E-05
   1.8840580E-01   8.6830795E+05   4.2672233E+05   1.2949137E+06   1.4869107E-04   7.4984109E-08   9.9681479E-05
   2.0289855E-01   8.7058533E+05   4.4116512E+05   1.3116422E+06   1.4328030E-04   1.6196978E-08   9.5105169E-05
   2.1739130E-01   8.5199913E+05   4.2711091E+05   1.2791100E+06   1.1857489E-04   6.4758537E-05   9.3402137E-05
   2.3188406E-01   8.4440282E+05   4.3479878E+05   1.2790595E+06   1.1109656E-04   3.5880142E-05   6.4545339E-05
   2.4637681E-01   8.3150458E+05   4.1581915E+05   1.2472346E+06   2.0732788E-04   5.7050388E-05   1.3455902E-04
   2.6086957E-01   7.9393966E+05   4.0172673E+05   1.1956664E+06   1.3093988E-04   9.9729959E-06   8.9846500E-05
   2.7536232E-01   7.7412772E+05   3.8927725E+05   1.1633651E+06   7.4979396E-05   1.7590085E-05   4.8203733E-05
   2.8985507E-01   7.4091493E+05   3.8038382E+05   1.1212609E+06   7.2379834E-05   5.2758773E-08   4.7833089E-05
   3.0434783E-01   7.1176733E+05   3.5794038E+05   1.0695995E+06   1.4731239E-04   1.3001018E-05   1.0154095E-04
   3.1884058E-01   6.7800212E+05   3.3994823E+05   1.0178815E+06   8.7398403E-05   2.3112247E-05   5.0831932E-05
   3.3333333E-01   6.4420796E+05   3.2609033E+05   9.7026535E+05   2.0021519E-04   8.7676491E-09   1.3293220E-04
   3.4782609E-01   6.1032533E+05   3.0861984E+05   9.1885045E+05   4.7460670E-05   6.4346376E-07   3.1561779E-05
   3.6231884E-01   5.7221243E+05   2.8827334E+05   8.6042516E+05   2.0312041E-04   2.5442722E-05   1.4358092E-04
   3.7681159E-01   5.4020797E+05   2.7788536E+05   8.1806418E+05   2.0509755E-04   4.1508945E-05   1.2135830E-04
   3.9130435E-01   5.1217387E+05   2.5423469E+05   7.6638050E+05   5.0479695E-04   4.4229154E-05   3.2707490E-04
   4.0579710E-01   4.7188052E+05   2.4090614E+05   7.1273254E+05   2.2836852E-04   2.1447157E-05   1.5598939E-04
   4.2028986E-01   4.4011437E+05   2.2820939E+05   6.6832376E+05   3.5680751E-04   4.7754186E-05   2.4376510E-04
   4.3478261E-01   4.2208459E+05   2.1105492E+05   6.3311426E+05   3.0258717E-04   3.8953531E-05   2.1404031E-04
   4.4927536E-01   3.9304535E+05   1.9065633E+05   5.8367723E+05   4.1964462E-04   1.0050836E-04   2.8916039E-04
   4.6376812E-01   3.6217446E+05   1.8150162E+05   5.4360503E+05   8.1215291E-04   7.0399820E-05   5.5938838E-04
   4.7826087E-01   3.3248567E+05   1.6798793E+05   5.0042768E+05   4.9979468E-04   5.8417006E-05   3.3105185E-04
   4.9275362E-01   3.0940172E+05   1.5749780E+05   4.6685494E+05   1.0181477E-03   9.9693916E-05   7.0789453E-04
   5.0724638E-01   2.8809149E+05   1.4377512E+05   4.3186661E+05   4.2893229E-04   2.5125558E-05   2.9255756E-04
   5.2173913E-01   2.6771258E+05   1.3319327E+05   4.0088480E+05   6.9325523E-04   5.8123152E-05   4.5328918E-04
   5.3623188E-01   2.4601867E+05   1.2492416E+05   3.7092235E+05   1.2070578E-03   6.2664412E-05   7.8413163E-04
   5.5072464E-01   2.3057130E+05   1.1695068E+05   3.4752197E+05   1.0638510E-03   2.6490195E-08   7.0582971E-04
   5.6521739E-01   2.1611039E+05   1.0701573E+05   3.2308726E+05   8.5894613E-04   3.7666780E-06   5.7391985E-04
   5.7971014E-01   1.9869750E+05   9.4451878E+04   2.9314938E+05   1.3611335E-03   5.2933339E-05   9.3625282E-04
   5.9420290E-01   1.7934334E+05   8.9098745E+04   2.6838664E+05   1.1814506E-03   1.2940508E-04   8.0399755E-04
   6.0869565E-01   1.6785672E+05   8.5281460E+04   2.5313818E+05   1.0736263E-03   1.6980838E-04   6.5671199E-04
   6.2318841E-01   1.5226983E+05   7.6954328E+04   2.2920654E+05   1.5366601E-03   1.6266220E-07   1.0208539E-03
   6.3768116E-01   1.4319501E+05   7.2105534E+04   2.1530055E+05   1.6156343E-03   1.4483617E-04   1.1013524E-03
   6.5217391E-01   1.3048226E+05   6.5737867E+04   1.9620329E+05   1.8325995E-03   1.0781758E-04   1.2158989E-03
   6.6666667E-01   1.1942589E+05   6.0289484E+04   1.7971537E+05   1.9863066E-03   2.6392883E-08   1.3199475E-03
   6.8115942E-01   1.0887225E+05   5.4831116E+04   1.6370337E+05   1.6551516E-03   8.3915251E-05   1.1168716E-03
   6.9565217E-01   1.0175772E+05   5.1147226E+04   1.5290495E+05   1.6958216E-03   1.2402506E-04   1.1634206E-03
   7.1014493E-01   9.3974813E+04   4.5417809E+04   1.3939262E+05   2.4176116E-03   1.3683108E-07   1.6299315E-03
   7.2463768E-01   8.7139719E+04   4.4266977E+04   1.3140670E+05   1.6662695E-03   8.2701113E-05   1.1171631E-03
   7.3913043E-01   8.1107540E+04   3.9654886E+04   1.2076243E+05   2.4836495E-03   1.8163035E-07   1.6680451E-03
   7.5362319E-01   7.2699006E+04   3.4375016E+04   1.0705945E+05   2.6327536E-03   1.7839155E-04   1.8280788E-03
   7.6811594E-01   6.4593478E+04   3.2182364E+04   9.6775842E+04   2.9192042E-03   3.0714964E-05   1.9486894E-03
   7.8260870E-01   6.2386987E+04   3.0463821E+04   9.2850808E+04   3.4503756E-03   1.8442388E-04   2.2586283E-03
   7.9710145E-01   5.3220669E+04   2.7292298E+04   8.0512967E+04   3.0716560E-03   2.7324176E-07   2.0303481E-03
   8.1159420E-01   4.9794125E+04   2.5438303E+04   7.5232428E+04   2.5328991E-03   2.7767729E-05   1.6807458E-03
   8.2608696E-01   4.5437614E+04   2.2572577E+04   6.8010191E+04   3.5262298E-03   3.8369114E-08   2.3558617E-03
   8.4057971E-01   4.2132773E+04   2.0942274E+04   6.3075047E+04   3.0780463E-03   2.2500654E-04   2.1244579E-03
   8.5507246E-01   3.5973228E+04   1.7556374E+04   5.3529602E+04   2.1014072E-03   6.9918704E-08   1.4122202E-03
   8.6956522E-01   3.3100464E+04   1.6051389E+04   4.9151853E+04   3.1755344E-03   4.5706599E-08   2.1384957E-03
   8.8405797E-01   2.9017588E+04   1.4955983E+04   4.3973572E+04   2.5248415E-03   2.9911459E-04   1.6847198E-03
   8.9855072E-01   2.5640832E+04   1.2722643E+04   3.8363475E+04   4.7223345E-03   9.6950166E-08   3.1562774E-03
   9.1304348E-01   2.1769895E+04   1.1089416E+04   3.2859311E+04   2.9377945E-03   3.2333075E-08   1.9463422E-03
   9.2753623E-01   1.8753983E+04   9.4953878E+03   2.8249371E+04   4.1269702E-03   8.8769345E-08   2.7398071E-03
   9.4202899E-01   1.5912470E+04   7.4607920E+03   2.3373262E+04   4.5592131E-03   1.0011694E-04   3.1343533E-03
   9.5652174E-01   1.2743753E+04   6.2226255E+03   1.8966379E+04   3.6977744E-03   5.9855936E-08   2.4845974E-03
   9.7101449E-01   9.0815307E+03   4.7273721E+03   1.3808903E+04   6.2538244E-03   2.3676720E-06   4.1135548E-03
   9.8550725E-01   4.2678404E+03   1.8943417E+03   6.1621822E+03   6.7111497E-03   5.9231546E-08   4.6480302E-03
   1.0000000E+00   0.0000000E+00   0.0000000E+00   0.0000000E+00   0.0000000E+00   0.0000000E+00   0.0000000E+00
