   0.0000000E+00   7.2136532E+05   3.5765171E+05   1.0790170E+06   0.0000000E+00   0.0000000E+00   0.0000000E+00
   1.4492754E-02   6.5695771E+05   3.4931661E+05   1.0062743E+06   2.1886343E-04   0.0000000E+00   1.4288750E-04
   2.8985507E-02   6.8688830E+05   3.4969548E+05   1.0365838E+06   2.0571730E-04   0.0000000E+00   1.3631779E-04
   4.3478261E-02   6.9181359E+05   3.7583740E+05   1.0676510E+06   2.5407049E-04   1.8963208E-09   1.6463124E-04
   5.7971014E-02   7.1094644E+05   3.4628566E+05   1.0572321E+06   2.1953490E-04   1.5775516E-05   1.5113259E-04
   7.2463768E-02   7.3227673E+05   3.5886409E+05   1.0911408E+06   3.2482009E-05   0.0000000E+00   2.1799037E-05
   8.6956522E-02   7.3929842E+05   3.8354105E+05   1.1228395E+06   1.7244281E-04   8.3062900E-09   1.1353761E-04
   1.0144928E-01   7.4496341E+05   3.7161572E+05   1.1165791E+06   6.2903663E-05   6.5637547E-05   6.1088773E-05
   1.1594203E-01   7.7175481E+05   3.8303589E+05   1.1546960E+06   4.3509011E-05   3.5506521E-08   2.9068861E-05
   1.3043478E-01   7.9958059E+05   4.0370527E+05   1.2031175E+06   7.4046714E-05   9.9888784E-10   4.9210886E-05
   1.4492754E-01   8.2797887E+05   4.2645421E+05   1.2543573E+06   6.5013981E-05   1.0414109E-09   4.2914679E-05
   1.5942029E-01   8.4067441E+05   4.2013055E+05   1.2608050E+06   8.7922990E-05   7.1390276E-06   5.8455929E-05
   1.7391304E-01   8.6855567E+05   4.2496399E+05   1.2934565E+06   1.5209142E-04   6.2287345E-05   8.1667035E-05
   1.8840580E-01   8.5449383E+05   4.3884611E+05   1.2931068E+06   7.8932976E-05   1.1817232E-05   5.3545272E-05
   2.0289855E-01   8.6555179E+05   4.3071918E+05   1.2961627E+06   3.8815372E-05   5.0427942E-05   1.5588705E-05
   2.1739130E-01   8.6164764E+05   4.3544601E+05   1.2970937E+06   1.1622038E-04   4.7629766E-05   8.6506485E-05
   2.3188406E-01   8.4624980E+05   4.2850009E+05   1.2746078E+06   5.5794577E-05   2.6729867E-05   2.9005984E-05
   2.4637681E-01   8.2718102E+05   4.1252077E+05   1.2395235E+06   9.5960976E-05   2.9944886E-05   5.5524027E-05
   2.6086957E-01   8.0025413E+05   4.0189512E+05   1.2021492E+06   1.8776750E-04   5.7537944E-05   1.3981228E-04
   2.7536232E-01   7.8549378E+05   3.9326534E+05   1.1786395E+06   6.3996099E-05   1.1733364E-05   4.5430952E-05
   2.8985507E-01   7.5731993E+05   3.7500388E+05   1.1322102E+06   2.8689718E-05   2.3051642E-05   1.8401071E-05
   3.0434783E-01   7.2345812E+05   3.6050225E+05   1.0837800E+06   7.5689724E-05   3.3829288E-05   6.1758564E-05
   3.1884058E-01   6.8409846E+05   3.4504573E+05   1.0291442E+06   1.3189104E-04   2.1154647E-05   8.1102602E-05
   3.3333333E-01   6.4746952E+05   3.2144508E+05   9.6888166E+05   3.4522193E-05   3.1999585E-05   1.7210280E-05
   3.4782609E-01   6.1300898E+05   3.0268423E+05   9.1563007E+05   2.0420346E-04   4.3556780E-05   1.3116088E-04
   3.6231884E-01   5.8124466E+05   2.9097089E+05   8.7206399E+05   1.0116940E-04   7.4408828E-06   6.6337607E-05
   3.7681159E-01   5.4166515E+05   2.7275606E+05   8.1442122E+05   1.0327156E-04   3.6600788E-05   8.0543163E-05
   3.9130435E-01   5.0785196E+05   2.5496436E+05   7.6278826E+05   1.0418610E-04   6.4718040E-05   8.5952359E-05
   4.0579710E-01   4.7312537E+05   2.3847056E+05   7.1159593E+05   1.7091438E-04   3.5859128E-05   1.2495589E-04
   4.2028986E-01   4.4560143E+05   2.2465586E+05   6.7017890E+05   3.0644800E-05   3.0029355E-05   1.3955348E-05
   4.3478261E-01   4.0948090E+05   2.0630644E+05   6.1571157E+05   7.3187210E-05   2.4093384E-05   5.4844311E-05
   4.4927536E-01   3.8994107E+05   1.9600937E+05   5.8592600E+05   3.4380692E-04   1.9722550E-05   2.3479128E-04
   4.6376812E-01   3.5760436E+05   1.8249614E+05   5.4002946E+05   1.0437067E-04   4.8489873E-05   8.0201475E-05
   4.7826087E-01   3.4150963E+05   1.6631172E+05   5.0782135E+05   1.1963417E-04   9.7195642E-05   1.1133520E-04
   4.9275362E-01   3.1038232E+05   1.5368683E+05   4.6402457E+05   2.3624954E-04   1.4439692E-04   2.0572354E-04
   5.0724638E-01   2.8627292E+05   1.4464111E+05   4.3089238E+05   1.9595395E-04   2.1400172E-05   1.3499118E-04
   5.2173913E-01   2.6729162E+05   1.3407730E+05   4.0132682E+05   2.4896251E-04   4.9789039E-05   1.5390213E-04
   5.3623188E-01   2.4429840E+05   1.2809846E+05   3.7237638E+05   2.4352515E-04   1.0142658E-04   1.6561337E-04
   5.5072464E-01   2.2913559E+05   1.1376020E+05   3.4287585E+05   3.7830520E-04   8.9576397E-05   2.8110143E-04
   5.6521739E-01   2.0909647E+05   1.0641343E+05   3.1549047E+05   2.9048265E-04   7.2229564E-05   1.7563432E-04
   5.7971014E-01   1.9212414E+05   9.9111958E+04   2.9123609E+05   1.5157014E-04   3.7210491E-05   8.8361887E-05
   5.9420290E-01   1.7925093E+05   9.0355479E+04   2.6960641E+05   6.4977547E-04   4.1965771E-05   4.4265516E-04
   6.0869565E-01   1.6720723E+05   8.4884550E+04   2.5209178E+05   2.8541067E-04   5.8979082E-05   2.0285565E-04
   6.2318841E-01   1.5570608E+05   7.5015932E+04   2.3068677E+05   3.2669642E-04   1.0893354E-05   2.1716481E-04
   6.3768116E-01   1.3966465E+05   6.9281243E+04   2.0894589E+05   4.5690344E-04   1.1373004E-04   2.7670790E-04
   6.5217391E-01   1.2809118E+05   6.4390780E+04   1.9248196E+05   5.2527270E-04   4.8582983E-05   3.6224861E-04
   6.6666667E-01   1.1863521E+05   6.2315606E+04   1.8095081E+05   4.3606396E-04   1.4317186E-04   3.3291872E-04
   6.8115942E-01   1.1224176E+05   5.4750506E+04   1.6697615E+05   5.8285466E-04   5.5629592E-05   3.8034288E-04
   6.9565217E-01   1.0093684E+05   5.0594710E+04   1.5153155E+05   5.0208561E-04   1.7917384E-05   3.3059737E-04
   7.1014493E-01   9.2768620E+04   4.5618841E+04   1.3838746E+05   9.4786678E-04   3.0385921E-04   6.7524356E-04
   7.2463768E-01   8.4836199E+04   4.2933361E+04   1.2775440E+05   3.2709813E-04   1.7514024E-07   2.1715601E-04
   7.3913043E-01   7.7720012E+04   3.8882292E+04   1.1660230E+05   5.2750561E-04   4.4925315E-05   3.3664153E-04
   7.5362319E-01   7.0017784E+04   3.7041666E+04   1.0705945E+05   6.1092676E-04   1.1483740E-04   3.8268409E-04
   7.6811594E-01   6.5365512E+04   3.2225254E+04   9.7590766E+04   5.6415355E-04   2.4238943E-04   4.2154656E-04
   7.8260870E-01   5.9426201E+04   3.0323500E+04   8.9749701E+04   1.3102631E-03   3.1669733E-04   8.8420442E-04
   7.9710145E-01   5.3606426E+04   2.7953595E+04   8.1546244E+04   6.8548126E-04   1.7687509E-04   4.6839287E-04
   8.1159420E-01   5.0673641E+04   2.4301698E+04   7.4975339E+04   4.8531687E-04   2.8721236E-08   3.2801959E-04
   8.2608696E-01   4.4826107E+04   2.3569599E+04   6.8395706E+04   4.8111406E-04   6.5187629E-09   3.1531916E-04
   8.4057971E-01   4.1858420E+04   2.0406633E+04   6.2265052E+04   5.5017227E-05   2.6938475E-04   9.7133918E-05
   8.5507246E-01   3.5729211E+04   1.8211366E+04   5.3940578E+04   2.9953189E-04   3.8409284E-04   2.9976195E-04
   8.6956522E-01   3.3049948E+04   1.6935415E+04   4.9985363E+04   8.7699396E-04   1.9201434E-08   5.7986802E-04
   8.8405797E-01   2.9328136E+04   1.4459107E+04   4.3787243E+04   6.7466407E-04   5.6711947E-09   4.5188169E-04
   8.9855072E-01   2.5738604E+04   1.2893745E+04   3.8632349E+04   8.2494560E-04   4.0468874E-04   6.5987164E-04
   9.1304348E-01   2.2635880E+04   1.0740617E+04   3.3376497E+04   6.7622054E-04   4.1055153E-04   5.2819288E-04
   9.2753623E-01   1.9606437E+04   1.0004492E+04   2.9610929E+04   5.9897980E-04   5.0377391E-04   5.4044305E-04
   9.4202899E-01   1.5795895E+04   8.4050484E+03   2.4200944E+04   4.9971554E-04   5.8004310E-04   5.2180609E-04
   9.5652174E-01   1.2858562E+04   5.9585657E+03   1.8817128E+04   2.5096795E-04   0.0000000E+00   1.7149732E-04
   9.7101449E-01   9.1493877E+03   3.9583260E+03   1.3107714E+04   8.2744078E-04   0.0000000E+00   5.7756652E-04
   9.8550725E-01   4.1564086E+03   1.8163394E+03   5.9727480E+03   1.0944046E-03   5.2838997E-08   7.6158279E-04
   1.0000000E+00   0.0000000E+00   0.0000000E+00   0.0000000E+00   0.0000000E+00   0.0000000E+00   0.0000000E+00
