   0.0000000E+00   7.0317964E+05   2.7884710E+05   9.8202674E+05   3.3465454E-03   7.6014673E-09   2.3962903E-03
   1.4492754E-02   6.6908149E+05   3.4855887E+05   1.0176404E+06   8.4800473E-04   0.0000000E+00   5.5754890E-04
   2.8985507E-02   6.8916151E+05   3.3113093E+05   1.0202924E+06   2.7925142E-04   1.1312103E-10   1.8862173E-04
   4.3478261E-02   6.9762291E+05   3.3567735E+05   1.0330477E+06   2.0181494E-04   0.0000000E+00   1.3628677E-04
   5.7971014E-02   6.9939096E+05   3.6485021E+05   1.0642412E+06   3.0022641E-04   8.9645088E-09   1.9729890E-04
   7.2463768E-02   7.0863535E+05   3.6659301E+05   1.0752284E+06   1.6840996E-04   1.1027052E-09   1.1099157E-04
   8.6956522E-02   7.2919527E+05   3.7230129E+05   1.1014966E+06   1.8298033E-04   1.6621271E-08   1.2113935E-04
   1.0144928E-01   7.5752019E+05   3.8200754E+05   1.1393112E+06   3.4989143E-04   1.2619582E-08   2.3264150E-04
   1.1594203E-01   7.5489517E+05   3.9534911E+05   1.1502443E+06   9.5519526E-05   5.9394561E-09   6.2689340E-05
   1.3043478E-01   7.9764415E+05   3.9764337E+05   1.1952875E+06   1.5455816E-04   4.4651534E-09   1.0313923E-04
   1.4492754E-01   8.2381132E+05   4.1796755E+05   1.2417031E+06   8.9826198E-05   5.1559233E-08   5.9591675E-05
   1.5942029E-01   8.5934228E+05   4.2460808E+05   1.2839504E+06   9.4686919E-05   6.8680024E-09   6.3371508E-05
   1.7391304E-01   8.6318837E+05   4.3494086E+05   1.2981292E+06   1.9295084E-04   7.3320472E-09   1.2830007E-04
   1.8840580E-01   8.6341181E+05   4.3569859E+05   1.2989938E+06   1.6966838E-04   2.1568426E-08   1.1277097E-04
   2.0289855E-01   8.8460345E+05   4.3645633E+05   1.3209515E+06   3.5153763E-05   1.6415250E-08   3.2749757E-05
   2.1739130E-01   8.6366827E+05   4.3958831E+05   1.3031555E+06   7.8891521E-05   9.8644121E-09   5.2285379E-05
   2.3188406E-01   8.3275262E+05   4.1666046E+05   1.2491289E+06   7.0937572E-05   4.0747849E-08   4.7284586E-05
   2.4637681E-01   8.2646786E+05   4.1604201E+05   1.2423762E+06   5.7381825E-05   2.7319614E-08   3.8165155E-05
   2.6086957E-01   8.1039938E+05   4.0096900E+05   1.2112842E+06   1.2781205E-04   1.6930320E-08   8.5506654E-05
   2.7536232E-01   7.8465628E+05   3.8130108E+05   1.1658776E+06   1.4323341E-04   5.1326339E-07   9.6233300E-05
   2.8985507E-01   7.4701471E+05   3.7572373E+05   1.1225111E+06   1.9956775E-04   1.6234480E-08   1.3281223E-04
   3.0434783E-01   7.0971061E+05   3.6133215E+05   1.0708623E+06   4.3012802E-05   1.9318732E-09   2.8506212E-05
   3.1884058E-01   6.8485619E+05   3.4218700E+05   1.0268365E+06   6.5142212E-05   1.8991076E-08   4.3446487E-05
   3.3333333E-01   6.4447152E+05   3.1867769E+05   9.6311627E+05   3.0372111E-04   3.5144923E-09   2.0323519E-04
   3.4782609E-01   6.1420873E+05   3.0543103E+05   9.1957661E+05   1.3886153E-05   4.7595749E-08   9.2891897E-06
   3.6231884E-01   5.7866835E+05   2.9109212E+05   8.6966955E+05   1.7041739E-04   2.4152015E-09   1.1339304E-04
   3.7681159E-01   5.4405494E+05   2.7814765E+05   8.2217345E+05   1.4857072E-04   8.3414695E-08   9.8286265E-05
   3.9130435E-01   5.0813261E+05   2.5316825E+05   7.6121666E+05   1.0687966E-04   2.9424831E-08   7.1352384E-05
   4.0579710E-01   4.7921433E+05   2.3492543E+05   7.1405858E+05   1.8593178E-04   3.5689821E-08   1.2479268E-04
   4.2028986E-01   4.4293629E+05   2.2400264E+05   6.6683441E+05   2.5490892E-04   1.6655365E-08   1.6931508E-04
   4.3478261E-01   4.0874843E+05   2.0403323E+05   6.1273114E+05   3.2995038E-04   4.7894773E-09   2.2010852E-04
   4.4927536E-01   3.8730122E+05   1.9363839E+05   5.8086628E+05   1.2239409E-04   1.6437255E-08   8.1613180E-05
   4.6376812E-01   3.5805426E+05   1.7553444E+05   5.3356502E+05   2.4111605E-04   1.3444754E-07   1.6177652E-04
   4.7826087E-01   3.3434557E+05   1.6948044E+05   5.0378009E+05   2.5132001E-04   4.0182589E-08   1.6678204E-04
   4.9275362E-01   3.0969144E+05   1.5522459E+05   4.6487146E+05   1.5984596E-04   3.1099233E-08   1.0649076E-04
   5.0724638E-01   2.8854613E+05   1.4498750E+05   4.3346868E+05   3.7555871E-04   2.7267040E-07   2.5001619E-04
   5.2173913E-01   2.6491316E+05   1.3336166E+05   3.9827482E+05   3.1307146E-04   5.3513580E-08   2.0822876E-04
   5.3623188E-01   2.4917249E+05   1.2320389E+05   3.7235590E+05   8.7159626E-04   9.5023363E-08   5.8322989E-04
   5.5072464E-01   2.3047159E+05   1.1308223E+05   3.4349400E+05   5.6923783E-04   1.7401510E-08   3.8193522E-04
   5.6521739E-01   2.1566352E+05   1.0645229E+05   3.2209638E+05   8.2590647E-04   3.2442599E-08   5.5300522E-04
   5.7971014E-01   1.9998565E+05   1.0038117E+05   3.0036682E+05   3.3795366E-04   3.6782288E-08   2.2499896E-04
   5.9420290E-01   1.7784634E+05   8.9412929E+04   2.6725927E+05   6.2233550E-04   1.1459928E-07   4.1412769E-04
   6.0869565E-01   1.6733352E+05   8.3224746E+04   2.5055826E+05   7.5530218E-04   2.4105340E-08   5.0443107E-04
   6.2318841E-01   1.5339762E+05   7.6126104E+04   2.2950611E+05   5.6038395E-04   1.4615483E-05   3.7390618E-04
   6.3768116E-01   1.4341889E+05   7.0400626E+04   2.1381952E+05   6.2999852E-04   3.1109450E-08   4.2256630E-04
   6.5217391E-01   1.3130735E+05   6.3111046E+04   1.9441839E+05   6.3006101E-04   5.1262380E-08   4.2554043E-04
   6.6666667E-01   1.1894819E+05   5.9910616E+04   1.7884233E+05   3.7185173E-04   1.4590028E-08   2.4731822E-04
   6.8115942E-01   1.0967835E+05   5.4605407E+04   1.6428376E+05   7.6015521E-04   7.0205923E-08   5.0748402E-04
   6.9565217E-01   1.0445716E+05   5.1289302E+04   1.5574646E+05   7.6717740E-05   3.4774093E-08   5.1457493E-05
   7.1014493E-01   9.3000580E+04   4.6036370E+04   1.3903695E+05   7.6032582E-04   1.8353678E-08   5.0857485E-04
   7.2463768E-01   8.6594148E+04   4.2069541E+04   1.2864853E+05   1.1919494E-03   3.4669236E-08   8.0230485E-04
   7.3913043E-01   7.7140566E+04   3.9595456E+04   1.1673602E+05   5.4736877E-04   2.1540068E-07   3.6176757E-04
   7.5362319E-01   7.2538716E+04   3.5963349E+04   1.0850206E+05   5.9728930E-04   5.4966904E-08   3.9931367E-04
   7.6811594E-01   6.7152627E+04   3.2840022E+04   9.9992648E+04   8.6454385E-04   2.9717149E-08   5.8060985E-04
   7.8260870E-01   6.0197970E+04   2.9860438E+04   9.0058408E+04   8.6315434E-04   1.9938592E-08   5.7695428E-04
   7.9710145E-01   5.5838305E+04   2.6727439E+04   8.2565745E+04   7.7731393E-04   1.3958688E-07   5.2564542E-04
   8.1159420E-01   4.8008031E+04   2.6209571E+04   7.4217602E+04   7.3480258E-04   1.9434418E-08   4.7530474E-04
   8.2608696E-01   4.6673921E+04   2.2452934E+04   6.9126855E+04   1.5156044E-03   2.7967724E-07   1.0234021E-03
   8.4057971E-01   3.9977142E+04   2.0223731E+04   6.0200873E+04   1.1115920E-03   1.6905420E-08   7.3817016E-04
   8.5507246E-01   3.6602535E+04   1.8352639E+04   5.4955174E+04   1.8098821E-03   1.3441637E-08   1.2054569E-03
   8.6956522E-01   3.2936288E+04   1.6379741E+04   4.9316029E+04   1.4648542E-03   3.4725137E-08   9.7831202E-04
   8.8405797E-01   2.9452355E+04   1.4558482E+04   4.4010837E+04   6.5962563E-04   4.6594533E-08   4.4144139E-04
   8.9855072E-01   2.6019700E+04   1.3174841E+04   3.9194541E+04   8.4350851E-04   1.2813077E-08   5.5996751E-04
   9.1304348E-01   2.2888459E+04   1.1341995E+04   3.4230454E+04   2.2603971E-03   1.1389942E-07   1.5114466E-03
   9.2753623E-01   1.8635587E+04   9.5664256E+03   2.8202012E+04   6.4630064E-04   4.6061093E-08   4.2707965E-04
   9.4202899E-01   1.6332140E+04   8.1835562E+03   2.4515696E+04   9.0865745E-04   0.0000000E+00   6.0533956E-04
   9.5652174E-01   1.2755234E+04   6.0274509E+03   1.8782685E+04   1.1175822E-03   1.5277054E-08   7.5894505E-04
   9.7101449E-01   9.1720067E+03   4.3428491E+03   1.3514856E+04   5.0609762E-04   2.2022774E-08   3.4346612E-04
   9.8550725E-01   4.2566973E+03   1.8051962E+03   6.0618935E+03   1.0661844E-03   0.0000000E+00   7.4868097E-04
   1.0000000E+00   0.0000000E+00   0.0000000E+00   0.0000000E+00   0.0000000E+00   0.0000000E+00   0.0000000E+00
