   0.0000000E+00   6.7287018E+05   3.8796118E+05   1.0608314E+06   0.0000000E+00   0.0000000E+00   0.0000000E+00
   1.4492754E-02   7.0469512E+05   3.5765171E+05   1.0623468E+06   5.1223836E-04   5.9164401E-09   3.3978812E-04
   2.8985507E-02   6.9636001E+05   3.4022377E+05   1.0365838E+06   1.2524407E-04   1.1119460E-08   8.4133374E-05
   4.3478261E-02   6.9737033E+05   3.3971861E+05   1.0370889E+06   3.6630555E-04   2.5464616E-08   2.4632263E-04
   5.7971014E-02   7.1378796E+05   3.5992492E+05   1.0737129E+06   2.6056754E-05   5.8683029E-09   1.7320170E-05
   7.2463768E-02   7.2394163E+05   3.5355994E+05   1.0775016E+06   7.2586928E-05   5.1939812E-09   4.8770295E-05
   8.6956522E-02   7.2767980E+05   3.7293274E+05   1.1006125E+06   1.8005320E-04   3.5384079E-09   1.1904494E-04
   1.0144928E-01   7.7050996E+05   3.7865185E+05   1.1491618E+06   4.5163969E-05   4.6351318E-09   3.0283844E-05
   1.1594203E-01   7.9306616E+05   3.8625627E+05   1.1792277E+06   6.2995246E-05   5.0856740E-09   4.2365295E-05
   1.3043478E-01   7.9840189E+05   3.9806434E+05   1.1963820E+06   7.7365537E-05   3.2917177E-09   5.1628563E-05
   1.4492754E-01   8.3146446E+05   4.1319381E+05   1.2445067E+06   1.5121200E-04   3.1253593E-05   9.9411561E-05
   1.5942029E-01   8.4735627E+05   4.2832788E+05   1.2755464E+06   7.3803420E-05   1.1565140E-09   4.9028027E-05
   1.7391304E-01   8.6262007E+05   4.2603745E+05   1.2886575E+06   3.5688234E-05   6.3153791E-05   3.8444077E-05
   1.8840580E-01   8.6078887E+05   4.3803009E+05   1.2987024E+06   1.6976661E-04   5.5781494E-05   1.2436014E-04
   2.0289855E-01   8.7242554E+05   4.3602334E+05   1.3083406E+06   1.1087194E-04   8.9795054E-09   7.3933932E-05
   2.1739130E-01   8.5366615E+05   4.2463564E+05   1.2782008E+06   8.7687531E-05   1.9087563E-09   5.8564108E-05
   2.3188406E-01   8.5084358E+05   4.2622688E+05   1.2769757E+06   9.4974174E-05   1.6818452E-05   6.4557677E-05
   2.4637681E-01   8.2548726E+05   4.1024756E+05   1.2357348E+06   1.7819282E-04   2.7221173E-05   1.1055496E-04
   2.6086957E-01   8.0075929E+05   3.9882207E+05   1.1994551E+06   6.3414321E-05   4.0520296E-05   4.0189820E-05
   2.7536232E-01   7.7600213E+05   3.8760225E+05   1.1633252E+06   8.0125707E-05   4.2554218E-05   4.3721073E-05
   2.8985507E-01   7.4394588E+05   3.7182139E+05   1.1157673E+06   1.1447427E-04   4.5656907E-05   8.4424741E-05
   3.0434783E-01   7.0992711E+05   3.6313629E+05   1.0729912E+06   1.1223984E-04   2.6810766E-05   7.3017490E-05
   3.1884058E-01   6.8134305E+05   3.4297918E+05   1.0242878E+06   8.2427848E-05   2.1383324E-05   4.8877094E-05
   3.3333333E-01   6.4855671E+05   3.2417952E+05   9.7260445E+05   2.2562508E-04   4.0762568E-05   1.5308971E-04
   3.4782609E-01   6.1275640E+05   3.0745166E+05   9.2011334E+05   1.2498197E-04   4.0605858E-05   7.2363773E-05
   3.6231884E-01   5.7897145E+05   2.8936448E+05   8.6830562E+05   3.0278692E-04   3.6289303E-05   1.9027669E-04
   3.7681159E-01   5.4417151E+05   2.7185261E+05   8.1599498E+05   1.6872598E-04   3.8391661E-05   9.9923658E-05
   3.9130435E-01   5.0908679E+05   2.5190535E+05   7.6096408E+05   2.1004018E-04   9.2999289E-09   1.4051484E-04
   4.0579710E-01   4.7688699E+05   2.3863293E+05   7.1538462E+05   1.6855766E-04   2.1091665E-05   1.0676414E-04
   4.2028986E-01   4.4445176E+05   2.2246104E+05   6.6678215E+05   2.1278782E-04   1.2232938E-06   1.4218895E-04
   4.3478261E-01   4.1402732E+05   2.1461629E+05   6.2854258E+05   7.7801783E-05   8.2723984E-05   5.7407283E-05
   4.4927536E-01   3.8622572E+05   1.9178071E+05   5.7798199E+05   2.5984793E-04   2.8597767E-08   1.7363999E-04
   4.6376812E-01   3.5687030E+05   1.7896793E+05   5.3581455E+05   1.3508454E-04   5.6682266E-05   1.0661581E-04
   4.7826087E-01   3.3581512E+05   1.6803385E+05   5.0375712E+05   1.7266207E-04   4.3315591E-05   1.2256589E-04
   4.9275362E-01   3.0960229E+05   1.5484572E+05   4.6440344E+05   2.6863104E-04   5.0956350E-05   1.6307334E-04
   5.0724638E-01   2.8659766E+05   1.4273594E+05   4.2931196E+05   3.3194551E-04   3.1529767E-05   2.2260318E-04
   5.2173913E-01   2.6754419E+05   1.3321432E+05   4.0077956E+05   2.8127553E-04   6.6475184E-08   1.8775386E-04
   5.3623188E-01   2.4900866E+05   1.2273286E+05   3.7172104E+05   2.7539789E-04   1.1964599E-08   1.8448287E-04
   5.5072464E-01   2.3136891E+05   1.1575425E+05   3.4712316E+05   4.7753833E-04   7.2718087E-05   3.4243571E-04
   5.6521739E-01   2.1150568E+05   1.0573341E+05   3.1723909E+05   4.0631170E-04   2.6298014E-09   2.7089156E-04
   5.7971014E-01   1.9742829E+05   9.6232559E+04   2.9364191E+05   6.9815242E-04   5.5916896E-09   4.6939766E-04
   5.9420290E-01   1.8043374E+05   9.0577256E+04   2.7101099E+05   2.8414467E-04   2.3626300E-08   1.8918165E-04
   6.0869565E-01   1.6643145E+05   8.4884550E+04   2.5131600E+05   2.2224453E-04   1.6616807E-05   1.5041280E-04
   6.2318841E-01   1.5350335E+05   7.5368367E+04   2.2885410E+05   7.0600702E-04   1.9720949E-08   4.7355052E-04
   6.3768116E-01   1.4204119E+05   7.1709444E+04   2.1375063E+05   8.0307511E-04   3.8363673E-05   5.4573567E-04
   6.5217391E-01   1.3199773E+05   6.6175670E+04   1.9817340E+05   3.2550221E-04   1.0567936E-04   2.3813384E-04
   6.6666667E-01   1.2097431E+05   6.0915440E+04   1.8188975E+05   3.1146922E-04   3.4585565E-08   2.0715585E-04
   6.8115942E-01   1.1037160E+05   5.7555744E+04   1.6792735E+05   2.1871080E-04   6.8994141E-09   1.4375040E-04
   6.9565217E-01   1.0161565E+05   5.0815716E+04   1.5243136E+05   6.4111469E-04   6.6709739E-09   4.2738982E-04
   7.1014493E-01   9.1809851E+04   4.7675555E+04   1.3948541E+05   6.1036425E-04   2.6022074E-08   4.0173746E-04
   7.2463768E-01   8.4199700E+04   4.3494086E+04   1.2769379E+05   7.2117929E-04   2.8948986E-09   4.7553572E-04
   7.3913043E-01   7.7274284E+04   3.8971438E+04   1.1624572E+05   8.5858183E-04   1.4527592E-08   5.7073997E-04
   7.5362319E-01   7.1766407E+04   3.4258441E+04   1.0602485E+05   6.1941310E-04   1.8177430E-04   3.6277234E-04
   7.6811594E-01   6.5479887E+04   3.3183148E+04   9.8663035E+04   5.2834497E-04   1.8437027E-04   3.4624012E-04
   7.8260870E-01   6.1502961E+04   2.9832374E+04   9.1335335E+04   6.4941795E-04   2.0389870E-08   4.3729844E-04
   7.9710145E-01   5.4157507E+04   2.7223413E+04   8.1380920E+04   6.9169469E-04   1.4779493E-04   4.2095261E-04
   8.1159420E-01   5.0375958E+04   2.4694097E+04   7.5070056E+04   1.4461134E-04   1.0786474E-04   8.6981991E-05
   8.2608696E-01   4.5570550E+04   2.2865037E+04   6.8435587E+04   4.1812096E-04   1.0842215E-08   2.7842457E-04
   8.4057971E-01   3.9467630E+04   2.0550341E+04   6.0017971E+04   8.3424271E-04   1.1370954E-04   5.6150126E-04
   8.5507246E-01   3.5703525E+04   1.9084690E+04   5.4788215E+04   6.4012004E-04   1.3343807E-05   4.1284990E-04
   8.6956522E-01   3.3845572E+04   1.6354483E+04   5.0200055E+04   5.8918614E-04   1.2741773E-08   3.9724117E-04
   8.8405797E-01   2.9303292E+04   1.4136137E+04   4.3439429E+04   5.2585932E-04   2.1735817E-08   3.5473030E-04
   8.9855072E-01   2.7009646E+04   1.2979296E+04   3.9988942E+04   1.0823987E-03   2.9299542E-04   7.7436537E-04
   9.1304348E-01   2.2166805E+04   1.0812782E+04   3.2979587E+04   1.2884294E-03   2.4727780E-08   8.6599554E-04
   9.2753623E-01   2.0328654E+04   9.1993969E+03   2.9528051E+04   5.1396639E-04   2.3146416E-09   3.5384178E-04
   9.4202899E-01   1.6157278E+04   7.7522292E+03   2.3909507E+04   2.1836438E-04   4.5626137E-08   1.4756438E-04
   9.5652174E-01   1.2720792E+04   6.3029915E+03   1.9023783E+04   1.4482307E-03   4.7592477E-08   9.6839064E-04
   9.7101449E-01   9.2172447E+03   4.4220156E+03   1.3639260E+04   2.0542606E-03   5.9354834E-09   1.3882448E-03
   9.8550725E-01   3.7552539E+03   2.0949191E+03   5.8501729E+03   1.9407822E-03   0.0000000E+00   1.2457973E-03
   1.0000000E+00   0.0000000E+00   0.0000000E+00   0.0000000E+00   0.0000000E+00   0.0000000E+00   0.0000000E+00
