   0.0000000E+00   6.7287018E+05   4.0008497E+05   1.0729551E+06   0.0000000E+00   0.0000000E+00   0.0000000E+00
   1.4492754E-02   6.9787549E+05   3.4704340E+05   1.0449189E+06   2.2604836E-04   5.7994836E-07   1.5103866E-04
   2.8985507E-02   7.0204304E+05   3.4439132E+05   1.0464344E+06   3.8339352E-04   9.3247138E-09   2.5721807E-04
   4.3478261E-02   6.7867949E+05   3.3719282E+05   1.0158723E+06   4.3674604E-04   2.7552012E-08   2.9177918E-04
   5.7971014E-02   6.9313963E+05   3.4647510E+05   1.0396147E+06   3.1978650E-04   1.4988838E-07   2.1322773E-04
   7.2463768E-02   7.0969618E+05   3.4931661E+05   1.0590128E+06   8.8579598E-04   5.4784296E-09   5.9361630E-04
   8.6956522E-02   7.2843753E+05   3.6548166E+05   1.0937929E+06   1.3989367E-04   4.3615494E-09   9.3165890E-05
   1.0144928E-01   7.6336559E+05   3.7778586E+05   1.1411514E+06   2.8421916E-04   2.9231822E-08   1.9013601E-04
   1.1594203E-01   7.6010461E+05   3.9951667E+05   1.1596213E+06   2.8096162E-04   2.6350525E-08   1.8417237E-04
   1.3043478E-01   8.0269573E+05   3.8998181E+05   1.1925933E+06   6.9446443E-05   2.9145602E-09   4.6742542E-05
   1.4492754E-01   8.2373555E+05   4.1251185E+05   1.2362474E+06   4.7432192E-04   1.3389140E-08   3.1605202E-04
   1.5942029E-01   8.5121384E+05   4.1806399E+05   1.2692089E+06   9.5361863E-05   6.1017769E-10   6.3955977E-05
   1.7391304E-01   8.4557099E+05   4.2812123E+05   1.2736922E+06   1.9344769E-04   1.1758466E-08   1.2842202E-04
   1.8840580E-01   8.7192177E+05   4.3231792E+05   1.3041231E+06   2.3275853E-04   1.3816493E-08   1.5561772E-04
   2.0289855E-01   8.6349508E+05   4.3802593E+05   1.3013586E+06   1.1709174E-04   4.5285246E-09   7.7693620E-05
   2.1739130E-01   8.4447228E+05   4.3807283E+05   1.2824946E+06   1.5462184E-04   1.1940715E-08   1.0181597E-04
   2.3188406E-01   8.5624245E+05   4.1888631E+05   1.2748920E+06   1.4565328E-04   5.9292107E-09   9.7823329E-05
   2.4637681E-01   8.3146001E+05   4.2116788E+05   1.2524050E+06   1.5522743E-04   3.1576752E-09   1.0305499E-04
   2.6086957E-01   8.0804198E+05   4.0728347E+05   1.2152834E+06   5.9046263E-05   8.8947173E-09   3.9259054E-05
   2.7536232E-01   7.7612177E+05   3.8365405E+05   1.1595764E+06   1.1924400E-04   3.7295985E-08   7.9799461E-05
   2.8985507E-01   7.5140958E+05   3.7629204E+05   1.1274743E+06   1.6447548E-04   7.6658608E-08   1.0961679E-04
   3.0434783E-01   7.0880854E+05   3.6115174E+05   1.0698159E+06   1.8880588E-04   7.5368473E-09   1.2509561E-04
   3.1884058E-01   6.7648665E+05   3.4800779E+05   1.0243567E+06   1.6544907E-04   2.5735282E-09   1.0926317E-04
   3.3333333E-01   6.4681062E+05   3.2226871E+05   9.6901344E+05   1.5967138E-04   1.9355255E-08   1.0657730E-04
   3.4782609E-01   6.1496646E+05   3.0726223E+05   9.2210240E+05   1.4088362E-04   6.2398424E-09   9.3958595E-05
   3.6231884E-01   5.7439472E+05   2.8345414E+05   8.5775793E+05   1.3982965E-04   1.7337139E-08   9.3642170E-05
   3.7681159E-01   5.4096570E+05   2.6908395E+05   8.0996223E+05   2.4121262E-04   5.4549731E-07   1.6115689E-04
   3.9130435E-01   5.0701003E+05   2.5653596E+05   7.6348987E+05   1.8829917E-04   7.8679887E-09   1.2504191E-04
   4.0579710E-01   4.7718468E+05   2.4117676E+05   7.1825319E+05   4.9878269E-04   1.5345684E-08   3.3137249E-04
   4.2028986E-01   4.4839722E+05   2.2167717E+05   6.7007439E+05   1.4003835E-04   2.4011204E-08   9.3717692E-05
   4.3478261E-01   4.0730873E+05   2.0880697E+05   6.1603992E+05   6.5917565E-04   1.1481127E-08   4.3583220E-04
   4.4927536E-01   3.8891446E+05   1.9515386E+05   5.8401944E+05   4.9005429E-04   3.2330601E-08   3.2634125E-04
   4.6376812E-01   3.6231653E+05   1.7809180E+05   5.4028994E+05   2.6468378E-04   1.7005123E-07   1.7754745E-04
   4.7826087E-01   3.3413892E+05   1.6631172E+05   5.0042768E+05   5.5141807E-04   1.9246652E-08   3.6817933E-04
   4.9275362E-01   3.0855484E+05   1.5687378E+05   4.6540633E+05   6.7278734E-04   4.1162229E-08   4.4603716E-04
   5.0724638E-01   2.8622962E+05   1.4464111E+05   4.3087073E+05   9.4535310E-04   5.9106507E-08   6.2798580E-04
   5.2173913E-01   2.6870185E+05   1.2978346E+05   3.9842216E+05   7.4259748E-04   6.4610605E-09   5.0082086E-04
   5.3623188E-01   2.4696072E+05   1.2226184E+05   3.6918160E+05   9.3462017E-04   6.0591993E-07   6.2509915E-04
   5.5072464E-01   2.2865701E+05   1.1679115E+05   3.4546811E+05   9.9370673E-04   3.9586438E-08   6.5771475E-04
   5.6521739E-01   2.1401204E+05   1.0487853E+05   3.1887114E+05   1.4014065E-03   2.3914512E-08   9.4056602E-04
   5.7971014E-01   1.9579916E+05   9.6592484E+04   2.9237270E+05   1.2043153E-03   1.5750455E-06   8.0601438E-04
   5.9420290E-01   1.7974993E+05   9.2813503E+04   2.7254495E+05   1.4737199E-03   2.5576921E-07   9.7192848E-04
   6.0869565E-01   1.6917374E+05   8.2376802E+04   2.5155054E+05   1.3150478E-03   2.5122670E-07   8.8434028E-04
   6.2318841E-01   1.5456066E+05   7.6231835E+04   2.3077487E+05   1.3615250E-03   7.4340080E-08   9.1189515E-04
   6.3768116E-01   1.4124901E+05   7.1795551E+04   2.1304456E+05   1.6457568E-03   8.6934438E-08   1.0911493E-03
   6.5217391E-01   1.3022968E+05   6.4407618E+04   1.9463730E+05   1.5042289E-03   5.7252269E-08   1.0064469E-03
   6.6666667E-01   1.1873404E+05   6.1409616E+04   1.8014366E+05   1.4583084E-03   1.8448786E-07   9.6118125E-04
   6.8115942E-01   1.1366050E+05   5.5330900E+04   1.6899140E+05   2.2216488E-03   3.1089554E-07   1.4943075E-03
   6.9565217E-01   1.0208923E+05   5.1084081E+04   1.5317331E+05   2.1818043E-03   8.4296763E-08   1.4541656E-03
   7.1014493E-01   9.4995438E+04   4.5247705E+04   1.4022768E+05   1.3919155E-03   5.3649945E-08   9.4292283E-04
   7.2463768E-01   8.6412291E+04   4.3721407E+04   1.3013370E+05   1.8630059E-03   4.5003584E-07   1.2372371E-03
   7.3913043E-01   7.8180597E+04   3.9862893E+04   1.1804349E+05   1.9586657E-03   2.3324622E-07   1.2971976E-03
   7.5362319E-01   7.1839266E+04   3.6487936E+04   1.0832720E+05   2.2939806E-03   4.4988617E-08   1.5212832E-03
   7.6811594E-01   6.4421915E+04   3.2153770E+04   9.6575685E+04   2.6297922E-03   4.1435394E-07   1.7541121E-03
   7.8260870E-01   6.0534742E+04   3.0239307E+04   9.0774048E+04   2.3720495E-03   1.4212443E-07   1.5818792E-03
   7.9710145E-01   5.6155177E+04   2.7870933E+04   8.4026110E+04   4.0441599E-03   8.4003579E-08   2.7027188E-03
   8.1159420E-01   5.2283831E+04   2.5316524E+04   7.7600355E+04   3.6176741E-03   3.2042523E-06   2.4367068E-03
   8.2608696E-01   4.6328287E+04   2.3675948E+04   7.0004235E+04   2.6855422E-03   1.3579907E-08   1.7772690E-03
   8.4057971E-01   4.2498576E+04   2.0341311E+04   6.2839887E+04   3.8862586E-03   3.5405985E-07   2.6281600E-03
   8.5507246E-01   3.6538320E+04   1.8429697E+04   5.4968017E+04   3.1954905E-03   2.0364705E-07   2.1241697E-03
   8.6956522E-01   3.3138351E+04   1.5912470E+04   4.9050821E+04   4.4014202E-03   3.5173486E-07   2.9736099E-03
   8.8405797E-01   3.0533062E+04   1.3589573E+04   4.4122634E+04   3.6317892E-03   2.7767756E-07   2.5131980E-03
   8.9855072E-01   2.6325239E+04   1.3297057E+04   3.9622296E+04   4.1264011E-03   6.8490018E-08   2.7415790E-03
   9.1304348E-01   2.3213203E+04   1.1197664E+04   3.4410868E+04   3.5878061E-03   1.7261011E-07   2.4203380E-03
   9.2753623E-01   1.9192049E+04   9.5545860E+03   2.8746635E+04   6.4446505E-03   2.6127496E-07   4.3025407E-03
   9.4202899E-01   1.5924128E+04   8.3117885E+03   2.4235916E+04   2.8779053E-03   1.6821241E-07   1.8909275E-03
   9.5652174E-01   1.2422289E+04   6.3374341E+03   1.8759723E+04   4.8458100E-03   6.1893857E-08   3.2088014E-03
   9.7101449E-01   8.7987931E+03   4.3993966E+03   1.3198190E+04   5.2342552E-03   1.3263067E-07   3.4894732E-03
   9.8550725E-01   4.1118358E+03   2.2063509E+03   6.3181868E+03   9.0189980E-03   6.1446751E-08   5.8694906E-03
   1.0000000E+00   0.0000000E+00   0.0000000E+00   0.0000000E+00   0.0000000E+00   0.0000000E+00   0.0000000E+00
