   0.0000000E+00   7.3955100E+05   3.2128035E+05   1.0608314E+06   0.0000000E+00   0.0000000E+00   0.0000000E+00
   1.4492754E-02   7.1833438E+05   3.4780114E+05   1.0661355E+06   6.1154414E-05   6.5645363E-08   4.1183294E-05
   2.8985507E-02   6.9636001E+05   3.4098151E+05   1.0373415E+06   8.8491774E-05   5.8585308E-10   5.9403763E-05
   4.3478261E-02   6.8625686E+05   3.5840945E+05   1.0446663E+06   2.3460145E-04   0.0000000E+00   1.5411319E-04
   5.7971014E-02   7.0810493E+05   3.5916719E+05   1.0672721E+06   1.8116541E-04   1.2813440E-08   1.2019510E-04
   7.2463768E-02   7.3500458E+05   3.4901352E+05   1.0840181E+06   1.6102015E-04   4.8476152E-09   1.0917902E-04
   8.6956522E-02   7.3652006E+05   3.6775487E+05   1.1042749E+06   2.6131261E-04   0.0000000E+00   1.7428810E-04
   1.0144928E-01   7.4128297E+05   3.7876009E+05   1.1200431E+06   9.5770994E-05   8.2036224E-10   6.3384726E-05
   1.1594203E-01   7.6654537E+05   3.9904308E+05   1.1655885E+06   6.5800452E-05   7.0236631E-10   4.3273585E-05
   1.3043478E-01   8.0286411E+05   4.0320011E+05   1.2059800E+06   1.0740871E-04   2.0957696E-05   7.2714465E-05
   1.4492754E-01   8.2881239E+05   4.1743714E+05   1.2461738E+06   6.9369300E-05   1.4340933E-08   4.6131803E-05
   1.5942029E-01   8.4480752E+05   4.1999278E+05   1.2647314E+06   2.7674687E-05   6.5224479E-09   1.8486437E-05
   1.7391304E-01   8.5851566E+05   4.4769609E+05   1.3059592E+06   4.9563629E-05   2.3876088E-07   3.2651074E-05
   1.8840580E-01   8.5968141E+05   4.3773865E+05   1.2973618E+06   5.0330331E-05   4.9157730E-08   3.3334212E-05
   2.0289855E-01   8.7805444E+05   4.4500793E+05   1.3230083E+06   7.8963437E-05   3.3125693E-10   5.2406390E-05
   2.1739130E-01   8.6483014E+05   4.3504189E+05   1.2997710E+06   1.1690974E-05   1.9638799E-09   7.7791349E-06
   2.3188406E-01   8.3857772E+05   4.2788443E+05   1.2662727E+06   1.7111919E-04   1.7327874E-09   1.1332257E-04
   2.4637681E-01   8.3560527E+05   4.1599744E+05   1.2515136E+06   1.3103834E-04   7.8657164E-06   8.5243325E-05
   2.6086957E-01   8.0349556E+05   4.0724137E+05   1.2106948E+06   6.5417005E-05   3.9771536E-09   4.3414352E-05
   2.7536232E-01   7.7668010E+05   3.9458141E+05   1.1711419E+06   1.2676656E-04   1.2794548E-08   8.4071883E-05
   2.8985507E-01   7.4602965E+05   3.6803271E+05   1.1140245E+06   1.0157502E-04   5.6445398E-09   6.8022930E-05
   3.0434783E-01   7.1017969E+05   3.5682181E+05   1.0668572E+06   1.0033150E-04   1.8891297E-09   6.6787812E-05
   3.1884058E-01   6.7869097E+05   3.3832943E+05   1.0169515E+06   2.7453029E-05   5.2991408E-09   1.8323005E-05
   3.3333333E-01   6.5297135E+05   3.2006139E+05   9.7290096E+05   1.2503490E-04   1.1110425E-05   8.0664514E-05
   3.4782609E-01   6.0868356E+05   3.0877770E+05   9.1742969E+05   5.0975693E-05   3.8848408E-06   3.3472246E-05
   3.6231884E-01   5.7684978E+05   2.8881891E+05   8.6551715E+05   7.8072153E-05   4.6359752E-09   5.2034641E-05
   3.7681159E-01   5.4216060E+05   2.7301836E+05   8.1509152E+05   8.6260572E-05   1.3462881E-08   5.7373085E-05
   3.9130435E-01   5.0762745E+05   2.5544146E+05   7.6301278E+05   7.3056523E-05   4.0390430E-06   4.7847882E-05
   4.0579710E-01   4.7848365E+05   2.4022959E+05   7.1868618E+05   5.3764964E-05   2.0388643E-05   3.3240274E-05
   4.2028986E-01   4.4196952E+05   2.2489102E+05   6.6683441E+05   1.6013520E-04   1.4460612E-05   1.1092935E-04
   4.3478261E-01   4.1534073E+05   2.0767037E+05   6.2298584E+05   1.2929341E-04   2.7348458E-05   8.1974255E-05
   4.4927536E-01   3.8786341E+05   1.9055855E+05   5.7839752E+05   3.4822956E-05   8.0671367E-05   6.6501427E-06
   4.6376812E-01   3.5826738E+05   1.7941784E+05   5.3768522E+05   5.6987950E-05   9.4130766E-09   3.7971811E-05
   4.7826087E-01   3.3448334E+05   1.6293635E+05   4.9739673E+05   5.8014366E-05   2.0786448E-05   4.1093798E-05
   4.9275362E-01   3.1192008E+05   1.5825554E+05   4.7008647E+05   1.3505934E-04   6.2158816E-08   8.9608907E-05
   5.0724638E-01   2.9218327E+05   1.4550709E+05   4.3769036E+05   2.7063606E-04   1.4472047E-08   1.8066048E-04
   5.2173913E-01   2.6781782E+05   1.3439302E+05   4.0216875E+05   9.3751541E-05   2.3595572E-07   6.2471730E-05
   5.3623188E-01   2.5048317E+05   1.2275334E+05   3.7317508E+05   1.5772900E-04   4.1268462E-09   1.0586992E-04
   5.5072464E-01   2.3184748E+05   1.1722984E+05   3.4907733E+05   9.8983933E-05   8.7342538E-05   5.6327214E-05
   5.6521739E-01   2.1119481E+05   1.0379050E+05   3.1496588E+05   3.9454002E-04   6.8804254E-09   2.6454958E-04
   5.7971014E-01   1.9636746E+05   9.7028182E+04   2.9337670E+05   2.1431725E-04   1.7507164E-08   1.4345595E-04
   5.9420290E-01   1.7921397E+05   9.0688144E+04   2.6984667E+05   1.5568154E-04   7.8079293E-05   1.2630639E-04
   6.0869565E-01   1.6708094E+05   8.2034017E+04   2.4911496E+05   5.2765116E-05   8.7758649E-09   3.5390719E-05
   6.2318841E-01   1.5412012E+05   7.6742866E+04   2.3086298E+05   3.1437605E-04   4.9260593E-08   2.0988418E-04
   6.3768116E-01   1.3864859E+05   7.0572839E+04   2.0922143E+05   3.3064719E-04   5.0392322E-09   2.1911669E-04
   6.5217391E-01   1.2851214E+05   6.5889414E+04   1.9438472E+05   2.4747869E-04   7.7937722E-05   1.7234076E-04
   6.6666667E-01   1.2207797E+05   5.7769186E+04   1.7983068E+05   6.9653724E-05   8.2993037E-09   4.7286859E-05
   6.8115942E-01   1.0846920E+05   5.4460309E+04   1.6292951E+05   1.8388639E-04   1.4441685E-08   1.2241686E-04
   6.9565217E-01   1.0229445E+05   5.1084081E+04   1.5337853E+05   2.5235242E-04   4.6071589E-08   1.6831211E-04
   7.1014493E-01   9.4098525E+04   4.8371436E+04   1.4246996E+05   3.4565781E-04   5.9063243E-09   2.2830168E-04
   7.2463768E-01   8.3805677E+04   4.1857374E+04   1.2566305E+05   4.1648417E-04   4.7623622E-09   2.7775785E-04
   7.3913043E-01   7.8745185E+04   3.9580599E+04   1.1832578E+05   2.0797244E-04   5.1062489E-09   1.3840288E-04
   7.5362319E-01   7.2086988E+04   3.7070810E+04   1.0915780E+05   3.0300766E-04   2.8935832E-08   2.0010387E-04
   7.6811594E-01   6.4479103E+04   3.3526274E+04   9.7991080E+04   1.9433001E-04   1.0226727E-08   1.2787406E-04
   7.8260870E-01   6.0787321E+04   2.9551731E+04   9.0339051E+04   1.3718391E-04   9.1424785E-09   9.2308608E-05
   7.9710145E-01   5.3964629E+04   2.7554061E+04   8.1518690E+04   2.4926775E-04   1.0766050E-04   1.7408795E-04
   8.1159420E-01   5.0700703E+04   2.4437008E+04   7.5137711E+04   2.4854055E-04   1.5403852E-09   1.6770747E-04
   8.2608696E-01   4.3430276E+04   2.2266824E+04   6.5697100E+04   3.7279746E-04   4.1772628E-09   2.4644320E-04
   8.4057971E-01   4.1505680E+04   1.9635832E+04   6.1141512E+04   7.3813935E-04   3.3631141E-08   5.0109375E-04
   8.5507246E-01   3.6422733E+04   1.7864606E+04   5.4287338E+04   3.5938969E-04   1.2744768E-07   2.4108744E-04
   8.6956522E-01   3.2216438E+04   1.6821754E+04   4.9038192E+04   3.6064259E-04   1.1493503E-08   2.3693119E-04
   8.8405797E-01   2.9862278E+04   1.4508794E+04   4.4371073E+04   5.0950129E-04   1.7086774E-08   3.4289520E-04
   8.9855072E-01   2.5225299E+04   1.2368218E+04   3.7593517E+04   6.7874734E-04   0.0000000E+00   4.5544035E-04
   9.1304348E-01   2.2238970E+04   1.1041306E+04   3.3280276E+04   4.8909448E-04   1.8831291E-09   3.2682849E-04
   9.2753623E-01   1.9132851E+04   9.2112366E+03   2.8344088E+04   2.4119873E-04   0.0000000E+00   1.6281418E-04
   9.4202899E-01   1.5609376E+04   7.8688040E+03   2.3478180E+04   2.8634452E-04   1.3798207E-08   1.9037568E-04
   9.5652174E-01   1.2651906E+04   6.6933407E+03   1.9345247E+04   3.0207417E-04   0.0000000E+00   1.9755830E-04
   9.7101449E-01   8.6291506E+03   4.8630862E+03   1.3492237E+04   3.5469665E-04   0.0000000E+00   2.2685125E-04
   9.8550725E-01   3.9669744E+03   2.0392031E+03   6.0061775E+03   6.5953354E-04   0.0000000E+00   4.3561028E-04
   1.0000000E+00   0.0000000E+00   0.0000000E+00   0.0000000E+00   0.0000000E+00   0.0000000E+00   0.0000000E+00
