   0.0000000E+00   9.0322213E+05   3.7583740E+05   1.2790595E+06   4.6811302E-04   0.0000000E+00   3.3056322E-04
   1.4492754E-02   6.7211244E+05   2.9854825E+05   9.7066069E+05   4.0048917E-04   6.4768029E-04   4.2941018E-04
   2.8985507E-02   6.9673888E+05   3.5121095E+05   1.0479498E+06   9.1089790E-05   2.2894044E-04   7.7855308E-05
   4.3478261E-02   6.7514339E+05   3.3896088E+05   1.0141043E+06   2.4184234E-04   8.7378713E-05   1.3371463E-04
   5.7971014E-02   7.1132531E+05   3.5253699E+05   1.0638623E+06   1.8241424E-04   2.1306336E-04   7.7641055E-05
   7.2463768E-02   7.0257345E+05   3.5947028E+05   1.0620437E+06   1.0786332E-04   2.2940960E-05   7.0715876E-05
   8.6956522E-02   7.4826498E+05   3.6851261E+05   1.1167776E+06   1.5404046E-04   2.4177081E-09   1.0320968E-04
   1.0144928E-01   7.5448924E+05   3.8438900E+05   1.1388782E+06   1.0240159E-04   5.4911034E-05   5.9466346E-05
   1.1594203E-01   7.7762727E+05   3.9051854E+05   1.1681458E+06   6.1453365E-05   9.9086551E-05   5.9332483E-05
   1.3043478E-01   8.0581087E+05   4.0050593E+05   1.2063168E+06   1.1368028E-04   6.0582569E-05   9.6046257E-05
   1.4492754E-01   8.2578144E+05   4.1819488E+05   1.2437490E+06   8.6574791E-05   8.0739383E-05   7.6568041E-05
   1.5942029E-01   8.4060552E+05   4.2378146E+05   1.2642492E+06   1.8506421E-05   8.0838492E-05   1.5731223E-05
   1.7391304E-01   8.5681076E+05   4.2111216E+05   1.2777966E+06   6.9892671E-05   2.6232422E-05   4.2194313E-05
   1.8840580E-01   8.6900740E+05   4.3867125E+05   1.3073872E+06   6.7889883E-05   3.2006663E-05   3.7042823E-05
   2.0289855E-01   8.6284559E+05   4.3786356E+05   1.3006009E+06   1.0544105E-04   9.2808149E-05   9.6031259E-05
   2.1739130E-01   8.5795999E+05   4.2837381E+05   1.2862328E+06   3.6124706E-05   7.6719056E-05   4.2472300E-05
   2.3188406E-01   8.5131716E+05   4.2395367E+05   1.2751761E+06   3.4461777E-05   2.1461751E-05   2.6428195E-05
   2.4637681E-01   8.2290204E+05   4.2049929E+05   1.2433568E+06   1.5448152E-04   7.9387430E-06   1.0460748E-04
   2.6086957E-01   8.1086244E+05   3.9983239E+05   1.2106948E+06   4.4421206E-05   3.0643264E-05   3.9105220E-05
   2.7536232E-01   7.7600213E+05   3.9318558E+05   1.1691478E+06   6.1554431E-05   8.7583512E-05   3.1655846E-05
   2.8985507E-01   7.5159902E+05   3.7375362E+05   1.1252769E+06   8.0956448E-05   6.8669722E-05   6.1111668E-05
   3.0434783E-01   7.1613333E+05   3.5610016E+05   1.0721613E+06   1.1105802E-04   3.7226600E-05   7.5842705E-05
   3.1884058E-01   6.8420178E+05   3.4583791E+05   1.0299708E+06   6.4470249E-05   4.9095881E-05   3.2005154E-05
   3.3333333E-01   6.4368084E+05   3.2243343E+05   9.6611427E+05   1.0736778E-04   4.9597330E-06   7.2044811E-05
   3.4782609E-01   5.9655978E+05   3.0688336E+05   9.0334842E+05   1.1621985E-04   1.3589997E-04   1.2283594E-04
   3.6231884E-01   5.7587988E+05   2.8894015E+05   8.6472910E+05   6.7502638E-05   5.9160493E-05   5.8751167E-05
   3.7681159E-01   5.4402580E+05   2.6791821E+05   8.1176914E+05   3.4207213E-04   1.0402050E-05   2.2614252E-04
   3.9130435E-01   5.0928324E+05   2.5647984E+05   7.6576308E+05   1.2068590E-04   3.1020631E-05   7.1416652E-05
   4.0579710E-01   4.7924139E+05   2.3949892E+05   7.1868618E+05   3.8277391E-04   3.1093052E-05   2.4697737E-04
   4.2028986E-01   4.4040179E+05   2.1893364E+05   6.5928317E+05   1.3725971E-04   5.5241838E-05   8.1472926E-05
   4.3478261E-01   4.1917993E+05   2.1289875E+05   6.3205343E+05   2.5172172E-04   5.9675791E-05   1.4788118E-04
   4.4927536E-01   3.8957443E+05   1.9099853E+05   5.8052407E+05   3.8433387E-04   3.4059002E-05   2.4783892E-04
   4.6376812E-01   3.5883568E+05   1.7423208E+05   5.3299672E+05   4.5390459E-04   1.3204022E-04   3.4809341E-04
   4.7826087E-01   3.3854757E+05   1.6952636E+05   5.0807393E+05   4.4978815E-04   1.5690761E-04   3.4917851E-04
   4.9275362E-01   3.1463901E+05   1.5480115E+05   4.6935102E+05   2.6155242E-04   3.1704978E-05   1.8181118E-04
   5.0724638E-01   2.9029975E+05   1.4466276E+05   4.3494086E+05   5.6957808E-04   1.5512747E-04   4.0504408E-04
   5.2173913E-01   2.6729162E+05   1.3437197E+05   4.0162149E+05   6.6472270E-04   3.0199956E-04   5.3115526E-04
   5.3623188E-01   2.5017598E+05   1.2390019E+05   3.7393281E+05   5.7808395E-04   1.3483107E-04   4.2788744E-04
   5.5072464E-01   2.2939481E+05   1.1334146E+05   3.4273627E+05   4.0496731E-04   7.5387277E-05   2.8988764E-04
   5.6521739E-01   2.0997078E+05   1.0421794E+05   3.1418872E+05   5.0484200E-04   2.2270984E-04   4.0398943E-04
   5.7971014E-01   1.9788294E+05   9.7236560E+04   2.9511950E+05   6.1401444E-04   9.0469637E-05   4.4134195E-04
   5.9420290E-01   1.8078488E+05   9.2480838E+04   2.7326572E+05   1.0200265E-03   1.3499144E-04   6.6892113E-04
   6.0869565E-01   1.6506031E+05   8.2575257E+04   2.4763556E+05   5.2950812E-04   8.9537713E-05   3.8279660E-04
   6.2318841E-01   1.5346811E+05   7.7095302E+04   2.3054579E+05   8.7076366E-04   2.2147688E-04   6.4785464E-04
   6.3768116E-01   1.4064626E+05   7.1675002E+04   2.1232126E+05   1.1353128E-03   1.1554120E-04   7.4926077E-04
   6.5217391E-01   1.3065064E+05   6.5771544E+04   1.9638851E+05   1.2087655E-03   5.6850171E-05   7.8604065E-04
   6.6666667E-01   1.1787747E+05   5.9910616E+04   1.7778809E+05   7.3907594E-04   7.8638472E-05   4.6352927E-04
   6.8115942E-01   1.0988794E+05   5.5427632E+04   1.6531557E+05   1.0925403E-03   3.8683995E-04   8.5165001E-04
   6.9565217E-01   1.0079477E+05   5.0642068E+04   1.5143683E+05   1.1160130E-03   8.0271491E-05   7.6816771E-04
   7.1014493E-01   9.4500589E+04   4.6438434E+04   1.4093902E+05   1.3951486E-03   5.5459697E-04   9.8571255E-04
   7.2463768E-01   8.6124352E+04   4.2842432E+04   1.2896678E+05   1.5615762E-03   4.6061480E-04   1.1683851E-03
   7.3913043E-01   8.0171513E+04   4.0174902E+04   1.2034641E+05   1.6192983E-03   3.1398680E-04   1.1473355E-03
   7.5362319E-01   7.1824695E+04   3.5948777E+04   1.0777347E+05   1.3581589E-03   4.3819094E-04   1.0350372E-03
   7.6811594E-01   6.7867472E+04   3.1996504E+04   9.9863976E+04   1.0208008E-03   6.4771657E-05   7.1437228E-04
   7.8260870E-01   6.1208285E+04   3.0211242E+04   9.1419528E+04   2.6337323E-03   1.3484522E-04   1.7966827E-03
   7.9710145E-01   5.4460602E+04   2.7250967E+04   8.1711569E+04   1.9447917E-03   2.1525560E-04   1.3659049E-03
   8.1159420E-01   4.9604691E+04   2.4450539E+04   7.4055230E+04   2.1223295E-03   4.0357476E-04   1.5341215E-03
   8.2608696E-01   4.6102295E+04   2.2293411E+04   6.8395706E+04   1.6625340E-03   5.7074577E-08   1.1206534E-03
   8.4057971E-01   4.0878588E+04   2.0119215E+04   6.0997803E+04   2.7517712E-03   2.4110611E-04   1.9165608E-03
   8.5507246E-01   3.5896170E+04   1.8416854E+04   5.4313024E+04   1.8333678E-03   9.7435905E-04   1.5291182E-03
   8.6956522E-01   3.3883459E+04   1.7061704E+04   5.0945163E+04   2.5779113E-03   5.8525819E-05   1.7163306E-03
   8.8405797E-01   2.9290871E+04   1.4533638E+04   4.3824509E+04   2.6477673E-03   7.6042195E-04   2.0197025E-03
   8.9855072E-01   2.5738604E+04   1.2563763E+04   3.8302367E+04   2.9213913E-03   7.3486124E-04   2.0691313E-03
   9.1304348E-01   2.2539659E+04   1.0860892E+04   3.3400552E+04   2.7813422E-03   6.1917893E-04   2.0745554E-03
   9.2753623E-01   1.9180210E+04   9.4006707E+03   2.8580881E+04   2.3810466E-03   1.2101187E-07   1.5978632E-03
   9.4202899E-01   1.6192250E+04   7.9737214E+03   2.4165971E+04   3.0223049E-03   3.5138253E-04   2.1256058E-03
   9.5652174E-01   1.2284519E+04   6.0733743E+03   1.8357893E+04   8.3801936E-04   5.0918176E-08   5.6076863E-04
   9.7101449E-01   9.2172447E+03   4.3767776E+03   1.3594022E+04   2.9730001E-03   1.0281224E-03   2.3438513E-03
   9.8550725E-01   3.9781176E+03   1.7049075E+03   5.6830251E+03   1.1294221E-03   0.0000000E+00   7.9059545E-04
   1.0000000E+00   0.0000000E+00   0.0000000E+00   0.0000000E+00   0.0000000E+00   0.0000000E+00   0.0000000E+00
