   0.0000000E+00   6.1225124E+05   3.5158982E+05   9.6384106E+05   0.0000000E+00   0.0000000E+00   0.0000000E+00
   1.4492754E-02   7.1606117E+05   3.4022377E+05   1.0562849E+06   2.6844124E-04   1.1490283E-08   1.8197490E-04
   2.8985507E-02   6.9408680E+05   3.3491961E+05   1.0290064E+06   5.5882227E-04   1.7843340E-08   3.7693448E-04
   4.3478261E-02   6.9888580E+05   3.5386303E+05   1.0527488E+06   1.0194505E-04   1.1650268E-08   6.7674125E-05
   5.7971014E-02   7.0280077E+05   3.6200870E+05   1.0648095E+06   2.0659642E-04   4.5574180E-09   1.3635950E-04
   7.2463768E-02   7.2424472E+05   3.5416613E+05   1.0784108E+06   1.2642760E-04   5.8530336E-09   8.4907252E-05
   8.6956522E-02   7.3311024E+05   3.6346103E+05   1.0965713E+06   2.7914433E-04   5.7563910E-08   1.8660287E-04
   1.0144928E-01   7.4269020E+05   3.7821885E+05   1.1208008E+06   2.6339230E-04   6.2394910E-09   1.7453364E-04
   1.1594203E-01   7.7469104E+05   3.9534911E+05   1.1700402E+06   2.7234900E-04   6.2838690E-07   1.8013062E-04
   1.3043478E-01   7.9335031E+05   3.9587532E+05   1.1891414E+06   1.6788254E-04   2.3112489E-09   1.1200491E-04
   1.4492754E-01   8.2949435E+05   3.9819063E+05   1.2276092E+06   3.5275183E-04   4.3492600E-08   2.3836799E-04
   1.5942029E-01   8.4466975E+05   4.2364369E+05   1.2683134E+06   4.8805761E-05   2.9366531E-09   3.2504536E-05
   1.7391304E-01   8.5049628E+05   4.3582488E+05   1.2861949E+06   2.0308072E-04   7.4349559E-09   1.3428525E-04
   1.8840580E-01   8.7238807E+05   4.3674777E+05   1.3090776E+06   1.2940086E-04   3.6461305E-09   8.6234886E-05
   2.0289855E-01   8.6706726E+05   4.4046151E+05   1.3075288E+06   1.0949924E-04   3.3897599E-08   7.2605328E-05
   2.1739130E-01   8.5715174E+05   4.3448621E+05   1.2914864E+06   2.1993528E-04   6.0906996E-08   1.4598705E-04
   2.3188406E-01   8.4629716E+05   4.2509028E+05   1.2713401E+06   2.9549013E-04   8.0359063E-09   1.9669772E-04
   2.4637681E-01   8.2312490E+05   4.1470483E+05   1.2376960E+06   2.1309593E-04   7.7705529E-09   1.4171926E-04
   2.6086957E-01   8.1401968E+05   4.0454720E+05   1.2185669E+06   1.5241790E-04   3.3218249E-07   1.0172529E-04
   2.7536232E-01   7.7791641E+05   3.8369393E+05   1.1616103E+06   2.3995094E-05   4.9957856E-09   1.6070705E-05
   2.8985507E-01   7.4894694E+05   3.7640570E+05   1.1253147E+06   1.6238715E-04   1.2489332E-07   1.0811280E-04
   3.0434783E-01   7.1728798E+05   3.5480118E+05   1.0719087E+06   8.2315370E-05   5.1251598E-08   5.5090670E-05
   3.1884058E-01   6.8313406E+05   3.4180813E+05   1.0248389E+06   1.7891930E-04   2.0313488E-08   1.1925676E-04
   3.3333333E-01   6.4200064E+05   3.2124741E+05   9.6314922E+05   1.7864624E-04   6.8993053E-07   1.1930702E-04
   3.4782609E-01   6.1461917E+05   3.0110561E+05   9.1566164E+05   2.6454184E-04   2.0920752E-08   1.7757517E-04
   3.6231884E-01   5.7587988E+05   2.9142553E+05   8.6724479E+05   2.7788832E-04   8.9281327E-09   1.8452432E-04
   3.7681159E-01   5.5145744E+05   2.7733163E+05   8.2875993E+05   3.0263473E-04   1.3551161E-08   2.0136887E-04
   3.9130435E-01   5.1096710E+05   2.5692886E+05   7.6789597E+05   3.8556702E-05   6.8626578E-09   2.5657835E-05
   4.0579710E-01   4.8154166E+05   2.4036490E+05   7.2187950E+05   1.7354572E-04   9.9177148E-08   1.1574992E-04
   4.2028986E-01   4.4544465E+05   2.2157266E+05   6.6691280E+05   1.7700708E-04   2.4578679E-08   1.1823477E-04
   4.3478261E-01   4.1190566E+05   2.0696315E+05   6.1884355E+05   1.6586288E-04   1.6045641E-08   1.1040364E-04
   4.4927536E-01   3.8446582E+05   1.9635157E+05   5.8076850E+05   2.9253088E-04   1.0848618E-08   1.9365278E-04
   4.6376812E-01   3.6499229E+05   1.7731038E+05   5.4227899E+05   2.8711307E-04   7.4187955E-08   1.9323160E-04
   4.7826087E-01   3.3721579E+05   1.6966413E+05   5.0685696E+05   3.9012721E-04   1.5432975E-08   2.5955824E-04
   4.9275362E-01   3.1236580E+05   1.5321881E+05   4.6556233E+05   9.4208559E-05   1.8432139E-08   6.3203151E-05
   5.0724638E-01   2.8863273E+05   1.4241120E+05   4.3102228E+05   4.5249662E-04   1.4782889E-07   3.0298949E-04
   5.2173913E-01   2.6695484E+05   1.3529809E+05   4.0214770E+05   1.1916620E-04   8.9497603E-08   7.9128297E-05
   5.3623188E-01   2.4835332E+05   1.2119691E+05   3.6952975E+05   2.5976407E-04   6.7458638E-09   1.7457992E-04
   5.5072464E-01   2.2815850E+05   1.1437836E+05   3.4251692E+05   1.2308486E-04   1.8375632E-08   6.1569168E-05
   5.6521739E-01   2.1008735E+05   1.0614142E+05   3.1620935E+05   4.4841328E-04   4.5660438E-08   2.9791070E-04
   5.7971014E-01   1.9742829E+05   9.8013240E+04   2.9544153E+05   1.0397417E-04   5.4065333E-07   6.9535971E-05
   5.9420290E-01   1.7984233E+05   9.0410923E+04   2.7023478E+05   5.3812583E-04   4.2823815E-08   3.5811253E-04
   6.0869565E-01   1.6549330E+05   8.2683505E+04   2.4817681E+05   6.7424082E-04   2.7550335E-08   4.4961575E-04
   6.2318841E-01   1.5537126E+05   7.8328827E+04   2.3368247E+05   1.4429495E-04   2.5607333E-07   9.5855355E-05
   6.3768116E-01   1.4181731E+05   6.9970094E+04   2.1178740E+05   1.8373918E-04   4.7576138E-07   1.2314822E-04
   6.5217391E-01   1.3132419E+05   6.4895937E+04   1.9620329E+05   2.7249564E-04   2.3366214E-07   1.8236742E-04
   6.6666667E-01   1.2161674E+05   5.9910616E+04   1.8154383E+05   2.4989309E-04   6.2511838E-08   1.6739831E-04
   6.8115942E-01   1.1001692E+05   5.4605407E+04   1.6462233E+05   3.9459238E-04   1.9477866E-08   2.6371025E-04
   6.9565217E-01   9.7558598E+04   5.1020937E+04   1.4857953E+05   2.6000123E-04   4.4635817E-08   1.7070497E-04
   7.1014493E-01   9.3371716E+04   4.6732250E+04   1.4010397E+05   6.9333530E-05   3.3569127E-08   4.6212927E-05
   7.2463768E-01   8.5412079E+04   4.3463776E+04   1.2887586E+05   4.3200235E-04   5.3173788E-09   2.8630944E-04
   7.3913043E-01   7.6917702E+04   4.0204617E+04   1.1712232E+05   1.4245285E-04   4.2914649E-08   9.3563213E-05
   7.5362319E-01   7.2509572E+04   3.4987034E+04   1.0748203E+05   4.3550672E-04   1.1558366E-07   2.9382612E-04
   7.6811594E-01   6.6595047E+04   3.2539787E+04   9.9134833E+04   4.9972241E-04   2.1517921E-08   3.3570175E-04
   7.8260870E-01   6.0534742E+04   3.0253339E+04   9.0774048E+04   1.6347543E-04   3.6067664E-07   1.0895070E-04
   7.9710145E-01   5.3138007E+04   2.7485176E+04   8.0623183E+04   6.1944902E-04   2.1207129E-08   4.0827740E-04
   8.1159420E-01   4.9821187E+04   2.3963423E+04   7.3784610E+04   3.1523131E-04   5.0725269E-09   2.1285221E-04
   8.2608696E-01   4.5650312E+04   2.2785275E+04   6.8422293E+04   1.0782263E-03   2.4580061E-07   7.1941288E-04
   8.4057971E-01   3.9964078E+04   2.0171473E+04   6.0135551E+04   3.1344473E-04   8.5910640E-08   2.0828978E-04
   8.5507246E-01   3.6409890E+04   1.8429697E+04   5.4839587E+04   2.8125279E-04   1.8778443E-08   1.8673908E-04
   8.6956522E-01   3.3214125E+04   1.6973302E+04   5.0187426E+04   2.5287858E-04   7.7319182E-08   1.6737513E-04
   8.8405797E-01   2.8620087E+04   1.4446685E+04   4.3066772E+04   1.0361826E-03   3.6502468E-08   6.8858640E-04
   8.9855072E-01   2.6203023E+04   1.2050458E+04   3.8253481E+04   6.1388613E-04   1.3686127E-07   4.2052696E-04
   9.1304348E-01   2.2635880E+04   1.0692507E+04   3.3328387E+04   7.4229845E-04   7.8638170E-08   5.0416864E-04
   9.2753623E-01   1.9061813E+04   9.3888311E+03   2.8450645E+04   3.5663664E-04   2.0653627E-08   2.3894242E-04
   9.4202899E-01   1.6157278E+04   8.0786388E+03   2.4235916E+04   1.5358863E-04   6.0927186E-07   1.0244799E-04
   9.5652174E-01   1.3099660E+04   6.3718767E+03   1.9471537E+04   8.1953882E-05   5.5163091E-08   5.5119251E-05
   9.7101449E-01   9.1833162E+03   4.6255866E+03   1.3808903E+04   4.4807958E-04   1.1617714E-06   2.9810262E-04
   9.8550725E-01   4.1118358E+03   1.8386258E+03   5.9504616E+03   1.1504638E-03   0.0000000E+00   7.9498343E-04
   1.0000000E+00   2.1884092E+01   0.0000000E+00   2.1884092E+01   1.9801956E-05   0.0000000E+00   1.9801956E-05
