   0.0000000E+00   6.4862260E+05   3.0309467E+05   9.5171728E+05   6.6314391E-04   0.0000000E+00   4.5195158E-04
   1.4492754E-02   6.4180297E+05   3.8796118E+05   1.0297642E+06   6.0903830E-04   1.1569061E-08   3.7958888E-04
   2.8985507E-02   7.0962040E+05   3.2772112E+05   1.0373415E+06   2.7713138E-04   1.4033220E-04   1.9279569E-04
   4.3478261E-02   7.0090643E+05   3.4527535E+05   1.0461818E+06   1.0778292E-04   2.5499677E-08   7.2203144E-05
   5.7971014E-02   6.9522341E+05   3.6181927E+05   1.0570427E+06   1.7778163E-04   5.3403524E-05   9.8650620E-05
   7.2463768E-02   7.1303022E+05   3.5689398E+05   1.0699242E+06   5.3389720E-05   7.6748041E-09   3.5580638E-05
   8.6956522E-02   7.3424685E+05   3.5967235E+05   1.0937929E+06   8.0593049E-05   6.7708875E-05   7.0021989E-05
   1.0144928E-01   7.4020049E+05   3.7226521E+05   1.1124657E+06   1.4963573E-04   3.4730190E-09   9.9564178E-05
   1.1594203E-01   7.7023934E+05   3.8881364E+05   1.1590530E+06   2.0239263E-05   9.4003321E-05   2.2741699E-05
   1.3043478E-01   7.9924382E+05   3.9856950E+05   1.1977291E+06   4.5505076E-05   4.8350446E-05   3.9614994E-05
   1.4492754E-01   8.2699382E+05   4.0705615E+05   1.2340500E+06   1.1014207E-04   1.0540181E-04   6.4363781E-05
   1.5942029E-01   8.4770069E+05   4.1455085E+05   1.2622515E+06   5.7404125E-05   1.8753331E-04   2.4195890E-05
   1.7391304E-01   8.6091516E+05   4.1795493E+05   1.2788069E+06   5.2998607E-05   3.9591863E-05   4.0436035E-05
   1.8840580E-01   8.6387811E+05   4.4036159E+05   1.3041231E+06   9.5925972E-05   9.3228490E-05   8.1128489E-05
   2.0289855E-01   8.6766263E+05   4.3017794E+05   1.2977864E+06   1.3082806E-04   1.1187310E-04   8.3842029E-05
   2.1739130E-01   8.6245589E+05   4.3362745E+05   1.2960833E+06   1.1203330E-04   1.0643411E-04   9.6019140E-05
   2.3188406E-01   8.5160132E+05   4.2324330E+05   1.2747025E+06   9.8369331E-05   5.3483617E-05   6.4981966E-05
   2.4637681E-01   8.3092513E+05   4.1336765E+05   1.2442482E+06   1.0326430E-04   2.3463255E-05   7.5795391E-05
   2.6086957E-01   8.1498790E+05   3.9979029E+05   1.2146098E+06   8.3879303E-05   3.2924348E-05   6.3731331E-05
   2.7536232E-01   7.8517473E+05   3.8437190E+05   1.1694270E+06   3.9599737E-05   4.4439564E-05   1.5700045E-05
   2.8985507E-01   7.4591599E+05   3.6901777E+05   1.1148959E+06   6.0600141E-05   6.6237806E-05   1.9825404E-05
   3.0434783E-01   7.1793747E+05   3.5527026E+05   1.0731356E+06   1.0016611E-04   1.1594897E-04   3.9867223E-05
   3.1884058E-01   6.8557949E+05   3.4384024E+05   1.0293508E+06   1.5491157E-04   1.0607722E-04   8.3546499E-05
   3.3333333E-01   6.4852377E+05   3.2898950E+05   9.7741443E+05   1.2400923E-04   3.3415933E-05   8.6719359E-05
   3.4782609E-01   6.1000960E+05   3.1142978E+05   9.2140781E+05   1.3103901E-04   4.5450738E-05   1.0154994E-04
   3.6231884E-01   5.7703164E+05   2.8890984E+05   8.6585055E+05   2.5005145E-04   1.1574851E-04   1.7867125E-04
   3.7681159E-01   5.4315148E+05   2.6669417E+05   8.0981651E+05   1.1760680E-04   5.3518163E-05   9.2781568E-05
   3.9130435E-01   5.0922712E+05   2.5479598E+05   7.6399503E+05   1.8252823E-04   1.5817034E-04   1.4962976E-04
   4.0579710E-01   4.7610220E+05   2.3903886E+05   7.1508693E+05   3.4767707E-04   1.3772088E-04   2.5913489E-04
   4.2028986E-01   4.4847560E+05   2.2115460E+05   6.6957794E+05   1.5995888E-04   5.1352298E-05   1.2369445E-04
   4.3478261E-01   4.1455774E+05   2.0761985E+05   6.2215233E+05   2.4325837E-04   6.2039754E-05   1.6966229E-04
   4.4927536E-01   3.9121212E+05   1.9615603E+05   5.8736815E+05   3.7295409E-04   3.6059764E-05   2.4277950E-04
   4.6376812E-01   3.6387936E+05   1.8235407E+05   5.4623343E+05   1.4736251E-04   2.0779145E-04   1.6562613E-04
   4.7826087E-01   3.3439149E+05   1.6686280E+05   5.0123134E+05   2.5350130E-04   2.3809470E-04   1.6330352E-04
   4.9275362E-01   3.1053832E+05   1.5740865E+05   4.6794698E+05   3.3657719E-04   1.1452176E-04   2.5915186E-04
   5.0724638E-01   2.8770179E+05   1.4481431E+05   4.3249445E+05   5.8141031E-04   6.0745667E-05   3.6643659E-04
   5.2173913E-01   2.6781782E+05   1.3550858E+05   4.0332640E+05   4.0550206E-04   1.9485978E-04   2.5360037E-04
   5.3623188E-01   2.4493326E+05   1.2465792E+05   3.6959119E+05   6.8114477E-04   2.0443709E-04   4.9050618E-04
   5.5072464E-01   2.2959422E+05   1.1160664E+05   3.4118091E+05   7.0223678E-04   3.1626628E-05   4.8147857E-04
   5.6521739E-01   2.1350688E+05   1.0608314E+05   3.1955116E+05   8.9477425E-04   2.7856249E-04   6.7703913E-04
   5.7971014E-01   1.9540135E+05   9.7425994E+04   2.9280840E+05   7.6497174E-04   3.7869723E-05   5.0549023E-04
   5.9420290E-01   1.8008259E+05   8.8377971E+04   2.6846056E+05   1.0027512E-03   2.4359314E-04   7.3608995E-04
   6.0869565E-01   1.6628712E+05   8.2376802E+04   2.4866392E+05   8.5034539E-04   2.3456261E-04   6.2812802E-04
   6.2318841E-01   1.5378530E+05   7.5526963E+04   2.2931227E+05   1.0387935E-03   2.3689830E-04   7.3486152E-04
   6.3768116E-01   1.4279892E+05   7.0710610E+04   2.1350953E+05   9.2008141E-04   9.4430356E-05   6.4250830E-04
   6.5217391E-01   1.3066748E+05   6.4727551E+04   1.9539503E+05   1.1212114E-03   3.0797484E-04   8.5129257E-04
   6.6666667E-01   1.2125434E+05   5.8510450E+04   1.7976479E+05   1.2205583E-03   2.1105595E-04   8.8093631E-04
   6.8115942E-01   1.0946877E+05   5.2574028E+04   1.6201055E+05   1.3008254E-03   3.1487802E-04   9.6096234E-04
   6.9565217E-01   1.0243653E+05   4.9884332E+04   1.5232086E+05   1.4397804E-03   1.8369857E-04   9.5040479E-04
   7.1014493E-01   9.1067578E+04   4.6020906E+04   1.3708848E+05   2.1433537E-03   1.8673784E-04   1.4693576E-03
   7.2463768E-01   8.6745696E+04   4.4388215E+04   1.3113391E+05   1.4345529E-03   1.7930336E-04   1.0048585E-03
   7.3913043E-01   7.9012621E+04   3.9432023E+04   1.1844464E+05   1.6397421E-03   4.3012897E-04   1.2224752E-03
   7.5362319E-01   7.2771865E+04   3.5147325E+04   1.0790462E+05   2.2045556E-03   2.1358100E-04   1.5388771E-03
   7.6811594E-01   6.5065276E+04   3.1910722E+04   9.6975999E+04   1.8545205E-03   7.9962274E-05   1.2604467E-03
   7.8260870E-01   6.0955707E+04   3.1333815E+04   9.2289522E+04   1.7745603E-03   4.0314517E-04   1.2952010E-03
   7.9710145E-01   5.5301001E+04   2.7760717E+04   8.3061718E+04   1.3630825E-03   3.2631648E-04   1.0150231E-03
   8.1159420E-01   4.9753532E+04   2.5966012E+04   7.5719544E+04   2.5601985E-03   1.2945233E-04   1.7266372E-03
   8.2608696E-01   4.5610431E+04   2.4114638E+04   6.9725069E+04   2.7118414E-03   4.8239922E-04   1.9402784E-03
   8.4057971E-01   4.0800201E+04   2.0432762E+04   6.1232963E+04   2.8316984E-03   3.8244487E-04   1.9154177E-03
   8.5507246E-01   3.5960385E+04   1.8712243E+04   5.4672628E+04   2.5814001E-03   4.3718330E-04   1.8442782E-03
   8.6956522E-01   3.2014375E+04   1.6884899E+04   4.8886645E+04   1.6606179E-03   3.3038333E-04   1.1855022E-03
   8.8405797E-01   2.9390246E+04   1.5142312E+04   4.4532558E+04   3.2612069E-03   8.5803475E-04   2.4326127E-03
   8.9855072E-01   2.5763047E+04   1.2233781E+04   3.7996828E+04   2.6611568E-03   4.4358936E-04   1.9415209E-03
   9.1304348E-01   2.3562003E+04   1.0451955E+04   3.4013958E+04   2.0808773E-03   9.1379660E-04   1.7170229E-03
   9.2753623E-01   1.9428842E+04   9.9334543E+03   2.9362297E+04   3.3532351E-03   4.6922260E-04   2.2695395E-03
   9.4202899E-01   1.6635235E+04   7.9387490E+03   2.4573984E+04   4.1919738E-03   6.2212662E-04   2.9383422E-03
   9.5652174E-01   1.2215634E+04   5.9585657E+03   1.8174200E+04   3.8290539E-03   1.8630803E-03   3.0869809E-03
   9.7101449E-01   9.1267687E+03   4.6142771E+03   1.3741046E+04   3.0447235E-03   4.4377138E-08   2.0222830E-03
   9.8550725E-01   3.8666857E+03   1.9054849E+03   5.7721706E+03   4.0132921E-03   9.2685672E-08   2.6884245E-03
   1.0000000E+00   0.0000000E+00   0.0000000E+00   0.0000000E+00   0.0000000E+00   0.0000000E+00   0.0000000E+00
