   0.0000000E+00   7.0317964E+05   3.5765171E+05   1.0608314E+06   0.0000000E+00   0.0000000E+00   0.0000000E+00
   1.4492754E-02   7.1454569E+05   3.6750229E+05   1.0820480E+06   2.5807032E-07   0.0000000E+00   1.7042039E-07
   2.8985507E-02   6.7514339E+05   3.2658451E+05   1.0017279E+06   2.3468650E-04   2.4421175E-08   1.5817104E-04
   4.3478261E-02   7.0823122E+05   3.4426503E+05   1.0524963E+06   8.3228869E-05   8.9255982E-09   5.6005699E-05
   5.7971014E-02   6.9162416E+05   3.4742227E+05   1.0390464E+06   2.1816626E-04   2.9384136E-08   1.4522856E-04
   7.2463768E-02   7.1409105E+05   3.6068266E+05   1.0747737E+06   1.1599724E-04   1.3520721E-08   7.7065269E-05
   8.6956522E-02   7.2540659E+05   3.7419563E+05   1.0996022E+06   3.3102458E-04   3.0016216E-09   2.1837646E-04
   1.0144928E-01   7.4593764E+05   3.7118273E+05   1.1171204E+06   3.4280551E-05   1.4608863E-08   2.2894704E-05
   1.1594203E-01   7.8113180E+05   3.9904308E+05   1.1801749E+06   2.2383348E-04   0.0000000E+00   1.4815046E-04
   1.3043478E-01   8.0926278E+05   3.9023439E+05   1.1994972E+06   2.8047594E-05   1.0035860E-08   1.8925348E-05
   1.4492754E-01   8.2464483E+05   4.1107215E+05   1.2357170E+06   1.1106446E-05   1.6604514E-08   7.4067455E-06
   1.5942029E-01   8.4342981E+05   4.2736349E+05   1.2707244E+06   1.1514695E-04   6.3851513E-09   7.6427110E-05
   1.7391304E-01   8.5554786E+05   4.2692148E+05   1.2824693E+06   7.5333804E-05   5.9288634E-09   5.0254653E-05
   1.8840580E-01   8.7244636E+05   4.3721407E+05   1.3096604E+06   5.3050158E-05   9.2714733E-09   3.5342014E-05
   2.0289855E-01   8.5543059E+05   4.4116512E+05   1.2965416E+06   1.3231491E-04   3.3971133E-09   8.7298573E-05
   2.1739130E-01   8.5891979E+05   4.2362532E+05   1.2824946E+06   4.9480829E-05   4.0745282E-09   3.3137248E-05
   2.3188406E-01   8.5141188E+05   4.3101010E+05   1.2821378E+06   1.7382944E-04   3.6706066E-08   1.1542072E-04
   2.4637681E-01   8.3266347E+05   4.1755749E+05   1.2501318E+06   5.7782166E-05   6.4306724E-10   3.8486576E-05
   2.6086957E-01   8.0370604E+05   4.0320011E+05   1.2068641E+06   6.7167664E-05   1.1758751E-08   4.4730480E-05
   2.7536232E-01   7.7624141E+05   3.9198915E+05   1.1680312E+06   8.8200675E-05   3.9733113E-09   5.8616276E-05
   2.8985507E-01   7.4246829E+05   3.7451136E+05   1.1169039E+06   9.5557355E-05   3.4168803E-09   6.3522411E-05
   3.0434783E-01   7.1541168E+05   3.6360536E+05   1.0789810E+06   8.1065287E-05   1.7731078E-08   5.3749369E-05
   3.1884058E-01   6.8044754E+05   3.3877718E+05   1.0191903E+06   4.3885661E-05   7.5993881E-09   2.9302027E-05
   3.3333333E-01   6.4559165E+05   3.2329000E+05   9.6881577E+05   1.1558517E-04   2.1582338E-08   7.7015671E-05
   3.4782609E-01   6.1689238E+05   3.0435757E+05   9.2118680E+05   9.7206365E-05   3.4751824E-09   6.5096145E-05
   3.6231884E-01   5.7878959E+05   2.9194079E+05   8.7073038E+05   9.1584245E-05   1.4600609E-08   6.0882519E-05
   3.7681159E-01   5.4670702E+05   2.7150288E+05   8.1812247E+05   1.4622345E-04   1.8757409E-09   9.7713111E-05
   3.9130435E-01   5.0917099E+05   2.5575016E+05   7.6486502E+05   1.8631705E-04   1.7809020E-06   1.2382170E-04
   4.0579710E-01   4.7867309E+05   2.3424888E+05   7.1289491E+05   1.7289477E-04   4.3311882E-08   1.1608415E-04
   4.2028986E-01   4.4176049E+05   2.2562263E+05   6.6725247E+05   1.6007589E-04   4.0277358E-08   1.0596763E-04
   4.3478261E-01   4.1332010E+05   2.0809975E+05   6.2141985E+05   1.8800934E-04   4.9686868E-08   1.2506134E-04
   4.4927536E-01   3.8571242E+05   1.9302731E+05   5.7871528E+05   8.2108160E-05   7.6938631E-09   5.4725924E-05
   4.6376812E-01   3.5677558E+05   1.8751615E+05   5.4426805E+05   3.9966097E-05   3.6043833E-08   2.6197907E-05
   4.7826087E-01   3.3893791E+05   1.6943451E+05   5.0832651E+05   2.7881224E-04   1.2910931E-08   1.8590472E-04
   4.9275362E-01   3.0839883E+05   1.5618290E+05   4.6453716E+05   2.0973377E-04   1.4140746E-08   1.3923935E-04
   5.0724638E-01   2.8547188E+05   1.4559369E+05   4.3106557E+05   1.4277144E-04   1.4572113E-08   9.4552557E-05
   5.2173913E-01   2.6874394E+05   1.3401415E+05   4.0265285E+05   6.1531846E-05   5.5601291E-08   4.1065948E-05
   5.3623188E-01   2.4716551E+05   1.2236423E+05   3.6952975E+05   7.8120349E-05   3.2401588E-08   5.2243398E-05
   5.5072464E-01   2.3027219E+05   1.1419889E+05   3.4447108E+05   2.0515277E-04   4.3357675E-08   1.3713334E-04
   5.6521739E-01   2.1082566E+05   1.0662715E+05   3.1745281E+05   1.2125457E-04   4.7197104E-08   8.0542500E-05
   5.7971014E-01   1.9560972E+05   9.9396110E+04   2.9498689E+05   2.3236600E-04   5.8018435E-08   1.5410183E-04
   5.9420290E-01   1.7973145E+05   9.0725107E+04   2.7045655E+05   1.2744306E-04   5.1682388E-07   8.4841009E-05
   6.0869565E-01   1.6755001E+05   8.3531449E+04   2.5106342E+05   1.7849177E-04   2.3100577E-08   1.1912494E-04
   6.2318841E-01   1.5226983E+05   7.5139284E+04   2.2740911E+05   2.3389089E-04   1.1028147E-07   1.5664634E-04
   6.3768116E-01   1.4279892E+05   7.0658946E+04   2.1345787E+05   1.3811757E-04   1.4948171E-08   9.2400625E-05
   6.5217391E-01   1.2915201E+05   6.7253340E+04   1.9640535E+05   8.4020854E-05   2.5587667E-08   5.5253955E-05
   6.6666667E-01   1.1980476E+05   5.9317604E+04   1.7910589E+05   4.1538332E-04   3.2721023E-09   2.7785270E-04
   6.8115942E-01   1.1008141E+05   5.3492985E+04   1.6357439E+05   1.6190185E-04   2.0301502E-08   1.0895461E-04
   6.9565217E-01   9.9721305E+04   5.0610496E+04   1.5033180E+05   4.1487549E-04   1.4103853E-08   2.7520859E-04
   7.1014493E-01   9.3727389E+04   4.5325025E+04   1.3903695E+05   3.0916788E-04   2.2940124E-08   2.0842281E-04
   7.2463768E-01   8.5442388E+04   4.3160682E+04   1.2860307E+05   2.4428970E-04   5.7118321E-09   1.6230415E-04
   7.3913043E-01   7.8685754E+04   3.9714317E+04   1.1840007E+05   5.8287827E-04   2.5447750E-08   3.8736038E-04
   7.5362319E-01   7.2203563E+04   3.5307615E+04   1.0751118E+05   3.4444179E-04   5.5200010E-09   2.3132506E-04
   7.6811594E-01   6.5379809E+04   3.3669243E+04   9.9049052E+04   2.7368933E-04   5.0800069E-09   1.8065411E-04
   7.8260870E-01   6.2022151E+04   3.0576078E+04   9.2598229E+04   3.2778902E-04   1.4784141E-08   2.1955714E-04
   7.9710145E-01   5.4019737E+04   2.7829602E+04   8.1849339E+04   1.7529491E-04   3.1630465E-08   1.1569996E-04
   8.1159420E-01   4.9415257E+04   2.4437008E+04   7.3852265E+04   6.3348478E-04   9.3565736E-08   4.2390004E-04
   8.2608696E-01   4.5716780E+04   2.3556305E+04   6.9273085E+04   6.0976538E-04   1.4710220E-08   4.0241956E-04
   8.4057971E-01   4.0943910E+04   2.0785501E+04   6.1729411E+04   4.6454021E-04   3.6436857E-09   3.0812142E-04
   8.5507246E-01   3.6512634E+04   1.8712243E+04   5.5224877E+04   1.1776560E-04   2.5542738E-09   7.7861699E-05
   8.6956522E-01   3.2986804E+04   1.6569175E+04   4.9555979E+04   1.5910691E-04   1.3707574E-08   1.0590454E-04
   8.8405797E-01   2.9539309E+04   1.4521216E+04   4.4060525E+04   7.2499877E-05   1.2585778E-07   4.8579292E-05
   8.9855072E-01   2.5274185E+04   1.2514877E+04   3.7789062E+04   2.1711358E-04   1.3422787E-09   1.4521051E-04
   9.1304348E-01   2.2659935E+04   1.0933058E+04   3.3592993E+04   2.5064546E-04   7.3071461E-08   1.6907373E-04
   9.2753623E-01   1.8836860E+04   9.8032184E+03   2.8640079E+04   3.2296017E-04   8.4157850E-09   2.1241198E-04
   9.4202899E-01   1.6297167E+04   7.6822842E+03   2.3979452E+04   9.7822950E-05   0.0000000E+00   6.6483464E-05
   9.5652174E-01   1.2445251E+04   6.0389318E+03   1.8484183E+04   1.0325767E-04   3.1239312E-08   6.9525862E-05
   9.7101449E-01   9.0136737E+03   4.5464201E+03   1.3560094E+04   6.4181727E-04   0.0000000E+00   4.2662916E-04
   9.8550725E-01   3.7552539E+03   2.0057736E+03   5.7610274E+03   2.7945336E-08   7.3327397E-08   4.2356119E-08
   1.0000000E+00   0.0000000E+00   0.0000000E+00   0.0000000E+00   0.0000000E+00   0.0000000E+00   0.0000000E+00
