   0.0000000E+00   6.4256071E+05   3.1521846E+05   9.5777917E+05   0.0000000E+00   0.0000000E+00   0.0000000E+00
   1.4492754E-02   7.0999927E+05   3.5158982E+05   1.0615891E+06   5.3425579E-04   0.0000000E+00   3.5731455E-04
   2.8985507E-02   7.0166417E+05   3.4136038E+05   1.0430245E+06   1.0592792E-04   1.3917709E-08   7.1260681E-05
   4.3478261E-02   6.9004554E+05   3.3719282E+05   1.0272384E+06   1.1286780E-04   4.2767492E-08   7.5829408E-05
   5.7971014E-02   6.9920153E+05   3.5007435E+05   1.0492759E+06   3.9451205E-04   2.5111226E-06   2.6366703E-04
   7.2463768E-02   7.2091068E+05   3.5886409E+05   1.0797748E+06   2.2161050E-04   1.2981840E-08   1.4796005E-04
   8.6956522E-02   7.2818495E+05   3.7078582E+05   1.0989708E+06   3.1075147E-04   1.5940930E-08   2.0591032E-04
   1.0144928E-01   7.4593764E+05   3.7897659E+05   1.1249142E+06   2.7184017E-04   1.8717431E-08   1.8025303E-04
   1.1594203E-01   7.7933218E+05   3.9752761E+05   1.1767651E+06   2.4534356E-04   1.1682977E-08   1.6248305E-04
   1.3043478E-01   7.9553933E+05   4.1262972E+05   1.2080007E+06   1.6607598E-04   1.0531520E-08   1.0937170E-04
   1.4492754E-01   8.2509948E+05   4.1675518E+05   1.2417031E+06   1.1217471E-04   2.1222727E-08   7.4531920E-05
   1.5942029E-01   8.3633464E+05   4.1951058E+05   1.2558452E+06   2.2334418E-04   1.6508120E-08   1.4873227E-04
   1.7391304E-01   8.6148347E+05   4.3007871E+05   1.2914990E+06   2.3137230E-04   3.4918546E-09   1.5433431E-04
   1.8840580E-01   8.8276324E+05   4.2648918E+05   1.3091358E+06   1.3429765E-04   3.3858691E-09   9.0557157E-05
   2.0289855E-01   8.5894866E+05   4.4830950E+05   1.3070417E+06   1.9883330E-04   4.5291042E-09   1.3066660E-04
   2.1739130E-01   8.6553736E+05   4.3196043E+05   1.2973462E+06   1.8725353E-04   1.1055096E-07   1.2496098E-04
   2.3188406E-01   8.4913867E+05   4.3129425E+05   1.2803856E+06   2.6398077E-04   2.2609592E-08   1.7506326E-04
   2.4637681E-01   8.2250088E+05   4.1720090E+05   1.2395235E+06   1.2135805E-05   8.2267178E-09   8.0550671E-06
   2.6086957E-01   8.1503000E+05   4.1031441E+05   1.2251339E+06   9.1658326E-05   3.5556087E-08   6.0964563E-05
   2.7536232E-01   7.7400808E+05   3.8883856E+05   1.1627669E+06   6.9409640E-05   9.0574324E-08   4.6192650E-05
   2.8985507E-01   7.5269774E+05   3.7443558E+05   1.1270197E+06   1.7361266E-04   2.1520625E-08   1.1594659E-04
   3.0434783E-01   7.1393229E+05   3.6393010E+05   1.0777181E+06   1.1466204E-04   2.4348997E-08   7.5958855E-05
   3.1884058E-01   6.8037866E+05   3.4108484E+05   1.0212913E+06   8.1262578E-05   4.1009778E-08   5.4135200E-05
   3.3333333E-01   6.4058400E+05   3.2503609E+05   9.6562010E+05   2.0491040E-05   7.6858175E-09   1.3595626E-05
   3.4782609E-01   6.1585049E+05   3.0530474E+05   9.2102894E+05   1.5147211E-04   4.4369048E-08   1.0126958E-04
   3.6231884E-01   5.7609205E+05   2.9606288E+05   8.7200338E+05   1.7892386E-04   6.9278998E-08   1.1823001E-04
   3.7681159E-01   5.4198574E+05   2.7409667E+05   8.1599498E+05   2.7464125E-04   1.2686363E-08   1.8241874E-04
   3.9130435E-01   5.0810454E+05   2.5443114E+05   7.6250762E+05   1.2205808E-04   7.1661019E-08   8.1311591E-05
   4.0579710E-01   4.7880840E+05   2.3855175E+05   7.1733308E+05   5.0463016E-05   1.0134426E-08   3.3686549E-05
   4.2028986E-01   4.5391040E+05   2.2557037E+05   6.7945465E+05   1.9687213E-04   2.0351315E-08   1.3151554E-04
   4.3478261E-01   4.1127421E+05   2.0948894E+05   6.2071263E+05   3.4291133E-04   3.5097734E-08   2.2721788E-04
   4.4927536E-01   3.8737455E+05   1.9446945E+05   5.8179511E+05   2.3890777E-04   3.0110959E-08   1.5908116E-04
   4.6376812E-01   3.6376097E+05   1.8162001E+05   5.4538098E+05   2.1213587E-04   4.6871006E-09   1.4149083E-04
   4.7826087E-01   3.3305972E+05   1.6700057E+05   5.0003733E+05   4.3818024E-04   1.6605277E-08   2.9185811E-04
   4.9275362E-01   3.0868855E+05   1.5535831E+05   4.6398000E+05   2.8961696E-04   6.6135841E-09   1.9268431E-04
   5.0724638E-01   2.8707396E+05   1.4319058E+05   4.3022124E+05   3.0043905E-04   2.8324994E-08   2.0047070E-04
   5.2173913E-01   2.6716533E+05   1.3239344E+05   3.9957981E+05   4.2336090E-05   8.7719111E-07   2.8084322E-05
   5.3623188E-01   2.4689928E+05   1.2256903E+05   3.6944783E+05   5.0159947E-05   2.9690866E-08   3.3520188E-05
   5.5072464E-01   2.2470881E+05   1.1571437E+05   3.4040324E+05   1.2433090E-04   2.7459100E-08   8.2072716E-05
   5.6521739E-01   2.0754213E+05   1.0550026E+05   3.1302297E+05   4.4771050E-04   8.6883013E-07   2.9675536E-04
   5.7971014E-01   1.9559078E+05   9.8032184E+04   2.9362297E+05   1.5127124E-04   2.9306038E-08   1.0077442E-04
   5.9420290E-01   1.8082185E+05   9.0540293E+04   2.7136214E+05   2.4789294E-04   1.6585817E-08   1.6518774E-04
   6.0869565E-01   1.6616083E+05   8.4686095E+04   2.5084693E+05   2.8859462E-04   2.2397265E-08   1.9115732E-04
   6.2318841E-01   1.5100106E+05   7.6601892E+04   2.2760295E+05   9.7799270E-05   1.3357762E-07   6.4883031E-05
   6.3768116E-01   1.4111124E+05   7.2570509E+04   2.1368174E+05   4.8589000E-04   3.3823558E-08   3.2086402E-04
   6.5217391E-01   1.3115580E+05   6.5098000E+04   1.9625380E+05   4.1300522E-04   3.5770277E-07   2.7590283E-04
   6.6666667E-01   1.1917880E+05   5.8296307E+04   1.7747511E+05   1.4514198E-04   6.0398213E-09   9.7464408E-05
   6.8115942E-01   1.1093587E+05   5.4202356E+04   1.6512211E+05   2.0401982E-04   4.6046224E-07   1.3701326E-04
   6.9565217E-01   9.9516085E+04   5.0468420E+04   1.4998450E+05   4.9856382E-04   2.8058362E-09   3.3080111E-04
   7.1014493E-01   9.1392323E+04   4.5788945E+04   1.3718127E+05   8.5826858E-05   6.6636988E-09   5.7180285E-05
   7.2463768E-01   8.6048578E+04   4.2675730E+04   1.2872431E+05   2.7212447E-04   1.2381919E-09   1.8190784E-04
   7.3913043E-01   7.7616009E+04   3.9640029E+04   1.1725604E+05   3.1674058E-05   1.6569366E-08   2.0971042E-05
   7.5362319E-01   6.9711775E+04   3.5744771E+04   1.0545655E+05   2.6681126E-04   1.0870598E-08   1.7637269E-04
   7.6811594E-01   6.6409187E+04   3.3540571E+04   9.9949758E+04   2.9553353E-04   1.6257689E-08   1.9635474E-04
   7.8260870E-01   5.9945391E+04   2.9607859E+04   8.9553250E+04   2.5690155E-04   3.8079046E-08   1.7197773E-04
   7.9710145E-01   5.3730419E+04   2.6286574E+04   8.0016994E+04   2.1327957E-04   2.2890376E-08   1.4322114E-04
   8.1159420E-01   5.0010621E+04   2.4545256E+04   7.4555877E+04   3.9338993E-04   6.9373889E-08   2.6390100E-04
   8.2608696E-01   4.5278090E+04   2.2732101E+04   6.8010191E+04   4.5770765E-04   2.6260312E-08   3.0472083E-04
   8.4057971E-01   4.0878588E+04   2.0667921E+04   6.1546509E+04   8.9859410E-04   1.9681702E-07   5.9688706E-04
   8.5507246E-01   3.7334585E+04   1.8429697E+04   5.5764283E+04   1.0720580E-03   2.5221582E-07   7.1767145E-04
   8.6956522E-01   3.3883459E+04   1.5760923E+04   4.9644382E+04   7.8489153E-04   8.9548680E-08   5.3572251E-04
   8.8405797E-01   2.9154229E+04   1.4272778E+04   4.3427007E+04   1.9013781E-04   6.7187005E-08   1.2766175E-04
   8.9855072E-01   2.5653053E+04   1.2881524E+04   3.8534577E+04   5.3098045E-04   5.5548861E-07   3.5352709E-04
   9.1304348E-01   2.2563715E+04   1.0524121E+04   3.3087835E+04   3.0074275E-04   0.0000000E+00   2.0508666E-04
   9.2753623E-01   1.9464361E+04   9.5782653E+03   2.9042626E+04   2.4369367E-04   3.5636334E-08   1.6333201E-04
   9.4202899E-01   1.6180593E+04   7.5890243E+03   2.3769617E+04   5.7414261E-04   2.3099901E-10   3.9083376E-04
   9.5652174E-01   1.2594502E+04   7.0377665E+03   1.9632269E+04   5.8696336E-04   2.3504353E-08   3.7655352E-04
   9.7101449E-01   8.9910547E+03   4.8857052E+03   1.3876760E+04   2.3405006E-04   0.0000000E+00   1.5164613E-04
   9.8550725E-01   3.7998266E+03   1.8943417E+03   5.6941683E+03   3.5653450E-08   9.3249666E-09   2.4225974E-08
   1.0000000E+00   0.0000000E+00   0.0000000E+00   0.0000000E+00   0.0000000E+00   0.0000000E+00   0.0000000E+00
