   0.0000000E+00   6.8499396E+05   3.1521846E+05   1.0002124E+06   0.0000000E+00   0.0000000E+00   0.0000000E+00
   1.4492754E-02   6.3043692E+05   3.7356419E+05   1.0032434E+06   8.9928972E-05   1.5398513E-08   5.6512702E-05
   2.8985507E-02   7.3045816E+05   3.4704340E+05   1.0775016E+06   2.6532992E-05   0.0000000E+00   1.7987204E-05
   4.3478261E-02   7.0292706E+05   3.5209498E+05   1.0550220E+06   3.4302720E-04   4.5898664E-10   2.2854792E-04
   5.7971014E-02   6.9503397E+05   3.4969548E+05   1.0449189E+06   1.0459246E-04   8.4104583E-09   6.9571257E-05
   7.2463768E-02   7.2212306E+05   3.7568585E+05   1.0978089E+06   1.2348351E-04   9.2396774E-08   8.1257174E-05
   8.6956522E-02   7.3209993E+05   3.5992492E+05   1.0920249E+06   2.1118012E-04   1.5204621E-09   1.4157593E-04
   1.0144928E-01   7.4366443E+05   3.6977550E+05   1.1133317E+06   1.3104401E-04   2.5373412E-09   8.7532391E-05
   1.1594203E-01   7.9391861E+05   3.8407778E+05   1.1778070E+06   1.1419736E-04   4.1995788E-08   7.6962955E-05
   1.3043478E-01   8.0682118E+05   3.9747499E+05   1.2042120E+06   2.3263296E-04   5.7007165E-08   1.5587213E-04
   1.4492754E-01   8.2934280E+05   4.1774023E+05   1.2470830E+06   8.9003134E-05   1.1169428E-08   5.9185672E-05
   1.5942029E-01   8.3289039E+05   4.1289761E+05   1.2457880E+06   1.1293469E-04   4.2106622E-09   7.5503160E-05
   1.7391304E-01   8.5447440E+05   4.2698462E+05   1.2813959E+06   7.2305090E-05   2.6395529E-08   4.8206630E-05
   1.8840580E-01   8.6253750E+05   4.3080245E+05   1.2930485E+06   1.1954142E-04   6.5568083E-09   7.9739611E-05
   2.0289855E-01   8.7356215E+05   4.3450786E+05   1.3079618E+06   3.3651425E-05   3.4995542E-08   2.2486740E-05
   2.1739130E-01   8.5644452E+05   4.2306965E+05   1.2794636E+06   3.7722139E-05   6.9913713E-09   2.5250005E-05
   2.3188406E-01   8.4331357E+05   4.2068594E+05   1.2638101E+06   1.1561784E-04   4.3682930E-09   7.7150090E-05
   2.4637681E-01   8.3337663E+05   4.2763093E+05   1.2607847E+06   9.4505435E-05   1.9248051E-08   6.2467412E-05
   2.6086957E-01   8.0955745E+05   4.0770443E+05   1.2172198E+06   3.6684991E-05   3.3496398E-09   2.4399149E-05
   2.7536232E-01   7.8014974E+05   3.9226832E+05   1.1723383E+06   4.9449211E-05   1.1965508E-08   3.2909729E-05
   2.8985507E-01   7.5409955E+05   3.7841370E+05   1.1324375E+06   1.5209564E-04   1.5693671E-08   1.0127972E-04
   3.0434783E-01   7.1432920E+05   3.5660532E+05   1.0707541E+06   5.5702101E-05   1.7076609E-09   3.7160944E-05
   3.1884058E-01   6.8492508E+05   3.4111928E+05   1.0259410E+06   2.2891569E-05   5.9642040E-09   1.5283941E-05
   3.3333333E-01   6.4644823E+05   3.2777053E+05   9.7415287E+05   4.6740391E-05   1.2664908E-08   3.1020299E-05
   3.4782609E-01   6.1468231E+05   3.0653606E+05   9.2096579E+05   1.3150693E-04   7.1333384E-09   8.7773092E-05
   3.6231884E-01   5.8527581E+05   2.9163769E+05   8.7685289E+05   7.1162362E-05   1.5449429E-08   4.7493832E-05
   3.7681159E-01   5.4277262E+05   2.7365952E+05   8.1637385E+05   6.0751281E-05   5.2669139E-08   4.0375033E-05
   3.9130435E-01   5.0962002E+05   2.5168084E+05   7.6127279E+05   7.9554127E-05   5.9710326E-08   5.3238080E-05
   4.0579710E-01   4.7769886E+05   2.3925536E+05   7.1690009E+05   1.8152439E-05   8.8415394E-09   1.2095107E-05
   4.2028986E-01   4.4912882E+05   2.2418554E+05   6.7315759E+05   1.3871864E-04   1.8316943E-09   9.2552687E-05
   4.3478261E-01   4.1786652E+05   2.0327549E+05   6.2111676E+05   1.6015069E-04   5.2225949E-08   1.0774513E-04
   4.4927536E-01   3.8576130E+05   1.9190293E+05   5.7766423E+05   1.4669110E-04   2.2065908E-07   9.7954234E-05
   4.6376812E-01   3.5997228E+05   1.8029397E+05   5.4019522E+05   5.9039194E-05   5.2144641E-08   3.9343669E-05
   4.7826087E-01   3.3365672E+05   1.6830939E+05   5.0192019E+05   1.8006431E-04   1.1369863E-08   1.1970331E-04
   4.9275362E-01   3.1263324E+05   1.6010530E+05   4.7273855E+05   2.0830516E-04   1.3122958E-08   1.3775952E-04
   5.0724638E-01   2.9045130E+05   1.4665452E+05   4.3708417E+05   1.7459915E-04   5.7938545E-08   1.1600544E-04
   5.2173913E-01   2.6954378E+05   1.3397206E+05   4.0349478E+05   1.5746551E-04   1.4972286E-08   1.0519537E-04
   5.3623188E-01   2.4268053E+05   1.2547710E+05   3.6809619E+05   1.8542199E-04   3.6029362E-08   1.2223661E-04
   5.5072464E-01   2.3336296E+05   1.1160664E+05   3.4492971E+05   1.1697960E-04   8.7883298E-09   7.9141336E-05
   5.6521739E-01   2.1086452E+05   1.0291619E+05   3.1376127E+05   2.2889629E-04   2.7983679E-09   1.5383136E-04
   5.7971014E-01   2.0068656E+05   9.6005238E+04   2.9669180E+05   6.9548411E-05   2.2534743E-08   4.7037837E-05
   5.9420290E-01   1.7908460E+05   9.0078258E+04   2.6918134E+05   1.7212050E-04   3.0286696E-08   1.1450786E-04
   6.0869565E-01   1.6720723E+05   8.1528859E+04   2.4873609E+05   1.6913454E-04   1.1161752E-08   1.1369588E-04
   6.2318841E-01   1.5253416E+05   7.7553469E+04   2.3007000E+05   3.4073969E-04   4.4180802E-09   2.2590578E-04
   6.3768116E-01   1.4014684E+05   7.0297299E+04   2.1042692E+05   2.4885858E-04   2.8185112E-09   1.6574228E-04
   6.5217391E-01   1.2932039E+05   6.4744390E+04   1.9401427E+05   1.9791746E-04   1.1338319E-08   1.3192563E-04
   6.6666667E-01   1.1972240E+05   5.9416440E+04   1.7913884E+05   3.4835761E-05   4.2063166E-09   2.3282442E-05
   6.8115942E-01   1.0766310E+05   5.4347455E+04   1.6201055E+05   1.4465652E-04   9.2767576E-09   9.6130327E-05
   6.9565217E-01   9.9958098E+04   5.1131440E+04   1.5108954E+05   2.5461340E-04   5.4213572E-09   1.6844679E-04
   7.1014493E-01   9.1701603E+04   4.5294097E+04   1.3699570E+05   4.4488188E-04   2.7636385E-09   2.9779406E-04
   7.2463768E-01   8.4502795E+04   4.3403157E+04   1.2790595E+05   1.4696299E-04   5.2844696E-09   9.7093613E-05
   7.3913043E-01   7.8002306E+04   3.9001153E+04   1.1700346E+05   3.4362781E-04   9.0661730E-09   2.2908250E-04
   7.5362319E-01   7.0309221E+04   3.6152783E+04   1.0644743E+05   1.2350653E-04   1.0704975E-10   8.1576841E-05
   7.6811594E-01   6.5236839E+04   3.2168067E+04   9.7404906E+04   3.9209176E-04   1.2465816E-07   2.6256685E-04
   7.8260870E-01   6.0422484E+04   3.0786561E+04   9.1195013E+04   2.0312896E-04   4.0310065E-09   1.3458694E-04
   7.9710145E-01   5.5631650E+04   2.7953595E+04   8.3585245E+04   1.7978082E-04   2.3357704E-09   1.1965556E-04
   8.1159420E-01   4.9509974E+04   2.4937656E+04   7.4447629E+04   1.6269193E-04   7.0818910E-09   1.0819715E-04
   8.2608696E-01   4.5424320E+04   2.3516424E+04   6.8940745E+04   2.6056866E-04   2.9681687E-09   1.7168602E-04
   8.4057971E-01   4.0356011E+04   2.0471955E+04   6.0827966E+04   5.9802755E-05   2.3325646E-09   3.9676461E-05
   8.5507246E-01   3.6384204E+04   1.8519598E+04   5.4903802E+04   4.4608592E-05   6.3463051E-09   2.9561668E-05
   8.6956522E-01   3.2961546E+04   1.5571489E+04   4.8533035E+04   4.5266017E-04   5.3618664E-09   3.0742557E-04
   8.8405797E-01   2.9439933E+04   1.4583326E+04   4.4023259E+04   1.8737635E-04   4.5450441E-08   1.2530997E-04
   8.9855072E-01   2.4809766E+04   1.2502655E+04   3.7312421E+04   3.2250074E-04   6.0051157E-09   2.1443773E-04
   9.1304348E-01   2.2311136E+04   1.0969141E+04   3.3280276E+04   7.2224916E-04   9.2516349E-09   4.8419629E-04
   9.2753623E-01   1.8765823E+04   9.4835482E+03   2.8249371E+04   5.6666467E-04   8.4151217E-09   3.7643238E-04
   9.4202899E-01   1.6600262E+04   7.6706267E+03   2.4270889E+04   5.3902548E-04   1.6456356E-08   3.6867080E-04
   9.5652174E-01   1.1894170E+04   6.6244556E+03   1.8518625E+04   5.9050647E-04   1.9966443E-08   3.7926522E-04
   9.7101449E-01   9.2511732E+03   4.5124916E+03   1.3763665E+04   4.9245863E-04   0.0000000E+00   3.3100342E-04
   9.8550725E-01   3.9558312E+03   1.8274826E+03   5.7833138E+03   0.0000000E+00   0.0000000E+00   0.0000000E+00
   1.0000000E+00   0.0000000E+00   0.0000000E+00   0.0000000E+00   0.0000000E+00   0.0000000E+00   0.0000000E+00
