   0.0000000E+00   8.1835562E+05   3.1521846E+05   1.1335741E+06   0.0000000E+00   0.0000000E+00   0.0000000E+00
   1.4492754E-02   6.8044754E+05   3.4098151E+05   1.0214291E+06   6.9090793E-04   0.0000000E+00   4.6026359E-04
   2.8985507E-02   6.7968981E+05   3.4818001E+05   1.0278698E+06   5.4923580E-04   5.1905909E-09   3.6318862E-04
   4.3478261E-02   7.0065385E+05   3.5285272E+05   1.0535066E+06   2.8517212E-04   1.8396089E-08   1.8966419E-04
   5.7971014E-02   7.0962040E+05   3.4590680E+05   1.0555272E+06   1.5176587E-04   1.4387748E-08   1.0203437E-04
   7.2463768E-02   6.9711775E+05   3.6901777E+05   1.0661355E+06   1.6901658E-04   1.8129725E-08   1.1050931E-04
   8.6956522E-02   7.6127279E+05   3.6826003E+05   1.1295328E+06   2.1802997E-04   2.5700230E-09   1.4694676E-04
   1.0144928E-01   7.5665420E+05   3.7800236E+05   1.1345483E+06   1.6074695E-04   1.9314402E-07   1.0723579E-04
   1.1594203E-01   7.6976575E+05   3.9440194E+05   1.1640730E+06   6.4514205E-05   5.0413253E-08   4.2644285E-05
   1.3043478E-01   8.1481951E+05   4.0825169E+05   1.2229870E+06   1.4876054E-04   1.1794965E-08   9.9115743E-05
   1.4492754E-01   8.1630973E+05   4.2289284E+05   1.2391268E+06   9.9865980E-05   5.7291846E-08   6.5786446E-05
   1.5942029E-01   8.4625411E+05   4.2791457E+05   1.2740309E+06   2.4307656E-04   3.4478520E-08   1.6145945E-04
   1.7391304E-01   8.6009428E+05   4.3014186E+05   1.2901098E+06   2.0690518E-04   9.5288921E-09   1.3793928E-04
   1.8840580E-01   8.6894911E+05   4.4001186E+05   1.3087861E+06   1.0681914E-04   3.6162031E-09   7.0919769E-05
   2.0289855E-01   8.6279146E+05   4.2417017E+05   1.2869075E+06   1.2129890E-04   5.4916553E-09   8.1324927E-05
   2.1739130E-01   8.4366402E+05   4.3827490E+05   1.2817874E+06   8.8048335E-05   5.4218790E-09   5.7954586E-05
   2.3188406E-01   8.4118244E+05   4.2352745E+05   1.2646152E+06   9.7713492E-05   7.4231109E-09   6.4994885E-05
   2.4637681E-01   8.3074684E+05   4.1367966E+05   1.2443374E+06   1.5773207E-04   1.0429669E-08   1.0530365E-04
   2.6086957E-01   7.9288725E+05   4.0185302E+05   1.1944035E+06   3.2174471E-05   7.1447676E-08   2.1343166E-05
   2.7536232E-01   7.8022950E+05   3.8740285E+05   1.1675127E+06   6.6727191E-05   1.5044057E-08   4.4597653E-05
   2.8985507E-01   7.4682528E+05   3.8394518E+05   1.1306189E+06   1.5550885E-04   4.6252557E-09   1.0271913E-04
   3.0434783E-01   7.1963335E+05   3.6068266E+05   1.0802078E+06   8.0938197E-05   5.6202852E-08   5.3935285E-05
   3.1884058E-01   6.8437400E+05   3.3850164E+05   1.0227723E+06   1.1764421E-04   4.0183093E-08   7.8726399E-05
   3.3333333E-01   6.4289016E+05   3.2421247E+05   9.6703673E+05   1.8590656E-04   2.2098979E-08   1.2358410E-04
   3.4782609E-01   6.1373514E+05   3.0653606E+05   9.2017649E+05   2.0979878E-04   4.3861270E-09   1.3993105E-04
   3.6231884E-01   5.7293986E+05   2.9354719E+05   8.6627489E+05   1.8304727E-04   1.0878328E-08   1.2106710E-04
   3.7681159E-01   5.4195659E+05   2.6925882E+05   8.1115712E+05   9.8354261E-05   2.4464393E-08   6.5721277E-05
   3.9130435E-01   5.1211774E+05   2.5443114E+05   7.6646469E+05   9.4186184E-05   1.8955053E-08   6.2935340E-05
   4.0579710E-01   4.7201583E+05   2.3782107E+05   7.0978278E+05   1.4338456E-04   5.3212128E-07   9.5177065E-05
   4.2028986E-01   4.4204790E+05   2.1854171E+05   6.6048510E+05   2.1488287E-04   1.4519136E-07   1.4380105E-04
   4.3478261E-01   4.1339588E+05   2.0741779E+05   6.2073789E+05   1.0189110E-04   3.8342458E-08   6.7868683E-05
   4.4927536E-01   3.8915890E+05   1.9405392E+05   5.8311504E+05   2.0062044E-04   3.9723081E-08   1.3388034E-04
   4.6376812E-01   3.5698870E+05   1.8098067E+05   5.3794569E+05   3.1803801E-04   2.2611130E-07   2.1101625E-04
   4.7826087E-01   3.2899549E+05   1.6789608E+05   4.9684565E+05   3.9164452E-04   3.6086213E-08   2.5932636E-04
   4.9275362E-01   3.0962458E+05   1.5464514E+05   4.6424744E+05   4.2645273E-04   3.5457069E-07   2.8436387E-04
   5.0724638E-01   2.8962861E+05   1.4492255E+05   4.3452951E+05   1.9313889E-04   1.8777825E-07   1.2867929E-04
   5.2173913E-01   2.6775468E+05   1.3376157E+05   4.0147415E+05   2.8209138E-04   2.4669862E-08   1.8814271E-04
   5.3623188E-01   2.5050365E+05   1.2310149E+05   3.7360514E+05   3.8049842E-04   5.8482164E-08   2.5514125E-04
   5.5072464E-01   2.3045165E+05   1.1539532E+05   3.4584697E+05   5.4418546E-04   2.2722876E-08   3.6260564E-04
   5.6521739E-01   2.1389547E+05   1.0792890E+05   3.2180494E+05   3.6035911E-04   4.1130091E-08   2.3951768E-04
   5.7971014E-01   1.9504142E+05   9.7672259E+04   2.9271368E+05   3.2832446E-04   1.5028402E-07   2.1877668E-04
   5.9420290E-01   1.8011955E+05   9.0799032E+04   2.7088162E+05   1.4957815E-04   3.2003367E-08   9.9463719E-05
   6.0869565E-01   1.6630516E+05   8.3964441E+04   2.5026960E+05   4.1292235E-04   2.8516336E-08   2.7438345E-04
   6.2318841E-01   1.5434920E+05   7.6196591E+04   2.3052817E+05   7.0313597E-04   1.7400507E-07   4.7081396E-04
   6.3768116E-01   1.4119734E+05   7.1123921E+04   2.1230404E+05   9.2103021E-05   2.4339988E-08   6.1262618E-05
   6.5217391E-01   1.3182934E+05   6.6310379E+04   1.9812288E+05   1.3196525E-04   1.4389079E-08   8.7807471E-05
   6.6666667E-01   1.1843754E+05   5.9564692E+04   1.7800223E+05   5.4424563E-04   5.2814333E-08   3.6213462E-04
   6.8115942E-01   1.1112934E+05   5.3573596E+04   1.6470294E+05   4.8752972E-04   1.4688416E-07   3.2893973E-04
   6.9565217E-01   1.0231024E+05   5.1163012E+04   1.5347325E+05   1.0041470E-03   4.0150795E-08   6.6938482E-04
   7.1014493E-01   9.5536678E+04   4.7953907E+04   1.4349059E+05   8.5934481E-04   4.0393583E-08   5.7216165E-04
   7.2463768E-01   8.5487853E+04   4.4373060E+04   1.2986091E+05   1.0133427E-03   6.4285647E-08   6.6706914E-04
   7.3913043E-01   7.8507464E+04   3.9357735E+04   1.1786520E+05   8.8078927E-04   6.0427249E-08   5.8669317E-04
   7.5362319E-01   7.3179877E+04   3.5642768E+04   1.0882265E+05   4.7927093E-04   3.6685143E-08   3.2228412E-04
   7.6811594E-01   6.6180436E+04   3.1767753E+04   9.7933892E+04   3.4706342E-04   2.0358448E-07   2.3459962E-04
   7.8260870E-01   6.0324259E+04   2.8892219E+04   8.9202446E+04   4.7596431E-04   3.1470417E-08   3.2188536E-04
   7.9710145E-01   5.5204562E+04   2.6934095E+04   8.2138657E+04   1.1746636E-04   3.9664158E-09   7.8949222E-05
   8.1159420E-01   4.9104043E+04   2.4815876E+04   7.3906389E+04   7.3162499E-04   1.5823339E-07   4.8607453E-04
   8.2608696E-01   4.6195350E+04   2.2612458E+04   6.8807808E+04   1.0373783E-03   1.2959482E-07   6.9645736E-04
   8.4057971E-01   4.2237288E+04   2.0275989E+04   6.2513276E+04   4.7749392E-04   1.2491795E-07   3.2261357E-04
   8.5507246E-01   3.6512634E+04   1.8917731E+04   5.5417522E+04   6.7834426E-04   1.8060596E-08   4.4693347E-04
   8.6956522E-01   3.2797369E+04   1.6064018E+04   4.8861387E+04   9.1958254E-04   3.4699355E-08   6.1726273E-04
   8.8405797E-01   2.9887122E+04   1.3539885E+04   4.3414585E+04   6.4888532E-04   2.4757662E-08   4.4669385E-04
   8.9855072E-01   2.6276353E+04   1.2881524E+04   3.9157876E+04   1.4891460E-03   8.7637490E-08   9.9927044E-04
   9.1304348E-01   2.2154777E+04   1.0776700E+04   3.2931477E+04   6.2447907E-04   9.8925208E-08   4.2011636E-04
   9.2753623E-01   1.9192049E+04   9.5782653E+03   2.8770315E+04   7.2174057E-04   2.5534694E-07   4.8139110E-04
   9.4202899E-01   1.6483687E+04   7.9154340E+03   2.4399121E+04   4.0211373E-04   9.2745556E-09   2.7166449E-04
   9.5652174E-01   1.2628945E+04   6.1652212E+03   1.8794166E+04   3.6812157E-04   1.4437424E-07   2.4740911E-04
   9.7101449E-01   9.0815307E+03   4.8630862E+03   1.3944617E+04   1.0348084E-03   1.2934171E-08   6.7392913E-04
   9.8550725E-01   4.1341222E+03   1.9389145E+03   6.0730367E+03   1.7515188E-03   0.0000000E+00   1.1923183E-03
   1.0000000E+00   0.0000000E+00   0.0000000E+00   0.0000000E+00   0.0000000E+00   0.0000000E+00   0.0000000E+00
