   0.0000000E+00   7.4561290E+05   3.5158982E+05   1.0972027E+06   3.4842349E-03   0.0000000E+00   2.3677397E-03
   1.4492754E-02   6.7968981E+05   3.5840945E+05   1.0380993E+06   4.3509823E-04   0.0000000E+00   2.8487818E-04
   2.8985507E-02   6.8234188E+05   3.5424190E+05   1.0365838E+06   7.6538573E-05   6.0450563E-09   5.0382593E-05
   4.3478261E-02   7.0671575E+05   3.4022377E+05   1.0466869E+06   1.2016210E-04   6.8690430E-09   8.1130984E-05
   5.7971014E-02   6.9976983E+05   3.5253699E+05   1.0523068E+06   7.4969095E-05   6.5107235E-10   4.9853232E-05
   7.2463768E-02   7.2348699E+05   3.6068266E+05   1.0841696E+06   2.6129260E-04   0.0000000E+00   1.7436551E-04
   8.6956522E-02   7.3399427E+05   3.7634255E+05   1.1103368E+06   2.4251073E-04   7.3024184E-10   1.6031282E-04
   1.0144928E-01   7.6639653E+05   3.8092506E+05   1.1472133E+06   1.5045626E-04   2.6121952E-08   1.0052056E-04
   1.1594203E-01   7.8018463E+05   3.8294118E+05   1.1630311E+06   1.6171848E-04   1.1347002E-10   1.0848401E-04
   1.3043478E-01   7.9764415E+05   4.0404204E+05   1.2016862E+06   1.3942972E-04   3.5552075E-09   9.2548836E-05
   1.4492754E-01   8.1206640E+05   4.1963458E+05   1.2316252E+06   1.7156246E-04   2.0658919E-08   1.1311835E-04
   1.5942029E-01   8.5452032E+05   4.3170325E+05   1.2862925E+06   1.0438840E-04   5.2308961E-09   6.9349148E-05
   1.7391304E-01   8.6602989E+05   4.2540600E+05   1.2914359E+06   6.9049985E-05   1.1356181E-08   4.6301925E-05
   1.8840580E-01   8.6999829E+05   4.3849639E+05   1.3084364E+06   4.5421798E-05   4.5491003E-09   3.0202943E-05
   2.0289855E-01   8.6690489E+05   4.4414194E+05   1.3109927E+06   1.2774103E-04   2.2070597E-08   8.4472371E-05
   2.1739130E-01   8.6255693E+05   4.2695936E+05   1.2894153E+06   8.6521994E-05   2.4982578E-08   5.7872296E-05
   2.3188406E-01   8.3171073E+05   4.2343273E+05   1.2550961E+06   4.4478212E-05   1.4516887E-08   2.9476748E-05
   2.4637681E-01   8.2735931E+05   4.1506141E+05   1.2423762E+06   8.3392427E-05   1.2218696E-05   5.3710909E-05
   2.6086957E-01   8.0496894E+05   4.0858846E+05   1.2133469E+06   1.6329791E-04   2.7322325E-09   1.0833584E-04
   2.7536232E-01   7.7747772E+05   3.9777188E+05   1.1752496E+06   4.4329943E-05   2.1358381E-08   2.9323883E-05
   2.8985507E-01   7.5315238E+05   3.7833793E+05   1.1314903E+06   1.3681417E-04   3.0113956E-08   9.1074190E-05
   3.0434783E-01   7.1046835E+05   3.5425994E+05   1.0646561E+06   1.1495101E-04   8.7547810E-09   7.6710277E-05
   3.1884058E-01   6.8296185E+05   3.4776670E+05   1.0306252E+06   1.2815944E-04   3.5186951E-09   8.4928285E-05
   3.3333333E-01   6.3765189E+05   3.2309233E+05   9.6064539E+05   1.0130033E-04   3.1240610E-09   6.7241257E-05
   3.4782609E-01   6.0978860E+05   3.0732537E+05   9.1705082E+05   4.3580725E-05   1.2050717E-08   2.8975025E-05
   3.6231884E-01   5.7312172E+05   2.9091027E+05   8.6391075E+05   2.6208206E-04   1.7895600E-07   1.7388646E-04
   3.7681159E-01   5.4670702E+05   2.7129888E+05   8.1797675E+05   1.7250661E-04   7.6671496E-09   1.1529873E-04
   3.9130435E-01   5.0218297E+05   2.5886530E+05   7.6096408E+05   1.5350979E-04   7.7696855E-09   1.0130314E-04
   4.0579710E-01   4.7285475E+05   2.3838937E+05   7.1116294E+05   7.1164417E-05   1.4946455E-07   4.7268546E-05
   4.2028986E-01   4.3972244E+05   2.2460360E+05   6.6419540E+05   1.2276783E-04   1.1036091E-08   8.1279354E-05
   4.3478261E-01   4.1652786E+05   2.0827656E+05   6.2470338E+05   2.4413799E-04   9.5916443E-09   1.6278078E-04
   4.4927536E-01   3.8603018E+05   1.9324730E+05   5.7927747E+05   8.8239465E-05   7.2514263E-09   5.8800516E-05
   4.6376812E-01   3.6601050E+05   1.8218831E+05   5.4819881E+05   8.6088308E-05   9.7257153E-09   5.7479134E-05
   4.7826087E-01   3.3397818E+05   1.6553102E+05   4.9950921E+05   1.8508853E-04   5.1749038E-09   1.2375420E-04
   4.9275362E-01   3.1595391E+05   1.5609376E+05   4.7202538E+05   1.0772605E-04   2.2534574E-08   7.2102018E-05
   5.0724638E-01   2.8298218E+05   1.4347203E+05   4.2645421E+05   2.1092229E-04   1.4633509E-08   1.3996535E-04
   5.2173913E-01   2.6642864E+05   1.3285650E+05   3.9926409E+05   1.2842654E-04   2.5024663E-08   8.5697696E-05
   5.3623188E-01   2.5214200E+05   1.2703353E+05   3.7909362E+05   2.6910076E-04   1.3782910E-08   1.7898439E-04
   5.5072464E-01   2.2903588E+05   1.1399949E+05   3.4303537E+05   1.8253639E-04   2.2803268E-08   1.2187986E-04
   5.6521739E-01   2.0783357E+05   1.0435394E+05   3.1216808E+05   5.6585625E-05   4.5801385E-09   3.7671856E-05
   5.7971014E-01   1.9602648E+05   9.6497767E+04   2.9250530E+05   5.0863720E-05   2.4659094E-07   3.4097070E-05
   5.9420290E-01   1.8281784E+05   9.2018804E+04   2.7483664E+05   2.0095512E-04   7.6070052E-08   1.3369238E-04
   6.0869565E-01   1.6666599E+05   8.3549490E+04   2.5021548E+05   1.9842280E-04   3.5595032E-09   1.3216832E-04
   6.2318841E-01   1.5419060E+05   7.6284700E+04   2.3042244E+05   5.5444707E-05   2.4010297E-07   3.7177452E-05
   6.3768116E-01   1.4152455E+05   6.8523506E+04   2.1004805E+05   1.9621531E-04   1.1877358E-08   1.3220113E-04
   6.5217391E-01   1.3036439E+05   6.4171878E+04   1.9451943E+05   3.6235733E-04   1.4873336E-07   2.4289399E-04
   6.6666667E-01   1.2120492E+05   6.0322429E+04   1.8152735E+05   2.9165014E-04   2.1021640E-08   1.9472868E-04
   6.8115942E-01   1.1032324E+05   5.3364009E+04   1.6368725E+05   2.8630951E-04   3.0693487E-08   1.9297158E-04
   6.9565217E-01   1.0270489E+05   4.9568608E+04   1.5224193E+05   3.5202538E-04   3.5027224E-08   2.3748251E-04
   7.1014493E-01   9.2165523E+04   4.6732250E+04   1.3889777E+05   2.6869952E-04   1.5176627E-08   1.7829032E-04
   7.2463768E-01   8.5684864E+04   4.3418312E+04   1.2908802E+05   2.9933894E-04   4.1730409E-08   1.9868708E-04
   7.3913043E-01   7.8789758E+04   3.9521168E+04   1.1828121E+05   1.7016274E-04   3.4163106E-08   1.1333779E-04
   7.5362319E-01   7.0090643E+04   3.6269358E+04   1.0636000E+05   6.6445856E-04   1.6232885E-06   4.3767718E-04
   7.6811594E-01   6.6595047E+04   3.2096582E+04   9.8691629E+04   6.1868246E-04   1.3846106E-08   4.1746988E-04
   7.8260870E-01   6.1236350E+04   3.1039140E+04   9.2275490E+04   1.9252210E-04   6.4200173E-07   1.2797523E-04
   7.9710145E-01   5.4171284E+04   2.6355460E+04   8.0526744E+04   2.3080666E-05   1.4975013E-07   1.5478505E-05
   8.1159420E-01   5.0430083E+04   2.5411241E+04   7.5841323E+04   4.3335603E-04   1.1182064E-08   2.8815567E-04
   8.2608696E-01   4.6487810E+04   2.2599164E+04   6.9086975E+04   2.9150945E-04   8.8178477E-07   1.9598300E-04
   8.4057971E-01   4.0447462E+04   2.0315182E+04   6.0762643E+04   2.8684722E-04   2.7417358E-08   1.9093550E-04
   8.5507246E-01   3.6615378E+04   1.8224209E+04   5.4839587E+04   2.1391626E-04   5.2163063E-09   1.4282629E-04
   8.6956522E-01   3.3327785E+04   1.6303968E+04   4.9631753E+04   3.1600136E-04   5.1346559E-08   2.1218012E-04
   8.8405797E-01   2.8707041E+04   1.4508794E+04   4.3215835E+04   3.1666062E-04   1.8887239E-08   2.1035457E-04
   8.9855072E-01   2.5298628E+04   1.2930410E+04   3.8229038E+04   3.0527559E-04   2.7866007E-09   2.0202024E-04
   9.1304348E-01   2.2575742E+04   1.1402133E+04   3.3977875E+04   4.1637876E-04   1.1864976E-08   2.7665287E-04
   9.2753623E-01   1.9109172E+04   9.2704347E+03   2.8379607E+04   2.6085950E-04   4.2633909E-07   1.7559828E-04
   9.4202899E-01   1.5084789E+04   7.6589693E+03   2.2743758E+04   3.7537841E-04   4.9161553E-08   2.4898596E-04
   9.5652174E-01   1.2686349E+04   6.0044892E+03   1.8690838E+04   2.6689762E-04   1.4548811E-08   1.8115698E-04
   9.7101449E-01   9.3981968E+03   4.4898726E+03   1.3888069E+04   5.4098212E-04   5.0588157E-08   3.6608223E-04
   9.8550725E-01   3.7998266E+03   1.9166281E+03   5.7164547E+03   2.3713995E-07   0.0000000E+00   1.5763104E-07
   1.0000000E+00   0.0000000E+00   0.0000000E+00   0.0000000E+00   0.0000000E+00   0.0000000E+00   0.0000000E+00
