   0.0000000E+00   6.7893207E+05   3.0309467E+05   9.8202674E+05   3.7810723E-08   0.0000000E+00   2.6140747E-08
   1.4492754E-02   6.9939096E+05   3.7204871E+05   1.0714397E+06   7.3815382E-04   3.0600232E-08   4.8182927E-04
   2.8985507E-02   6.8499396E+05   3.6068266E+05   1.0456766E+06   1.2886705E-04   2.2040177E-04   9.9767670E-05
   4.3478261E-02   6.8019496E+05   3.3643509E+05   1.0163775E+06   1.6848468E-04   0.0000000E+00   1.1275578E-04
   5.7971014E-02   7.2401740E+05   3.4552793E+05   1.0695453E+06   1.6510579E-05   2.2752284E-04   7.8576898E-05
   7.2463768E-02   7.1530343E+05   3.6371361E+05   1.0790170E+06   3.1145167E-04   2.9272987E-05   1.9743542E-04
   8.6956522E-02   7.4005616E+05   3.6838632E+05   1.1084425E+06   2.6594889E-04   7.5464865E-09   1.7756131E-04
   1.0144928E-01   7.4712837E+05   3.7248170E+05   1.1196101E+06   1.7470061E-04   4.7866371E-06   1.1791194E-04
   1.1594203E-01   7.6199895E+05   3.8483552E+05   1.1467398E+06   1.7356377E-04   7.4506648E-05   1.3505837E-04
   1.3043478E-01   7.9747576E+05   4.0429462E+05   1.2016862E+06   1.1425908E-04   7.8285845E-05   9.6396420E-05
   1.4492754E-01   8.3404077E+05   4.1667940E+05   1.2507202E+06   1.7453316E-04   4.6681022E-05   1.2999383E-04
   1.5942029E-01   8.5562249E+05   4.2791457E+05   1.2833993E+06   8.9490944E-05   1.5500830E-09   5.9662518E-05
   1.7391304E-01   8.5630560E+05   4.2559544E+05   1.2819010E+06   3.0009739E-05   5.2561774E-09   2.0045186E-05
   1.8840580E-01   8.6673419E+05   4.4071131E+05   1.3073289E+06   1.0485215E-04   3.6890275E-08   6.9523014E-05
   2.0289855E-01   8.7096419E+05   4.3694345E+05   1.3077994E+06   1.2809213E-04   2.7653329E-05   7.6245470E-05
   2.1739130E-01   8.6003114E+05   4.2574698E+05   1.2856771E+06   8.5853561E-05   9.0241675E-05   2.7934824E-05
   2.3188406E-01   8.3853036E+05   4.2864217E+05   1.2670305E+06   5.0637125E-05   4.1821566E-05   3.4621711E-05
   2.4637681E-01   8.2593299E+05   4.1764663E+05   1.2434459E+06   1.2307071E-04   4.3590833E-05   8.9978716E-05
   2.6086957E-01   8.0694747E+05   4.0244237E+05   1.2092636E+06   1.6249946E-05   5.3468920E-05   8.6997103E-06
   2.7536232E-01   7.8290152E+05   3.9210879E+05   1.1749305E+06   8.4502952E-05   1.1077734E-04   1.9348025E-05
   2.8985507E-01   7.4856807E+05   3.7220026E+05   1.1205789E+06   1.2838108E-04   6.1851151E-05   7.3246009E-05
   3.0434783E-01   7.1418487E+05   3.6699713E+05   1.0811459E+06   1.1662341E-04   2.1468828E-05   8.0421403E-05
   3.1884058E-01   6.8513173E+05   3.4094707E+05   1.0260099E+06   1.2193493E-04   8.8793281E-05   9.0508353E-05
   3.3333333E-01   6.4269249E+05   3.2039084E+05   9.6298449E+05   1.4226202E-04   9.9439319E-06   9.3298333E-05
   3.4782609E-01   6.0416872E+05   3.0233694E+05   9.0650565E+05   7.1022815E-05   3.7372033E-05   5.8741585E-05
   3.6231884E-01   5.7487967E+05   2.8460590E+05   8.5939464E+05   1.9035862E-04   1.3832819E-05   1.2923201E-04
   3.7681159E-01   5.3056140E+05   2.7188175E+05   8.0241400E+05   2.1183022E-04   3.5444934E-05   1.5185778E-04
   3.9130435E-01   5.0361425E+05   2.5765854E+05   7.6116053E+05   1.2521483E-04   5.9778723E-05   7.4644133E-05
   4.0579710E-01   4.7886252E+05   2.4174506E+05   7.2055346E+05   3.3445879E-04   6.1662359E-05   2.3988126E-04
   4.2028986E-01   4.4567981E+05   2.2368909E+05   6.6931665E+05   4.3837460E-04   5.6650080E-05   2.7556987E-04
   4.3478261E-01   4.1748766E+05   2.0284611E+05   6.2030851E+05   1.8306598E-04   1.3847987E-04   1.6353676E-04
   4.4927536E-01   3.9248316E+05   1.8760094E+05   5.8008410E+05   1.2190404E-04   3.0189733E-05   8.7577328E-05
   4.6376812E-01   3.5682294E+05   1.8296973E+05   5.3979267E+05   3.4783094E-04   8.0581456E-05   2.0524678E-04
   4.7826087E-01   3.3367968E+05   1.6454367E+05   4.9820039E+05   3.0971892E-04   6.6135660E-06   2.0680960E-04
   4.9275362E-01   3.1390356E+05   1.5863440E+05   4.7253797E+05   2.1682515E-04   4.4726795E-05   1.5769751E-04
   5.0724638E-01   2.8599147E+05   1.4505245E+05   4.3104393E+05   5.4035754E-04   8.4077289E-05   3.8677427E-04
   5.2173913E-01   2.6727057E+05   1.3085692E+05   3.9810643E+05   4.8028688E-04   1.4889529E-04   3.0094560E-04
   5.3623188E-01   2.4737031E+05   1.2455553E+05   3.7182344E+05   4.6027428E-04   7.7012985E-05   3.0733186E-04
   5.5072464E-01   2.3007279E+05   1.1541526E+05   3.4544817E+05   5.1302112E-04   1.8626783E-04   3.9756286E-04
   5.6521739E-01   2.1337088E+05   1.0771518E+05   3.2108606E+05   7.1177777E-04   2.1116826E-04   5.4317562E-04
   5.7971014E-01   1.9568550E+05   9.6630371E+04   2.9227798E+05   5.2986653E-04   1.1990670E-04   3.8961482E-04
   5.9420290E-01   1.8322443E+05   8.9449891E+04   2.7265584E+05   4.7342284E-04   1.7514964E-04   3.7548900E-04
   6.0869565E-01   1.6506031E+05   8.3802069E+04   2.4884434E+05   1.2454915E-03   1.4424521E-04   8.5975907E-04
   6.2318841E-01   1.5651668E+05   7.6848597E+04   2.3334766E+05   8.1059383E-04   1.4555065E-04   5.0267030E-04
   6.3768116E-01   1.4293669E+05   7.1037814E+04   2.1397451E+05   7.6641370E-04   1.0176726E-04   5.3016840E-04
   6.5217391E-01   1.2958981E+05   6.6562958E+04   1.9615277E+05   1.3801716E-03   1.6473617E-04   9.6709665E-04
   6.6666667E-01   1.2115551E+05   6.1047221E+04   1.8220273E+05   1.1427961E-03   1.7109473E-04   7.3085183E-04
   6.8115942E-01   1.1396682E+05   5.4524797E+04   1.6847550E+05   1.2954134E-03   7.4322268E-05   8.9972092E-04
   6.9565217E-01   9.9973884E+04   5.0784144E+04   1.5075803E+05   9.9599901E-04   9.3261975E-09   6.6048612E-04
   7.1014493E-01   9.2335627E+04   4.5835337E+04   1.3817096E+05   1.0343684E-03   1.1918548E-04   6.9060127E-04
   7.2463768E-01   8.7003326E+04   4.3706252E+04   1.3070958E+05   2.0717578E-03   2.5136995E-04   1.4545953E-03
   7.3913043E-01   7.9562352E+04   3.8362277E+04   1.1792463E+05   1.2035551E-03   3.3146700E-04   9.0279219E-04
   7.5362319E-01   7.1737263E+04   3.6327645E+04   1.0806491E+05   7.9448489E-04   1.2877859E-04   5.6520193E-04
   7.6811594E-01   6.5222543E+04   3.3011585E+04   9.8234127E+04   1.3183740E-03   3.0238622E-04   9.6631010E-04
   7.8260870E-01   6.0997803E+04   2.9565763E+04   9.0563566E+04   1.8234506E-03   2.8420365E-04   1.2880259E-03
   7.9710145E-01   5.4694812E+04   2.6961649E+04   8.1656460E+04   1.5858230E-03   9.4022556E-09   1.0622125E-03
   8.1159420E-01   5.0024152E+04   2.5045904E+04   7.5070056E+04   1.2360758E-03   6.1075498E-07   8.2387818E-04
   8.2608696E-01   4.4905869E+04   2.3037854E+04   6.7930429E+04   1.3434287E-03   5.4136243E-08   8.8806563E-04
   8.4057971E-01   4.1453422E+04   2.0707115E+04   6.2160537E+04   2.4140833E-03   3.1702121E-04   1.7148005E-03
   8.5507246E-01   3.5896170E+04   1.8211366E+04   5.4107536E+04   1.4921109E-03   4.0949091E-04   1.1028209E-03
   8.6956522E-01   3.3971861E+04   1.6468144E+04   5.0440005E+04   7.8825014E-04   3.0107984E-04   5.5964426E-04
   8.8405797E-01   2.9067276E+04   1.5080202E+04   4.4147478E+04   1.8878737E-03   2.2727076E-06   1.2437444E-03
   8.9855072E-01   2.5359736E+04   1.3382608E+04   3.8742343E+04   9.5257724E-04   4.0744967E-04   7.6387886E-04
   9.1304348E-01   2.2058557E+04   1.1738905E+04   3.3797462E+04   1.6928693E-03   1.5110444E-07   1.1049085E-03
   9.2753623E-01   2.0222098E+04   9.4717086E+03   2.9693806E+04   7.9073858E-04   6.2719499E-08   5.3850445E-04
   9.4202899E-01   1.5994073E+04   7.8571465E+03   2.3851219E+04   3.1917401E-03   4.9227827E-04   2.2861181E-03
   9.5652174E-01   1.2307481E+04   6.1537403E+03   1.8461221E+04   9.0643630E-04   6.1277202E-08   6.0428936E-04
   9.7101449E-01   8.6743886E+03   4.7726102E+03   1.3446999E+04   2.1769938E-03   1.7260567E-07   1.4043849E-03
   9.8550725E-01   4.1564086E+03   2.0837759E+03   6.2401845E+03   6.8486945E-03   3.0855807E-07   4.5616910E-03
   1.0000000E+00   0.0000000E+00   0.0000000E+00   0.0000000E+00   0.0000000E+00   0.0000000E+00   0.0000000E+00
