   0.0000000E+00   6.1225124E+05   3.5158982E+05   9.6384106E+05   0.0000000E+00   0.0000000E+00   0.0000000E+00
   1.4492754E-02   6.8044754E+05   3.1067204E+05   9.9111958E+05   3.8103972E-04   1.6712770E-08   2.6160551E-04
   2.8985507E-02   7.1340909E+05   3.3870830E+05   1.0521174E+06   1.5199310E-04   9.3395438E-09   1.0306198E-04
   4.3478261E-02   6.9585485E+05   3.3795056E+05   1.0338054E+06   2.1722568E-04   9.7744144E-09   1.4621156E-04
   5.7971014E-02   7.1075701E+05   3.6409248E+05   1.0748495E+06   2.6138321E-04   2.7028104E-08   1.7283496E-04
   7.2463768E-02   7.1090856E+05   3.6553218E+05   1.0764407E+06   1.9364026E-04   2.6908506E-09   1.2788530E-04
   8.6956522E-02   7.3664635E+05   3.6687084E+05   1.1033909E+06   1.3761048E-04   2.3230111E-09   9.1871378E-05
   1.0144928E-01   7.4766961E+05   3.7843535E+05   1.1261050E+06   2.1635261E-04   8.8429999E-09   1.4364620E-04
   1.1594203E-01   7.9297144E+05   3.9364421E+05   1.1865209E+06   1.3293083E-04   4.9938454E-09   8.8838321E-05
   1.3043478E-01   8.0749473E+05   3.9789595E+05   1.2053907E+06   1.2666234E-04   1.3807439E-08   8.4853526E-05
   1.4492754E-01   8.2290204E+05   4.1213298E+05   1.2350350E+06   5.5794908E-05   3.6101957E-09   3.7174967E-05
   1.5942029E-01   8.5417590E+05   4.2116383E+05   1.2752708E+06   1.1382722E-04   5.1493320E-09   7.6242477E-05
   1.7391304E-01   8.6224120E+05   4.3494086E+05   1.2971821E+06   1.6473357E-04   1.4990310E-09   1.0949848E-04
   1.8840580E-01   8.6842453E+05   4.3663119E+05   1.3049974E+06   5.1677162E-05   1.0501893E-08   3.4391948E-05
   2.0289855E-01   8.6658015E+05   4.3439962E+05   1.3008715E+06   5.5092472E-05   1.5809622E-08   3.6699002E-05
   2.1739130E-01   8.6432498E+05   4.3494086E+05   1.2991143E+06   5.0265523E-05   4.2799745E-09   3.3442598E-05
   2.3188406E-01   8.4785999E+05   4.3129425E+05   1.2790122E+06   7.3918640E-05   7.8576195E-09   4.8998232E-05
   2.4637681E-01   8.4670389E+05   4.1466026E+05   1.2612750E+06   9.5678851E-05   1.8987118E-08   6.4233183E-05
   2.6086957E-01   8.1174647E+05   4.0762024E+05   1.2191141E+06   1.7018978E-04   2.7784511E-09   1.1331987E-04
   2.7536232E-01   7.8493544E+05   3.8616654E+05   1.1710222E+06   1.5882517E-04   2.5221950E-09   1.0646106E-04
   2.8985507E-01   7.4440052E+05   3.8000495E+05   1.1242539E+06   4.9149793E-05   2.0917660E-08   3.2537265E-05
   3.0434783E-01   7.1400445E+05   3.5404344E+05   1.0679036E+06   1.3625096E-04   2.0807969E-09   9.1097466E-05
   3.1884058E-01   6.7745104E+05   3.4559681E+05   1.0229445E+06   1.3125479E-04   2.1932283E-08   8.6928563E-05
   3.3333333E-01   6.4457036E+05   3.2783642E+05   9.7234089E+05   6.8191052E-05   4.5971477E-09   4.5203239E-05
   3.4782609E-01   6.1310369E+05   3.0754638E+05   9.2055535E+05   1.0623116E-04   6.4120088E-10   7.0751488E-05
   3.6231884E-01   5.7912299E+05   2.8851582E+05   8.6757819E+05   2.0511717E-04   3.5698392E-09   1.3636716E-04
   3.7681159E-01   5.3825534E+05   2.7281435E+05   8.1106969E+05   1.0244962E-04   1.4517341E-08   6.7993749E-05
   3.9130435E-01   5.0846938E+05   2.5443114E+05   7.6290052E+05   2.6969793E-04   7.2571693E-09   1.7975471E-04
   4.0579710E-01   4.7783417E+05   2.3649503E+05   7.1432920E+05   3.4454450E-05   1.8411156E-09   2.3048048E-05
   4.2028986E-01   4.4455627E+05   2.2076266E+05   6.6521442E+05   4.5171917E-05   1.7953935E-08   3.0189133E-05
   4.3478261E-01   4.1685621E+05   2.1292401E+05   6.2972970E+05   4.1091769E-04   1.7202987E-08   2.7201708E-04
   4.4927536E-01   3.8348809E+05   1.9459167E+05   5.7800643E+05   1.3489741E-04   7.3513716E-09   8.9499032E-05
   4.6376812E-01   3.6153512E+05   1.8012822E+05   5.4156862E+05   1.1092560E-04   3.8736626E-08   7.4043724E-05
   4.7826087E-01   3.3609066E+05   1.6824051E+05   5.0433117E+05   1.5464709E-04   1.4224412E-08   1.0305479E-04
   4.9275362E-01   3.1354698E+05   1.5529145E+05   4.6881614E+05   3.3253640E-04   6.4375974E-09   2.2240209E-04
   5.0724638E-01   2.9220491E+05   1.4204315E+05   4.3424807E+05   2.4006273E-05   5.9486162E-08   1.6157216E-05
   5.2173913E-01   2.6331350E+05   1.3075167E+05   3.9404412E+05   6.5036701E-05   1.4529452E-08   4.3454887E-05
   5.3623188E-01   2.4644874E+05   1.2402306E+05   3.7043084E+05   1.1413159E-04   5.9772962E-09   7.5933074E-05
   5.5072464E-01   2.3272486E+05   1.1728966E+05   3.4993476E+05   6.7175208E-05   1.8908877E-08   4.4676511E-05
   5.6521739E-01   2.1127253E+05   1.0513111E+05   3.1640364E+05   3.5113295E-04   1.1925340E-08   2.3445905E-04
   5.7971014E-01   1.9608331E+05   9.8846750E+04   2.9493006E+05   1.7939459E-04   2.2082680E-08   1.1927594E-04
   5.9420290E-01   1.7899219E+05   8.9948889E+04   2.6894108E+05   3.1403882E-04   2.4455191E-08   2.0900851E-04
   6.0869565E-01   1.6421236E+05   8.2827836E+04   2.4704020E+05   2.0819605E-04   1.2217425E-08   1.3838862E-04
   6.2318841E-01   1.5329189E+05   7.5315502E+04   2.2860740E+05   1.8420501E-04   6.4748694E-09   1.2351744E-04
   6.3768116E-01   1.4171398E+05   7.0435069E+04   2.1214905E+05   2.9982891E-04   7.2093380E-09   2.0028267E-04
   6.5217391E-01   1.3097058E+05   6.6630312E+04   1.9760089E+05   3.5840188E-04   1.7172759E-08   2.3754881E-04
   6.6666667E-01   1.1883288E+05   5.9581165E+04   1.7841404E+05   1.8042717E-04   4.2050186E-09   1.2017362E-04
   6.8115942E-01   1.0964611E+05   5.3073812E+04   1.6271992E+05   3.1943425E-04   1.3232921E-08   2.1524723E-04
   6.9565217E-01   1.0036854E+05   4.9284457E+04   1.4965300E+05   2.4307550E-04   6.0172908E-07   1.6293327E-04
   7.1014493E-01   9.2490267E+04   4.6871426E+04   1.3936169E+05   1.2782828E-04   1.1786942E-08   8.4836622E-05
   7.2463768E-01   8.6215280E+04   4.1766446E+04   1.2796657E+05   8.6713011E-05   7.9846913E-09   5.8423934E-05
   7.3913043E-01   7.8388603E+04   4.0041184E+04   1.1842979E+05   5.1282068E-04   5.9836004E-09   3.3943760E-04
   7.5362319E-01   7.1795551E+04   3.6560795E+04   1.0835635E+05   1.8663591E-04   1.7165471E-07   1.2361041E-04
   7.6811594E-01   6.6151842E+04   3.2339630E+04   9.8491472E+04   1.7007894E-04   3.2864725E-09   1.1423319E-04
   7.8260870E-01   5.7868631E+04   2.9004476E+04   8.6873108E+04   4.5515852E-04   1.1198160E-08   3.0319709E-04
   7.9710145E-01   5.4061068E+04   2.7843379E+04   8.1904447E+04   6.6718284E-04   6.9757118E-09   4.4037563E-04
   8.1159420E-01   5.0078276E+04   2.3882237E+04   7.3960513E+04   4.3301841E-04   2.6003265E-08   2.9319769E-04
   8.2608696E-01   4.4919162E+04   2.2944799E+04   6.7863961E+04   2.4619559E-04   1.0874740E-08   1.6295411E-04
   8.4057971E-01   4.0225366E+04   2.0132280E+04   6.0357646E+04   3.8513470E-04   1.9227856E-08   2.5667778E-04
   8.5507246E-01   3.5395293E+04   1.7928821E+04   5.3324114E+04   1.4885541E-04   1.7020867E-08   9.8800999E-05
   8.6956522E-01   3.2506904E+04   1.5584118E+04   4.8091022E+04   3.2110672E-04   3.7265807E-11   2.1705059E-04
   8.8405797E-01   2.9427512E+04   1.4409419E+04   4.3836930E+04   5.6154671E-04   4.7200017E-08   3.7694837E-04
   8.9855072E-01   2.5347514E+04   1.2087122E+04   3.7434637E+04   2.0702623E-04   5.9469478E-09   1.4018226E-04
   9.1304348E-01   2.3237258E+04   1.0512093E+04   3.3749351E+04   1.1913212E-04   0.0000000E+00   8.2025397E-05
   9.2753623E-01   1.8955257E+04   9.0218024E+03   2.7977059E+04   1.7330743E-04   5.7708565E-09   1.1741889E-04
   9.4202899E-01   1.5865840E+04   8.2068712E+03   2.4072712E+04   3.5065869E-04   5.9799321E-09   2.3111026E-04
   9.5652174E-01   1.1710476E+04   5.6600634E+03   1.7370539E+04   2.0062091E-04   5.1624489E-09   1.3525037E-04
   9.7101449E-01   8.5273651E+03   4.5238011E+03   1.3051166E+04   8.4403950E-04   1.1613636E-09   5.5147853E-04
   9.8550725E-01   4.2901268E+03   2.2509237E+03   6.5410505E+03   3.3032791E-04   5.6023295E-08   2.1667254E-04
   1.0000000E+00   0.0000000E+00   0.0000000E+00   0.0000000E+00   0.0000000E+00   0.0000000E+00   0.0000000E+00
