   0.0000000E+00   6.9711775E+05   2.6066142E+05   9.5777917E+05   3.0620053E-03   2.0013384E-07   2.2286559E-03
   1.4492754E-02   6.8650944E+05   3.6750229E+05   1.0540117E+06   6.3050113E-04   0.0000000E+00   4.1066428E-04
   2.8985507E-02   7.0999927E+05   3.5803058E+05   1.0680299E+06   8.0078798E-04   4.1885448E-08   5.3233466E-04
   4.3478261E-02   6.8853007E+05   3.5361045E+05   1.0421405E+06   2.0824220E-04   4.0785238E-09   1.3758182E-04
   5.7971014E-02   7.2060759E+05   3.5727285E+05   1.0776910E+06   2.5431660E-04   1.0523567E-08   1.7005304E-04
   7.2463768E-02   7.1136320E+05   3.6431980E+05   1.0756830E+06   3.8534036E-04   8.5742263E-09   2.5482994E-04
   8.6956522E-02   7.3058445E+05   3.6320845E+05   1.0937929E+06   2.2431751E-04   1.6155246E-08   1.4983055E-04
   1.0144928E-01   7.5903566E+05   3.6490434E+05   1.1239400E+06   2.6442676E-04   1.9974822E-08   1.7857240E-04
   1.1594203E-01   7.7241783E+05   3.8691929E+05   1.1593371E+06   1.7734068E-04   5.5964215E-09   1.1815396E-04
   1.3043478E-01   8.1060987E+05   3.9545436E+05   1.2060642E+06   1.6522161E-04   7.2022012E-09   1.1104821E-04
   1.4492754E-01   8.2866084E+05   4.0690460E+05   1.2355654E+06   6.5769019E-05   2.0248081E-08   4.4104199E-05
   1.5942029E-01   8.5093830E+05   4.2805234E+05   1.2789218E+06   5.1504558E-05   4.4952753E-09   3.4268308E-05
   1.7391304E-01   8.5081201E+05   4.2932098E+05   1.2800067E+06   6.1362697E-05   2.8778794E-08   4.0790842E-05
   1.8840580E-01   8.5793279E+05   4.3097731E+05   1.2886187E+06   1.4981474E-04   1.3667740E-08   9.9746892E-05
   2.0289855E-01   8.6879923E+05   4.4278884E+05   1.3115881E+06   1.9179422E-04   6.8266019E-09   1.2704625E-04
   2.1739130E-01   8.6235486E+05   4.4095223E+05   1.3031050E+06   1.9467888E-04   2.1041980E-07   1.2876262E-04
   2.3188406E-01   8.4549206E+05   4.3536708E+05   1.2808591E+06   5.5732380E-05   1.0743461E-08   3.6785993E-05
   2.4637681E-01   8.1768703E+05   4.1555171E+05   1.2332387E+06   6.2310946E-05   2.0136378E-08   4.1318795E-05
   2.6086957E-01   8.0972584E+05   3.9768547E+05   1.2073271E+06   1.3238046E-04   1.4453634E-08   8.8783162E-05
   2.7536232E-01   7.7568308E+05   3.9478081E+05   1.1703841E+06   1.2405534E-04   3.3459642E-09   8.2218638E-05
   2.8985507E-01   7.4792399E+05   3.6932086E+05   1.1172449E+06   3.7813894E-05   4.0643180E-09   2.5314506E-05
   3.0434783E-01   7.1761272E+05   3.5530634E+05   1.0728830E+06   6.3912115E-05   1.4693703E-09   4.2748023E-05
   3.1884058E-01   6.8644055E+05   3.4663009E+05   1.0329673E+06   1.0308876E-04   1.1742081E-08   6.8509788E-05
   3.3333333E-01   6.4967684E+05   3.2576088E+05   9.7537184E+05   7.5143817E-05   6.7725472E-08   5.0039229E-05
   3.4782609E-01   6.1215652E+05   3.0514688E+05   9.1708239E+05   2.5658931E-04   4.7575010E-08   1.7125867E-04
   3.6231884E-01   5.7703164E+05   2.8703066E+05   8.6397137E+05   2.3631417E-04   1.0504639E-08   1.5783253E-04
   3.7681159E-01   5.3988739E+05   2.7153203E+05   8.1141941E+05   2.6281414E-04   1.2581943E-07   1.7490856E-04
   3.9130435E-01   5.1088291E+05   2.5142826E+05   7.6222698E+05   4.7188588E-05   1.9466196E-08   3.1633391E-05
   4.0579710E-01   4.8008031E+05   2.3381589E+05   7.1384208E+05   3.7758876E-04   9.2356638E-08   2.5391513E-04
   4.2028986E-01   4.4385079E+05   2.2042299E+05   6.6414314E+05   2.8523427E-04   1.4622619E-08   1.9062016E-04
   4.3478261E-01   4.1758869E+05   2.0772088E+05   6.2518328E+05   5.0574410E-04   1.3177833E-07   3.3777241E-04
   4.4927536E-01   3.8801007E+05   1.9420058E+05   5.8221065E+05   5.4351301E-04   1.0487955E-08   3.6222030E-04
   4.6376812E-01   3.6051691E+05   1.7977303E+05   5.4031361E+05   5.0751669E-04   8.8588720E-07   3.3879731E-04
   4.7826087E-01   3.3877718E+05   1.6729908E+05   5.0603033E+05   3.9844459E-04   7.9392103E-09   2.7569620E-04
   4.9275362E-01   3.0851026E+05   1.5535831E+05   4.6384628E+05   4.2536662E-04   4.2365951E-08   2.8293112E-04
   5.0724638E-01   2.9008325E+05   1.4416482E+05   4.3420477E+05   2.9802154E-04   7.2228642E-08   1.9911924E-04
   5.2173913E-01   2.6503945E+05   1.3340375E+05   3.9840111E+05   7.0217906E-04   3.8592832E-08   4.6713624E-04
   5.3623188E-01   2.4786181E+05   1.2435073E+05   3.7219207E+05   6.5769976E-04   6.2168252E-08   4.3799350E-04
   5.5072464E-01   2.2877666E+05   1.1232449E+05   3.4102139E+05   4.8666048E-04   2.9147508E-08   3.2648611E-04
   5.6521739E-01   2.1774244E+05   1.0303276E+05   3.2077520E+05   8.5281969E-04   1.9944974E-08   5.7888865E-04
   5.7971014E-01   1.9629169E+05   9.9585544E+04   2.9587723E+05   1.1170231E-03   2.7819016E-07   7.4098000E-04
   5.9420290E-01   1.8346468E+05   9.2111211E+04   2.7557590E+05   7.5251889E-04   3.7786772E-08   5.0098169E-04
   6.0869565E-01   1.6302164E+05   8.1294321E+04   2.4431596E+05   1.0246861E-03   1.0205358E-07   6.8369557E-04
   6.2318841E-01   1.5574132E+05   7.8205475E+04   2.3394680E+05   4.9767519E-04   1.9924155E-06   3.3193145E-04
   6.3768116E-01   1.3988852E+05   7.1020593E+04   2.1089190E+05   1.1290167E-03   3.3675719E-08   7.4890916E-04
   6.5217391E-01   1.3161044E+05   6.5485288E+04   1.9707889E+05   7.4733656E-04   4.1707323E-09   4.9907497E-04
   6.6666667E-01   1.2143554E+05   5.9119934E+04   1.8055547E+05   1.1634436E-03   2.2243163E-08   7.8249533E-04
   6.8115942E-01   1.0953326E+05   5.5072947E+04   1.6460620E+05   2.5599641E-04   1.6041003E-08   1.7034639E-04
   6.9565217E-01   1.0122099E+05   5.1399805E+04   1.5262080E+05   1.6102834E-03   3.8145435E-08   1.0679669E-03
   7.1014493E-01   9.4887190E+04   4.7366275E+04   1.4225346E+05   1.4920781E-03   9.5854086E-07   9.9498384E-04
   7.2463768E-01   8.5972804E+04   4.2524183E+04   1.2848183E+05   6.2094181E-04   2.3772850E-08   4.1550486E-04
   7.3913043E-01   7.9146340E+04   3.8451422E+04   1.1759776E+05   1.3648532E-03   1.9405925E-07   9.1854637E-04
   7.5362319E-01   7.1897554E+04   3.6094496E+04   1.0797748E+05   1.1181920E-03   1.1624385E-07   7.4453922E-04
   7.6811594E-01   6.4607775E+04   3.2425411E+04   9.7004592E+04   1.7991871E-03   3.2721614E-08   1.1983190E-03
   7.8260870E-01   6.1278446E+04   3.0295435E+04   9.1573881E+04   1.1382836E-03   3.1101041E-08   7.6170152E-04
   7.9710145E-01   5.4942798E+04   2.6369237E+04   8.1312035E+04   1.7868902E-03   1.9951844E-08   1.2074110E-03
   8.1159420E-01   5.0051214E+04   2.4193450E+04   7.4244664E+04   9.1957045E-04   8.6624533E-09   6.1991537E-04
   8.2608696E-01   4.4706464E+04   2.1894602E+04   6.6601066E+04   1.4041081E-03   6.1128495E-08   9.4250242E-04
   8.4057971E-01   4.1427294E+04   2.0929210E+04   6.2356503E+04   9.6439440E-04   1.8288723E-07   6.4076526E-04
   8.5507246E-01   3.5356764E+04   1.8185680E+04   5.3542445E+04   1.3026253E-03   1.5653474E-07   8.6014889E-04
   8.6956522E-01   3.2216438E+04   1.6442886E+04   4.8659324E+04   2.0587804E-03   1.1351356E-08   1.3630767E-03
   8.8405797E-01   2.8831260E+04   1.4496372E+04   4.3327632E+04   2.5526012E-03   2.2760176E-09   1.6985630E-03
   8.9855072E-01   2.5811933E+04   1.2747086E+04   3.8559020E+04   1.5776784E-03   5.8545498E-08   1.0561388E-03
   9.1304348E-01   2.2022474E+04   1.0884948E+04   3.2907422E+04   1.7746600E-03   1.1911370E-08   1.1876505E-03
   9.2753623E-01   1.9251248E+04   1.0016332E+04   2.9267579E+04   2.8528476E-03   1.7090402E-07   1.8765113E-03
   9.4202899E-01   1.5481143E+04   7.7289142E+03   2.3210058E+04   7.5829530E-04   2.0165661E-08   5.0578009E-04
   9.5652174E-01   1.1963055E+04   5.8437572E+03   1.7806812E+04   7.0580154E-04   4.8220150E-07   4.7431601E-04
   9.7101449E-01   8.9797452E+03   4.3767776E+03   1.3356523E+04   8.1618632E-04   2.6771712E-06   5.4954046E-04
   9.8550725E-01   4.0449767E+03   2.1172054E+03   6.1621822E+03   3.9470226E-03   1.1696126E-08   2.5909013E-03
   1.0000000E+00   2.1884092E+01   0.0000000E+00   2.1884092E+01   3.8920441E-01   0.0000000E+00   3.8920441E-01
