   0.0000000E+00   5.4557041E+05   3.6371361E+05   9.0928402E+05   0.0000000E+00   0.0000000E+00   0.0000000E+00
   1.4492754E-02   6.8954038E+05   3.5158982E+05   1.0411302E+06   5.6627758E-04   2.9719182E-08   3.7504618E-04
   2.8985507E-02   6.8764604E+05   3.4173924E+05   1.0293853E+06   5.7447754E-04   8.1519475E-09   3.8376037E-04
   4.3478261E-02   6.9812806E+05   3.4072893E+05   1.0386044E+06   1.5220027E-04   1.2025424E-08   1.0230562E-04
   5.7971014E-02   6.8158415E+05   3.4477019E+05   1.0263543E+06   1.5930562E-04   7.7696345E-09   1.0579435E-04
   7.2463768E-02   7.0878689E+05   3.5219601E+05   1.0609829E+06   2.2736281E-04   6.8137076E-08   1.5186816E-04
   8.6956522E-02   7.4498145E+05   3.7571111E+05   1.1206926E+06   1.3495811E-04   1.0519009E-08   8.9715350E-05
   1.0144928E-01   7.4528815E+05   3.7756936E+05   1.1228575E+06   5.7322355E-05   4.8235273E-09   3.8046817E-05
   1.1594203E-01   7.6872387E+05   3.8455137E+05   1.1531805E+06   9.8268619E-05   1.4215438E-08   6.5510787E-05
   1.3043478E-01   8.0353766E+05   4.0033755E+05   1.2037068E+06   1.7093741E-04   1.3336666E-08   1.1411004E-04
   1.4492754E-01   8.2100770E+05   4.0758656E+05   1.2285943E+06   3.0094752E-04   2.0868331E-08   2.0110187E-04
   1.5942029E-01   8.3516360E+05   4.1758180E+05   1.2527454E+06   1.2057958E-04   2.8415601E-08   8.0377472E-05
   1.7391304E-01   8.5523214E+05   4.4681206E+05   1.3020442E+06   2.3401833E-04   2.8385070E-08   1.5372053E-04
   1.8840580E-01   8.5571787E+05   4.4012844E+05   1.2956714E+06   2.2631263E-04   1.1710129E-08   1.4946937E-04
   2.0289855E-01   8.6219610E+05   4.3580684E+05   1.2978406E+06   1.7329085E-04   7.3609122E-09   1.1512008E-04
   2.1739130E-01   8.5654555E+05   4.2357481E+05   1.2800193E+06   1.3327084E-04   1.6882269E-08   8.9174802E-05
   2.3188406E-01   8.5932076E+05   4.2258028E+05   1.2817590E+06   1.2525932E-04   1.0095780E-08   7.3638972E-05
   2.4637681E-01   8.3466924E+05   4.1390252E+05   1.2484826E+06   1.4063944E-05   3.6802519E-09   9.4013221E-06
   2.6086957E-01   7.9789673E+05   3.9688564E+05   1.1947403E+06   4.3131210E-05   1.6038878E-07   2.8830611E-05
   2.7536232E-01   7.8844496E+05   3.9298617E+05   1.1812317E+06   3.0642963E-04   7.2019484E-09   2.0453506E-04
   2.8985507E-01   7.4765879E+05   3.7515543E+05   1.1227384E+06   1.7873204E-04   2.3019416E-08   1.1901544E-04
   3.0434783E-01   7.1205599E+05   3.5819296E+05   1.0701046E+06   1.0181711E-04   1.7580751E-08   6.7744185E-05
   3.1884058E-01   6.8303074E+05   3.4618234E+05   1.0291786E+06   1.0401193E-04   3.3379302E-08   6.9018693E-05
   3.3333333E-01   6.5056636E+05   3.2253227E+05   9.7309863E+05   2.8242988E-05   6.1539906E-09   1.8882591E-05
   3.4782609E-01   6.2023905E+05   3.0543103E+05   9.2563850E+05   2.0168581E-04   1.9659564E-08   1.3514590E-04
   3.6231884E-01   5.7897145E+05   2.8721251E+05   8.6612334E+05   1.3756968E-04   2.6010006E-08   9.1965113E-05
   3.7681159E-01   5.4070341E+05   2.7109487E+05   8.1168171E+05   6.0180548E-04   9.1151206E-08   4.0088116E-04
   3.9130435E-01   5.1158452E+05   2.5471178E+05   7.6629630E+05   3.2947307E-04   2.3902982E-08   2.1996527E-04
   4.0579710E-01   4.7916020E+05   2.3727983E+05   7.1641297E+05   3.9484212E-04   6.2248780E-08   2.6406692E-04
   4.2028986E-01   4.4622852E+05   2.2287910E+05   6.6908149E+05   4.6669632E-04   1.6683520E-07   3.1122292E-04
   4.3478261E-01   4.1655311E+05   2.0688737E+05   6.2328894E+05   6.5913512E-04   5.7625979E-08   4.4049126E-04
   4.4927536E-01   3.8849893E+05   1.9434724E+05   5.8282173E+05   2.1424392E-04   6.8784031E-08   1.4283416E-04
   4.6376812E-01   3.5883568E+05   1.8266190E+05   5.4147390E+05   4.3199278E-04   5.3992851E-08   2.8629378E-04
   4.7826087E-01   3.3455223E+05   1.7058260E+05   5.0511187E+05   3.6009603E-04   4.1155438E-08   2.3851517E-04
   4.9275362E-01   3.1267781E+05   1.5678463E+05   4.6944016E+05   6.2644907E-04   6.7619797E-08   4.1723343E-04
   5.0724638E-01   2.8586158E+05   1.4684937E+05   4.3266765E+05   9.8022117E-04   4.5946944E-08   6.4761253E-04
   5.2173913E-01   2.6990160E+05   1.3205667E+05   4.0193721E+05   1.1443073E-03   9.3593412E-08   7.6843516E-04
   5.3623188E-01   2.4913153E+05   1.2660346E+05   3.7571452E+05   6.5709850E-04   2.9631047E-08   4.3465466E-04
   5.5072464E-01   2.2863707E+05   1.1431854E+05   3.4293567E+05   1.0576906E-03   3.8384586E-07   7.0510856E-04
   5.6521739E-01   2.1335145E+05   1.0610256E+05   3.1943459E+05   7.3788601E-04   2.1196553E-08   4.9284042E-04
   5.7971014E-01   1.9691682E+05   9.8543656E+04   2.9546048E+05   7.3560672E-04   1.3756320E-07   4.9025018E-04
   5.9420290E-01   1.8117299E+05   8.8858487E+04   2.7003148E+05   1.2164761E-03   5.5135293E-08   8.1618593E-04
   6.0869565E-01   1.6664795E+05   8.2340720E+04   2.4898867E+05   1.3337737E-03   1.2943289E-07   8.9268143E-04
   6.2318841E-01   1.5195264E+05   7.5385989E+04   2.2733863E+05   1.9054658E-03   3.6344135E-07   1.2736904E-03
   6.3768116E-01   1.4341889E+05   7.0073422E+04   2.1347509E+05   1.6521018E-03   4.2634540E-08   1.1099432E-03
   6.5217391E-01   1.2962349E+05   6.5956769E+04   1.9556342E+05   1.6834223E-03   4.6273338E-08   1.1158020E-03
   6.6666667E-01   1.2092489E+05   6.1409616E+04   1.8231804E+05   1.3030419E-03   1.2170633E-07   8.6426827E-04
   6.8115942E-01   1.1125832E+05   5.7571866E+04   1.6883018E+05   1.5597879E-03   1.0676621E-07   1.0279287E-03
   6.9565217E-01   1.0180508E+05   5.0436848E+04   1.5224193E+05   1.3932372E-03   1.3654901E-07   9.3169187E-04
   7.1014493E-01   9.5289254E+04   4.6330186E+04   1.4160398E+05   1.7124980E-03   9.0148284E-08   1.1524167E-03
   7.2463768E-01   8.3729904E+04   4.2721194E+04   1.2645110E+05   1.5895754E-03   1.9229781E-07   1.0526034E-03
   7.3913043E-01   7.5714238E+04   3.9714317E+04   1.1541370E+05   1.8357963E-03   8.6661392E-08   1.2043263E-03
   7.5362319E-01   7.4141620E+04   3.5861346E+04   1.1000297E+05   1.7597845E-03   3.7301316E-08   1.1860845E-03
   7.6811594E-01   6.6137545E+04   3.2067988E+04   9.8205534E+04   2.0696624E-03   8.6107665E-08   1.3938582E-03
   7.8260870E-01   5.8752657E+04   2.9874470E+04   8.8627128E+04   2.3407304E-03   7.3057831E-08   1.5516939E-03
   7.9710145E-01   5.4405494E+04   2.7526507E+04   8.1932001E+04   1.7209143E-03   9.3706672E-07   1.1426590E-03
   8.1159420E-01   4.9753532E+04   2.5140621E+04   7.4894153E+04   2.2974271E-03   3.3399410E-08   1.5262115E-03
   8.2608696E-01   4.4839401E+04   2.1828134E+04   6.6667535E+04   1.3714118E-03   1.4105721E-06   9.2283705E-04
   8.4057971E-01   4.0839394E+04   1.9596638E+04   6.0436033E+04   2.0062062E-03   2.4493337E-07   1.3557636E-03
   8.5507246E-01   3.5613624E+04   1.7941664E+04   5.3555288E+04   2.1245540E-03   2.8262541E-09   1.4128037E-03
   8.6956522E-01   3.2191180E+04   1.6581804E+04   4.8772985E+04   2.4415081E-03   2.6300315E-08   1.6114525E-03
   8.8405797E-01   2.8905791E+04   1.3937386E+04   4.2843177E+04   2.3345488E-03   1.0072561E-07   1.5750605E-03
   8.9855072E-01   2.5090861E+04   1.3089290E+04   3.8180152E+04   2.3175360E-03   1.1440625E-07   1.5229820E-03
   9.1304348E-01   2.1517316E+04   1.1498353E+04   3.3015670E+04   5.5717109E-04   9.5082402E-08   3.6309315E-04
   9.2753623E-01   1.8635587E+04   9.3177933E+03   2.7953380E+04   2.2259138E-03   2.8604275E-08   1.4839477E-03
   9.4202899E-01   1.5562746E+04   8.1485837E+03   2.3711329E+04   6.9946537E-04   1.8924866E-08   4.5909248E-04
   9.5652174E-01   1.2560060E+04   6.5211278E+03   1.9081187E+04   5.3569883E-03   3.9875651E-08   3.5262095E-03
   9.7101449E-01   8.8101026E+03   4.7047531E+03   1.3514856E+04   3.7131866E-03   7.0326319E-08   2.4205665E-03
   9.8550725E-01   3.9446880E+03   2.1394918E+03   6.0841798E+03   2.6571443E-03   2.8886449E-08   1.7227538E-03
   1.0000000E+00   0.0000000E+00   0.0000000E+00   0.0000000E+00   0.0000000E+00   0.0000000E+00   0.0000000E+00
