   0.0000000E+00   6.7893207E+05   3.6371361E+05   1.0426457E+06   0.0000000E+00   0.0000000E+00   0.0000000E+00
   1.4492754E-02   6.5241128E+05   3.4173924E+05   9.9415053E+05   1.0758343E-04   0.0000000E+00   7.0601625E-05
   2.8985507E-02   6.8196302E+05   3.4477019E+05   1.0267332E+06   2.1020767E-04   4.5022288E-08   1.3960638E-04
   4.3478261E-02   6.7665886E+05   3.5840945E+05   1.0350683E+06   7.3238063E-05   2.4279323E-08   4.7881887E-05
   5.7971014E-02   7.1587173E+05   3.4628566E+05   1.0621574E+06   6.4128547E-04   1.4287598E-08   4.3220881E-04
   7.2463768E-02   7.1212094E+05   3.5446922E+05   1.0665902E+06   2.6795255E-04   5.1304980E-09   1.7890322E-04
   8.6956522E-02   7.3715150E+05   3.6674456E+05   1.1038961E+06   9.5027996E-05   6.1705694E-09   6.3457157E-05
   1.0144928E-01   7.5373150E+05   3.6988375E+05   1.1236153E+06   2.7624351E-05   1.5248716E-08   1.8535437E-05
   1.1594203E-01   7.5821027E+05   3.9118156E+05   1.1493918E+06   1.2987564E-04   5.2308271E-09   8.5672802E-05
   1.3043478E-01   7.9065613E+05   4.0227399E+05   1.1926775E+06   3.7856800E-05   9.3380507E-09   2.5099351E-05
   1.4492754E-01   8.2896393E+05   4.1304227E+05   1.2419304E+06   8.4909423E-05   1.0362861E-08   5.6675447E-05
   1.5942029E-01   8.4776958E+05   4.3755849E+05   1.2853281E+06   8.8073295E-05   9.1042210E-10   5.8091162E-05
   1.7391304E-01   8.6659819E+05   4.3393054E+05   1.3004024E+06   1.8938971E-04   9.9640681E-09   1.2621270E-04
   1.8840580E-01   8.7250465E+05   4.3167676E+05   1.3039483E+06   6.9063459E-05   3.0537765E-07   4.6159319E-05
   2.0289855E-01   8.6122187E+05   4.3521148E+05   1.2962710E+06   1.7375827E-04   9.7378458E-09   1.1543997E-04
   2.1739130E-01   8.6457756E+05   4.2943464E+05   1.2938606E+06   9.1054048E-05   4.9616609E-09   6.0842110E-05
   2.3188406E-01   8.5297471E+05   4.1864952E+05   1.2715769E+06   1.4991232E-04   4.7819232E-08   1.0055532E-04
   2.4637681E-01   8.1715215E+05   4.0833093E+05   1.2253048E+06   1.1620136E-04   3.1787015E-08   7.7488880E-05
   2.6086957E-01   8.1132551E+05   4.0467349E+05   1.2159569E+06   5.0623250E-05   3.4886996E-09   3.3776925E-05
   2.7536232E-01   7.7093725E+05   3.8457131E+05   1.1554687E+06   1.4531408E-04   2.7227592E-08   9.6946005E-05
   2.8985507E-01   7.4962890E+05   3.7307166E+05   1.1225869E+06   9.8412903E-05   1.5877403E-09   6.5716893E-05
   3.0434783E-01   7.1086526E+05   3.5101250E+05   1.0617695E+06   1.5814292E-05   5.0820623E-09   1.0587397E-05
   3.1884058E-01   6.7462675E+05   3.4043043E+05   1.0150227E+06   1.7083189E-04   2.3426985E-08   1.1354654E-04
   3.3333333E-01   6.4872144E+05   3.2760581E+05   9.7636019E+05   2.5636687E-04   5.0978457E-08   1.7033746E-04
   3.4782609E-01   6.1139879E+05   3.1190336E+05   9.2320743E+05   2.0447574E-04   1.9566659E-07   1.3545009E-04
   3.6231884E-01   5.7912299E+05   2.8906139E+05   8.6812376E+05   2.4109195E-04   2.0249781E-08   1.6082636E-04
   3.7681159E-01   5.4271433E+05   2.7616588E+05   8.1882192E+05   2.5888513E-04   1.4691640E-08   1.7159357E-04
   3.9130435E-01   5.0670133E+05   2.5415050E+05   7.6073957E+05   1.3218181E-04   5.3694507E-08   8.8039217E-05
   4.0579710E-01   4.7675168E+05   2.3995897E+05   7.1665653E+05   1.6745647E-04   2.1762509E-09   1.1140010E-04
   4.2028986E-01   4.4617626E+05   2.2462973E+05   6.7075374E+05   4.7980731E-04   3.0173010E-08   3.1915896E-04
   4.3478261E-01   4.1170360E+05   2.0948894E+05   6.2116728E+05   5.0446382E-04   3.8764239E-08   3.3434086E-04
   4.4927536E-01   3.8639682E+05   1.9432279E+05   5.8069517E+05   4.1970492E-04   6.1446537E-08   2.7927013E-04
   4.6376812E-01   3.5975917E+05   1.8121746E+05   5.4092928E+05   3.4520357E-04   4.2631064E-09   2.2958772E-04
   4.7826087E-01   3.3553958E+05   1.6987079E+05   5.0541037E+05   5.4639408E-04   1.6675749E-07   3.6280403E-04
   4.9275362E-01   3.1263324E+05   1.5511316E+05   4.6767954E+05   5.7931291E-04   1.5074998E-07   3.8720920E-04
   5.0724638E-01   2.8939046E+05   1.4171841E+05   4.3110887E+05   3.7500290E-04   7.9196660E-07   2.5194822E-04
   5.2173913E-01   2.6453430E+05   1.3487713E+05   3.9941143E+05   5.4034635E-04   7.4491317E-08   3.5785657E-04
   5.3623188E-01   2.5197817E+05   1.2291718E+05   3.7487486E+05   6.6398069E-04   6.8696004E-09   4.4630624E-04
   5.5072464E-01   2.2744065E+05   1.1794770E+05   3.4538834E+05   7.0792204E-04   3.6391449E-08   4.6617832E-04
   5.6521739E-01   2.1154454E+05   1.0816205E+05   3.1970659E+05   9.1609296E-04   3.2900856E-08   6.0615253E-04
   5.7971014E-01   1.9814814E+05   9.3220556E+04   2.9133081E+05   6.1877445E-04   6.8532796E-05   4.2283391E-04
   5.9420290E-01   1.8026741E+05   9.2813503E+04   2.7308091E+05   9.2882164E-04   7.3912747E-08   6.1311295E-04
   6.0869565E-01   1.6570980E+05   8.3675780E+04   2.4938558E+05   1.1981565E-03   9.4822094E-08   7.9611612E-04
   6.2318841E-01   1.5316854E+05   7.7465360E+04   2.3063390E+05   9.8667340E-04   8.2272206E-08   6.5528949E-04
   6.3768116E-01   1.4217896E+05   7.1554453E+04   2.1371619E+05   9.8048555E-04   5.0625091E-08   6.5227660E-04
   6.5217391E-01   1.3129051E+05   6.4340264E+04   1.9563077E+05   1.0271590E-03   2.2293649E-07   6.8936220E-04
   6.6666667E-01   1.2092489E+05   6.0997803E+04   1.8192269E+05   9.8262348E-04   3.1550097E-08   6.5314545E-04
   6.8115942E-01   1.1191932E+05   5.5153557E+04   1.6707288E+05   1.3361351E-03   1.6568727E-08   8.9504904E-04
   6.9565217E-01   1.0079477E+05   4.9568608E+04   1.5033180E+05   1.4239190E-03   5.6499346E-08   9.5473037E-04
   7.1014493E-01   9.2459339E+04   4.7165243E+04   1.3962458E+05   1.7839892E-03   9.2551651E-08   1.1813262E-03
   7.2463768E-01   8.6200125E+04   4.3145527E+04   1.2934565E+05   1.3924501E-03   1.4172715E-08   9.2797787E-04
   7.3913043E-01   7.8804615E+04   3.9120014E+04   1.1792463E+05   1.8755792E-03   1.0434728E-08   1.2533813E-03
   7.5362319E-01   7.2815581E+04   3.5992492E+04   1.0880807E+05   1.6928247E-03   1.4748384E-07   1.1328440E-03
   7.6811594E-01   6.6051764E+04   3.3054476E+04   9.9106240E+04   1.6285575E-03   6.5071413E-08   1.0853997E-03
   7.8260870E-01   5.8486046E+04   3.0449789E+04   8.8935835E+04   1.7065042E-03   7.0096360E-08   1.1222110E-03
   7.9710145E-01   5.6582265E+04   2.7113196E+04   8.3695461E+04   1.1707756E-03   1.9559654E-09   7.9150276E-04
   8.1159420E-01   4.9063450E+04   2.4639973E+04   7.3689893E+04   1.1205158E-03   1.0173538E-07   7.4607672E-04
   8.2608696E-01   4.6301699E+04   2.2413053E+04   6.8714753E+04   2.1251165E-03   2.1953138E-08   1.4319570E-03
   8.4057971E-01   4.0943910E+04   1.9962442E+04   6.0906352E+04   2.7579103E-03   2.5256865E-08   1.8539937E-03
   8.5507246E-01   3.7064883E+04   1.8288424E+04   5.5353307E+04   1.2631844E-03   1.3995924E-08   8.4583834E-04
   8.6956522E-01   3.3971861E+04   1.6708094E+04   5.0679955E+04   2.8506277E-03   4.6154639E-08   1.9108222E-03
   8.8405797E-01   3.0247358E+04   1.4235512E+04   4.4482870E+04   2.8811039E-03   4.0011227E-09   1.9590867E-03
   8.9855072E-01   2.5665275E+04   1.3015961E+04   3.8681236E+04   1.3751591E-03   4.0045260E-08   9.1243987E-04
   9.1304348E-01   2.2671963E+04   1.0909003E+04   3.3580965E+04   1.5639475E-03   3.6072311E-07   1.0559036E-03
   9.2753623E-01   1.8955257E+04   9.4361896E+03   2.8391446E+04   2.7872538E-03   5.2707971E-08   1.8608806E-03
   9.4202899E-01   1.5469486E+04   8.0203514E+03   2.3489837E+04   1.7464581E-03   3.6077384E-08   1.1501396E-03
   9.5652174E-01   1.2261557E+04   6.3489149E+03   1.8610472E+04   1.8128712E-03   3.8225540E-08   1.1944041E-03
   9.7101449E-01   8.4368890E+03   4.2863015E+03   1.2723191E+04   2.0941542E-03   2.1810205E-08   1.3886496E-03
   9.8550725E-01   3.8889721E+03   2.1060623E+03   5.9950344E+03   3.0398094E-03   5.9708398E-09   1.9719198E-03
   1.0000000E+00   0.0000000E+00   0.0000000E+00   0.0000000E+00   0.0000000E+00   0.0000000E+00   0.0000000E+00
