   0.0000000E+00   7.0317964E+05   4.1220876E+05   1.1153884E+06   0.0000000E+00   0.0000000E+00   0.0000000E+00
   1.4492754E-02   6.4862260E+05   3.3416188E+05   9.8278448E+05   3.2429421E-05   4.1361835E-08   2.1392532E-05
   2.8985507E-02   6.7627999E+05   3.5121095E+05   1.0274909E+06   3.2149235E-04   8.1174837E-09   2.1160449E-04
   4.3478261E-02   7.0090643E+05   3.6144040E+05   1.0623468E+06   1.4281893E-04   1.9307105E-09   9.4228475E-05
   5.7971014E-02   7.1075701E+05   3.5689398E+05   1.0676510E+06   2.6690679E-05   1.2646774E-09   1.7768416E-05
   7.2463768E-02   7.4440052E+05   3.7735287E+05   1.1217534E+06   2.6666688E-04   4.7391870E-05   1.6106732E-04
   8.6956522E-02   7.3702521E+05   3.7230129E+05   1.1093265E+06   3.9765326E-05   1.3317916E-08   2.6421082E-05
   1.0144928E-01   7.5167479E+05   3.7962608E+05   1.1313009E+06   2.0861794E-04   2.2132811E-09   1.3861360E-04
   1.1594203E-01   7.6360914E+05   3.9127628E+05   1.1548854E+06   4.1586325E-05   8.1003859E-09   2.7499427E-05
   1.3043478E-01   8.0665280E+05   4.0656783E+05   1.2131364E+06   5.1183734E-05   8.2218845E-05   6.6414970E-06
   1.4492754E-01   8.2881239E+05   4.1395155E+05   1.2427639E+06   7.8280041E-05   5.2054488E-05   3.8968412E-05
   1.5942029E-01   8.4081218E+05   4.1186433E+05   1.2526765E+06   9.4792932E-05   5.7688639E-09   6.3624767E-05
   1.7391304E-01   8.5706333E+05   4.3380425E+05   1.2906150E+06   1.8470468E-04   6.7625974E-05   1.3762804E-04
   1.8840580E-01   8.6172147E+05   4.3313395E+05   1.2946223E+06   4.4887284E-05   1.3062567E-05   2.8366927E-05
   2.0289855E-01   8.7069357E+05   4.4040739E+05   1.3110468E+06   6.7274393E-05   6.4040373E-05   6.4391141E-05
   2.1739130E-01   8.6119300E+05   4.2832329E+05   1.2894153E+06   1.0163691E-04   1.9257499E-05   7.1007843E-05
   2.3188406E-01   8.4156130E+05   4.2840538E+05   1.2697772E+06   5.4350528E-05   2.9070380E-05   4.5775648E-05
   2.4637681E-01   8.3422352E+05   4.1586372E+05   1.2498198E+06   8.1398998E-05   4.5779167E-06   5.3833223E-05
   2.6086957E-01   8.0560038E+05   4.0791491E+05   1.2133890E+06   6.6253081E-05   1.3856613E-05   4.8233358E-05
   2.7536232E-01   7.7169499E+05   3.8812071E+05   1.1596562E+06   3.6315181E-05   4.3360738E-05   3.1090704E-05
   2.8985507E-01   7.5337970E+05   3.8080057E+05   1.1341045E+06   1.2373711E-04   1.8158478E-05   7.9127845E-05
   3.0434783E-01   7.1461786E+05   3.5541459E+05   1.0698159E+06   5.7723521E-05   1.1725400E-06   3.8308553E-05
   3.1884058E-01   6.8416734E+05   3.3743392E+05   1.0214979E+06   9.7490967E-05   4.7350425E-05   7.6479043E-05
   3.3333333E-01   6.4101229E+05   3.2319117E+05   9.6400579E+05   1.9059655E-04   2.7562629E-05   1.3320084E-04
   3.4782609E-01   6.1477703E+05   3.0565203E+05   9.2042906E+05   1.6786882E-04   2.8561262E-09   1.1212412E-04
   3.6231884E-01   5.7297017E+05   2.9224388E+05   8.6521406E+05   9.6756612E-05   3.8938566E-05   7.1559669E-05
   3.7681159E-01   5.4487096E+05   2.7424239E+05   8.1911336E+05   6.7814213E-05   5.1082935E-05   2.8425254E-05
   3.9130435E-01   5.0614004E+05   2.5622726E+05   7.6228310E+05   1.2837291E-04   2.0041242E-05   8.7520925E-05
   4.0579710E-01   4.7607513E+05   2.3912005E+05   7.1516812E+05   1.8746762E-04   6.6856615E-05   1.4373690E-04
   4.2028986E-01   4.4620239E+05   2.2319265E+05   6.6934278E+05   5.7752743E-05   5.9618290E-06   4.0206612E-05
   4.3478261E-01   4.1256237E+05   2.0916058E+05   6.2167243E+05   4.9821275E-05   2.0441573E-05   3.9018590E-05
   4.4927536E-01   3.8889002E+05   1.9556939E+05   5.8443497E+05   1.4495008E-04   6.2371919E-05   1.1650634E-04
   4.6376812E-01   3.5459709E+05   1.7974935E+05   5.3429908E+05   3.2870830E-04   4.6440274E-05   2.2153282E-04
   4.7826087E-01   3.3485073E+05   1.6876863E+05   5.0359639E+05   5.1380984E-05   2.9173612E-05   4.3908961E-05
   4.9275362E-01   3.1136292E+05   1.5424399E+05   4.6554005E+05   2.2628147E-04   4.3983203E-05   1.5827064E-04
   5.0724638E-01   2.8895747E+05   1.4819165E+05   4.3712747E+05   1.1620681E-04   7.0162043E-05   9.4053042E-05
   5.2173913E-01   2.6257681E+05   1.3536124E+05   3.9793805E+05   9.0707006E-05   7.8505625E-05   7.7402896E-05
   5.3623188E-01   2.4806661E+05   1.2328581E+05   3.7133193E+05   2.9973008E-04   4.4256395E-05   2.0753388E-04
   5.5072464E-01   2.2815850E+05   1.1545514E+05   3.4361365E+05   3.4224584E-04   2.9597944E-06   2.2633419E-04
   5.6521739E-01   2.1160283E+05   1.0608314E+05   3.1768596E+05   6.9461983E-04   6.0468706E-08   4.6268386E-04
   5.7971014E-01   1.9506037E+05   9.6384106E+04   2.9140659E+05   3.7068018E-04   9.3015332E-05   2.5836889E-04
   5.9420290E-01   1.8056311E+05   8.9856482E+04   2.7040111E+05   3.1378996E-04   5.6163168E-05   2.2807871E-04
   6.0869565E-01   1.6549330E+05   8.3621655E+04   2.4911496E+05   4.1610765E-04   1.1896964E-04   2.7537898E-04
   6.2318841E-01   1.5338000E+05   7.6055617E+04   2.2941800E+05   3.1326920E-04   2.1903198E-05   2.1165325E-04
   6.3768116E-01   1.4360832E+05   7.0900044E+04   2.1450837E+05   1.7599152E-04   9.6155703E-05   1.0550075E-04
   6.5217391E-01   1.3120632E+05   6.4155039E+04   1.9532768E+05   4.3595563E-04   7.8836386E-05   3.1864164E-04
   6.6666667E-01   1.1741624E+05   6.1673177E+04   1.7908942E+05   4.0643438E-04   7.4303826E-05   2.8562140E-04
   6.8115942E-01   1.1006528E+05   5.4863360E+04   1.6492864E+05   1.1405435E-04   1.6448377E-04   2.2049666E-05
   6.9565217E-01   1.0234181E+05   4.9805401E+04   1.5214721E+05   1.5714853E-04   4.9524144E-08   1.0571475E-04
   7.1014493E-01   9.3294396E+04   4.5294097E+04   1.3858849E+05   3.7978887E-04   6.7714143E-08   2.5564291E-04
   7.2463768E-01   8.4805890E+04   4.3069753E+04   1.2787564E+05   5.5168595E-04   6.8425671E-06   3.6727285E-04
   7.3913043E-01   7.8076594E+04   3.9209159E+04   1.1728575E+05   5.0255527E-04   5.0893407E-05   3.3156162E-04
   7.5362319E-01   7.2903012E+04   3.5963349E+04   1.0886636E+05   6.7928543E-04   1.9430195E-04   4.9556750E-04
   7.6811594E-01   6.5637153E+04   3.2797131E+04   9.8434284E+04   5.9430713E-04   2.7858505E-05   3.9087442E-04
   7.8260870E-01   6.0450549E+04   3.0744464E+04   9.1180981E+04   5.2263778E-04   1.1211778E-09   3.4649489E-04
   7.9710145E-01   5.4722366E+04   2.7815825E+04   8.2538190E+04   3.7638320E-04   3.6511798E-05   2.5353735E-04
   8.1159420E-01   5.0389489E+04   2.4626442E+04   7.5015932E+04   1.0215656E-03   6.3781402E-08   6.8620911E-04
   8.2608696E-01   4.5504082E+04   2.3037854E+04   6.8541936E+04   2.2747024E-04   6.7044878E-08   1.5102873E-04
   8.4057971E-01   4.1152941E+04   2.0119215E+04   6.1272156E+04   6.6980803E-04   4.1148481E-07   4.4973622E-04
   8.5507246E-01   3.7437329E+04   1.8365482E+04   5.5802812E+04   7.6118725E-04   1.9126667E-04   4.5042626E-04
   8.6956522E-01   3.3744540E+04   1.6000873E+04   4.9745413E+04   9.6098548E-04   4.6734571E-05   6.6049491E-04
   8.8405797E-01   2.9241183E+04   1.4931139E+04   4.4172322E+04   9.1556775E-04   5.6802283E-04   7.9763701E-04
   8.9855072E-01   2.5237520E+04   1.2661536E+04   3.7899056E+04   4.6252440E-04   8.5241198E-09   3.0800283E-04
   9.1304348E-01   2.2263025E+04   1.1029278E+04   3.3292304E+04   7.1009708E-04   3.4112841E-04   4.7941884E-04
   9.2753623E-01   1.7937048E+04   9.2467555E+03   2.7183804E+04   2.2265617E-04   6.8017875E-04   3.4442185E-04
   9.4202899E-01   1.6273852E+04   8.0086939E+03   2.4282546E+04   1.4233437E-03   1.2036390E-08   9.5390972E-04
   9.5652174E-01   1.2043421E+04   6.3489149E+03   1.8392336E+04   1.0627783E-03   3.2422136E-08   6.9591063E-04
   9.7101449E-01   8.5726031E+03   4.4333251E+03   1.3005928E+04   3.8889738E-04   1.2200064E-07   2.5630694E-04
   9.8550725E-01   4.5241337E+03   2.3177828E+03   6.8419165E+03   1.0205271E-03   0.0000000E+00   6.7481106E-04
   1.0000000E+00   0.0000000E+00   0.0000000E+00   0.0000000E+00   0.0000000E+00   0.0000000E+00   0.0000000E+00
