   0.0000000E+00   7.1530343E+05   3.2128035E+05   1.0365838E+06   3.2891608E-03   0.0000000E+00   2.2697133E-03
   1.4492754E-02   6.6605055E+05   3.4552793E+05   1.0115785E+06   7.6170117E-04   4.4238745E-08   5.0153173E-04
   2.8985507E-02   7.1265135E+05   3.6106153E+05   1.0737129E+06   5.7529170E-04   1.1105916E-08   3.8183260E-04
   4.3478261E-02   7.0141159E+05   3.5032693E+05   1.0517385E+06   6.3034183E-04   1.0775619E-06   4.2017338E-04
   5.7971014E-02   7.0204304E+05   3.4931661E+05   1.0513596E+06   1.7660721E-04   3.4843109E-08   1.1791779E-04
   7.2463768E-02   7.0924154E+05   3.5037744E+05   1.0596190E+06   5.7356787E-05   2.0293649E-08   3.8386509E-05
   8.6956522E-02   7.2022872E+05   3.6497650E+05   1.0852052E+06   1.7022773E-04   7.5113357E-08   1.1299632E-04
   1.0144928E-01   7.4398918E+05   3.7811061E+05   1.1220998E+06   2.1829797E-04   1.0023787E-08   1.4474183E-04
   1.1594203E-01   7.7506991E+05   3.8871892E+05   1.1636941E+06   1.4095940E-04   7.7653033E-08   9.3876013E-05
   1.3043478E-01   8.1507209E+05   4.0042174E+05   1.2154938E+06   2.4170038E-04   9.3403890E-09   1.6207951E-04
   1.4492754E-01   8.3858719E+05   4.1417887E+05   1.2527661E+06   1.8019139E-04   3.7829349E-09   1.2061750E-04
   1.5942029E-01   8.3454363E+05   4.2095717E+05   1.2554319E+06   1.4501409E-04   3.8082192E-09   9.6396301E-05
   1.7391304E-01   8.5340094E+05   4.3380425E+05   1.2870789E+06   2.3283736E-04   6.8325381E-08   1.5436072E-04
   1.8840580E-01   8.5880710E+05   4.3144361E+05   1.2899593E+06   3.0407982E-04   2.9556009E-08   2.0245349E-04
   2.0289855E-01   8.6360332E+05   4.3245115E+05   1.2958921E+06   2.1363470E-04   6.0303484E-08   1.4237589E-04
   2.1739130E-01   8.6083939E+05   4.3049547E+05   1.2910823E+06   3.3475774E-04   1.7756331E-08   2.2320791E-04
   2.3188406E-01   8.5354302E+05   4.2513764E+05   1.2785386E+06   1.6486409E-04   1.4711395E-07   1.1001338E-04
   2.4637681E-01   8.3137086E+05   4.1786949E+05   1.2490621E+06   1.6468050E-04   5.8695768E-09   1.0960940E-04
   2.6086957E-01   8.0256944E+05   4.0277914E+05   1.2049697E+06   1.3489868E-04   7.6804916E-08   8.9826030E-05
   2.7536232E-01   7.8286164E+05   3.8664511E+05   1.1693871E+06   4.2026085E-04   9.7379429E-09   2.8134614E-04
   2.8985507E-01   7.4178633E+05   3.7523121E+05   1.1167902E+06   4.3034986E-04   1.4569184E-08   2.8584866E-04
   3.0434783E-01   7.1981377E+05   3.5563108E+05   1.0752284E+06   1.0096940E-04   1.5246530E-08   7.6896890E-05
   3.1884058E-01   6.7858764E+05   3.4377136E+05   1.0221523E+06   3.1227038E-04   3.5253740E-08   2.0730736E-04
   3.3333333E-01   6.5066520E+05   3.2029200E+05   9.7095720E+05   1.9248232E-04   1.0818539E-07   1.2897887E-04
   3.4782609E-01   6.0675765E+05   3.1089305E+05   9.1758755E+05   2.0267730E-04   3.3339607E-08   1.3401026E-04
   3.6231884E-01   5.7248522E+05   2.8975851E+05   8.6215280E+05   1.4404169E-04   7.8767814E-08   9.5624386E-05
   3.7681159E-01   5.4160687E+05   2.7214404E+05   8.1366348E+05   4.3566488E-04   1.1004477E-07   2.9003156E-04
   3.9130435E-01   5.1722545E+05   2.5412243E+05   7.7126369E+05   4.8979033E-04   4.7902091E-09   3.2846366E-04
   4.0579710E-01   4.6876839E+05   2.3730689E+05   7.0599409E+05   2.7095516E-04   6.1245175E-08   1.7991860E-04
   4.2028986E-01   4.4361564E+05   2.2381974E+05   6.6735699E+05   2.0178602E-04   8.5136949E-08   1.3415025E-04
   4.3478261E-01   4.1213298E+05   2.0703892E+05   6.1914664E+05   3.1989966E-04   1.3992674E-07   2.1292055E-04
   4.4927536E-01   3.8862115E+05   1.9984694E+05   5.8839476E+05   4.5122662E-04   4.6727360E-07   2.9817335E-04
   4.6376812E-01   3.6193766E+05   1.7586595E+05   5.3777993E+05   7.6361091E-04   2.0238912E-07   5.1387555E-04
   4.7826087E-01   3.3480481E+05   1.6702353E+05   5.0182834E+05   5.0187152E-04   7.6008993E-07   3.3497809E-04
   4.9275362E-01   3.1370299E+05   1.5627205E+05   4.6993046E+05   6.8921206E-04   3.5427052E-07   4.6017724E-04
   5.0724638E-01   2.8793994E+05   1.4606998E+05   4.3396662E+05   6.9051507E-04   1.5350865E-07   4.5812009E-04
   5.2173913E-01   2.6933329E+05   1.3378262E+05   4.0309487E+05   9.1589348E-04   5.3278509E-08   6.1198191E-04
   5.3623188E-01   2.4722695E+05   1.2531326E+05   3.7254022E+05   9.1460671E-04   4.2177156E-07   6.0694219E-04
   5.5072464E-01   2.2833797E+05   1.1445812E+05   3.4279609E+05   7.1580130E-04   3.7574305E-09   4.7679737E-04
   5.6521739E-01   2.0938790E+05   1.0548083E+05   3.1484931E+05   1.5249429E-03   2.6756608E-07   1.0141109E-03
   5.7971014E-01   1.9636746E+05   1.0060849E+05   2.9695701E+05   1.1963927E-03   3.9513233E-08   7.9112159E-04
   5.9420290E-01   1.8128388E+05   8.8507341E+04   2.6977274E+05   9.0569122E-04   4.0687153E-08   6.0861269E-04
   6.0869565E-01   1.6740568E+05   8.3260828E+04   2.5064847E+05   9.6889706E-04   4.6621870E-08   6.4713096E-04
   6.2318841E-01   1.5186453E+05   7.5685559E+04   2.2753247E+05   1.1166460E-03   5.2201312E-08   7.4530744E-04
   6.3768116E-01   1.4429717E+05   6.9883988E+04   2.1418116E+05   2.0019738E-03   7.9268303E-07   1.3488157E-03
   6.5217391E-01   1.3187986E+05   6.6983923E+04   1.9884694E+05   1.3271626E-03   1.5529236E-08   8.8020041E-04
   6.6666667E-01   1.2021657E+05   5.8213944E+04   1.7841404E+05   1.8244446E-03   5.7542348E-08   1.2293061E-03
   6.8115942E-01   1.1140341E+05   5.5072947E+04   1.6646024E+05   1.7908797E-03   5.5011787E-08   1.1985576E-03
   6.9565217E-01   1.0202609E+05   5.1999680E+04   1.5402577E+05   2.0732520E-03   7.3672565E-07   1.3732409E-03
   7.1014493E-01   9.3711925E+04   4.5773481E+04   1.3948541E+05   2.4524846E-03   6.8744306E-09   1.6476804E-03
   7.2463768E-01   8.4836199E+04   4.3069753E+04   1.2790595E+05   2.7402465E-03   6.5346924E-08   1.8175219E-03
   7.3913043E-01   7.9755500E+04   3.8347419E+04   1.1810292E+05   2.9674834E-03   1.0269356E-08   2.0039597E-03
   7.5362319E-01   7.2378425E+04   3.5599052E+04   1.0796291E+05   2.8698724E-03   2.6640117E-07   1.9239640E-03
   7.6811594E-01   6.6051764E+04   3.2382521E+04   9.8434284E+04   1.9964716E-03   1.0839386E-07   1.3397142E-03
   7.8260870E-01   5.9342008E+04   2.9706084E+04   8.9048093E+04   2.0512641E-03   4.2149049E-08   1.3669735E-03
   7.9710145E-01   5.5769420E+04   2.8063811E+04   8.3833231E+04   2.4785606E-03   9.4603175E-06   1.6486612E-03
   8.1159420E-01   5.1255474E+04   2.4694097E+04   7.5949572E+04   3.5116518E-03   1.3358761E-07   2.3698422E-03
   8.2608696E-01   4.4839401E+04   2.2718807E+04   6.7558208E+04   2.6565709E-03   2.3676593E-07   1.7632759E-03
   8.4057971E-01   4.0878588E+04   2.0680986E+04   6.1559573E+04   3.5734080E-03   3.2040161E-06   2.3739570E-03
   8.5507246E-01   3.6564006E+04   1.7646275E+04   5.4210280E+04   4.2474331E-03   2.6379814E-06   2.8655830E-03
   8.6956522E-01   3.1989117E+04   1.7049075E+04   4.9038192E+04   3.8890763E-03   1.0186799E-07   2.5369982E-03
   8.8405797E-01   3.0508218E+04   1.4421841E+04   4.4930059E+04   4.0930216E-03   6.9337031E-07   2.7793149E-03
   8.9855072E-01   2.5506395E+04   1.3382608E+04   3.8889002E+04   3.9365737E-03   8.1387970E-07   2.5816462E-03
   9.1304348E-01   2.1793950E+04   1.0969141E+04   3.2763091E+04   3.1740671E-03   1.9007358E-07   2.1113977E-03
   9.2753623E-01   1.8990776E+04   9.5190671E+03   2.8509843E+04   3.9206412E-03   5.0612099E-08   2.6115785E-03
   9.4202899E-01   1.6378770E+04   8.4167059E+03   2.4795476E+04   2.7958033E-03   3.2413562E-08   1.8467710E-03
   9.5652174E-01   1.2824119E+04   6.4292810E+03   1.9253400E+04   4.9483101E-03   6.0427477E-08   3.2959050E-03
   9.7101449E-01   9.3981968E+03   4.4898726E+03   1.3888069E+04   4.1519244E-03   8.3243452E-08   2.8096285E-03
   9.8550725E-01   4.1898381E+03   1.7383371E+03   5.9281752E+03   3.7781816E-03   0.0000000E+00   2.6702937E-03
   1.0000000E+00   0.0000000E+00   0.0000000E+00   0.0000000E+00   0.0000000E+00   0.0000000E+00   0.0000000E+00
