   0.0000000E+00   7.2742722E+05   3.3340414E+05   1.0608314E+06   0.0000000E+00   0.0000000E+00   0.0000000E+00
   1.4492754E-02   6.9939096E+05   3.4552793E+05   1.0449189E+06   5.5035911E-04   2.9545819E-08   3.6837920E-04
   2.8985507E-02   7.0090643E+05   3.4439132E+05   1.0452978E+06   5.1522791E-04   7.6339190E-09   3.4547929E-04
   4.3478261E-02   6.9863322E+05   3.5158982E+05   1.0502230E+06   4.7218939E-05   6.0493526E-09   3.1410259E-05
   5.7971014E-02   7.1359852E+05   3.4893774E+05   1.0625363E+06   1.1371590E-04   6.0631211E-09   7.6373313E-05
   7.2463768E-02   7.0424047E+05   3.7159407E+05   1.0758345E+06   5.1149264E-05   4.3772260E-09   3.3482778E-05
   8.6956522E-02   7.4447629E+05   3.6863890E+05   1.1129889E+06   3.7421948E-05   1.4588258E-10   2.5031513E-05
   1.0144928E-01   7.4961808E+05   3.7659513E+05   1.1262132E+06   1.3869501E-04   2.5124551E-09   9.2317123E-05
   1.1594203E-01   7.8027935E+05   4.0264233E+05   1.1829217E+06   1.0845485E-04   1.2786490E-08   7.1541117E-05
   1.3043478E-01   7.9831769E+05   4.0673621E+05   1.2050539E+06   5.9393997E-05   6.4304580E-09   3.9349177E-05
   1.4492754E-01   8.1327878E+05   4.2236243E+05   1.2356412E+06   8.7349445E-05   1.6967347E-08   5.7488490E-05
   1.5942029E-01   8.5307374E+05   4.2667464E+05   1.2796795E+06   6.8425666E-05   2.7751042E-08   4.5609312E-05
   1.7391304E-01   8.4771792E+05   4.2629003E+05   1.2739448E+06   7.1118541E-05   3.3758908E-09   4.7324847E-05
   1.8840580E-01   8.7897455E+05   4.3523229E+05   1.3140903E+06   1.0499992E-04   7.1755006E-10   7.0232764E-05
   2.0289855E-01   8.6744613E+05   4.2920371E+05   1.2965957E+06   1.5120391E-04   6.6023749E-09   1.0115805E-04
   2.1739130E-01   8.6912398E+05   4.3034392E+05   1.2993669E+06   6.0190000E-05   3.9840082E-09   4.0259767E-05
   2.3188406E-01   8.4383451E+05   4.2272235E+05   1.2664148E+06   4.4769764E-05   1.7549335E-08   2.9834339E-05
   2.4637681E-01   8.2718102E+05   4.1376880E+05   1.2407715E+06   5.5749064E-05   3.3201286E-08   3.7162299E-05
   2.6086957E-01   7.9798092E+05   4.0256866E+05   1.2005075E+06   9.7692734E-05   4.0229020E-09   6.4937289E-05
   2.7536232E-01   7.7432713E+05   3.9537903E+05   1.1694669E+06   1.6029831E-04   2.7216950E-08   1.0613705E-04
   2.8985507E-01   7.4633275E+05   3.8000495E+05   1.1262619E+06   1.0549793E-04   9.7217966E-09   6.9912687E-05
   3.0434783E-01   7.2118491E+05   3.5960018E+05   1.0806047E+06   9.3694725E-05   1.9097843E-08   6.2534915E-05
   3.1884058E-01   6.8289297E+05   3.3684840E+05   1.0195692E+06   6.4028155E-05   2.0635578E-09   4.2884524E-05
   3.3333333E-01   6.4605289E+05   3.2108268E+05   9.6710262E+05   5.1401950E-05   4.2305600E-09   3.4339407E-05
   3.4782609E-01   6.1433502E+05   3.0770424E+05   9.2194454E+05   4.9518745E-05   6.6693523E-09   3.2995676E-05
   3.6231884E-01   5.8036568E+05   2.9072841E+05   8.7106378E+05   4.6963548E-05   2.8581688E-08   3.1281553E-05
   3.7681159E-01   5.4163601E+05   2.7092001E+05   8.1246859E+05   3.6795646E-05   9.2411001E-09   2.4530602E-05
   3.9130435E-01   5.0995679E+05   2.5552565E+05   7.6542631E+05   1.9670781E-04   1.0658879E-08   1.3105490E-04
   4.0579710E-01   4.7824010E+05   2.3438419E+05   7.1254310E+05   7.9513243E-05   1.4322367E-09   5.3367629E-05
   4.2028986E-01   4.4586272E+05   2.2316652E+05   6.6892472E+05   9.9722987E-05   6.3603453E-09   6.6471125E-05
   4.3478261E-01   4.1299175E+05   2.0903429E+05   6.2202604E+05   1.0867273E-04   3.8375983E-08   7.2156911E-05
   4.4927536E-01   3.8786341E+05   1.9070521E+05   5.7856862E+05   9.7766327E-05   3.4321542E-08   6.5536981E-05
   4.6376812E-01   3.5885936E+05   1.8282765E+05   5.4163965E+05   2.3565778E-04   3.9650527E-09   1.5613466E-04
   4.7826087E-01   3.3840980E+05   1.6904417E+05   5.0745396E+05   8.1080867E-05   1.2073955E-08   5.4067017E-05
   4.9275362E-01   3.0897828E+05   1.5660634E+05   4.6554005E+05   1.1461194E-04   2.7785841E-09   7.6066851E-05
   5.0724638E-01   2.9071109E+05   1.4260604E+05   4.3323054E+05   1.0802081E-04   2.1103788E-09   7.2484616E-05
   5.2173913E-01   2.6432381E+05   1.3150941E+05   3.9581218E+05   3.8324049E-05   5.4597024E-09   2.5591031E-05
   5.3623188E-01   2.5246967E+05   1.2412546E+05   3.7651321E+05   1.9738001E-04   1.4890714E-08   1.3235136E-04
   5.5072464E-01   2.2660315E+05   1.1140723E+05   3.3801038E+05   9.8974476E-05   8.1666658E-09   6.6350156E-05
   5.6521739E-01   2.0921304E+05   1.0654944E+05   3.1574305E+05   1.7634058E-04   1.7935372E-08   1.1684823E-04
   5.7971014E-01   1.9451101E+05   9.7710145E+04   2.9218327E+05   3.2142161E-04   1.3098712E-08   2.1397105E-04
   5.9420290E-01   1.8061855E+05   8.9764075E+04   2.7036415E+05   4.4879816E-04   1.3989433E-07   2.9979740E-04
   6.0869565E-01   1.6673815E+05   8.3657738E+04   2.5039589E+05   2.9725684E-04   4.4806536E-09   1.9794150E-04
   6.2318841E-01   1.5454304E+05   7.7641577E+04   2.3216700E+05   1.7356163E-04   1.1678195E-08   1.1553600E-04
   6.3768116E-01   1.4198952E+05   7.0693388E+04   2.1263125E+05   9.3504692E-05   7.7421177E-08   6.2462798E-05
   6.5217391E-01   1.3267127E+05   6.5098000E+04   1.9773560E+05   2.2444001E-04   2.8696200E-09   1.5058891E-04
   6.6666667E-01   1.1866815E+05   5.8790483E+04   1.7745864E+05   1.2609761E-04   2.6872461E-08   8.4313683E-05
   6.8115942E-01   1.0858205E+05   5.4847238E+04   1.6342929E+05   4.8534843E-04   6.4090884E-09   3.2246253E-04
   6.9565217E-01   1.0284697E+05   5.1084081E+04   1.5393105E+05   9.6948133E-05   8.3066790E-09   6.4773852E-05
   7.1014493E-01   9.3851101E+04   4.7551843E+04   1.4137202E+05   2.2877976E-04   1.1594169E-08   1.5188109E-04
   7.2463768E-01   8.2184121E+04   4.3691097E+04   1.2587522E+05   2.4344062E-04   8.8842723E-09   1.5893967E-04
   7.3913043E-01   7.8670897E+04   3.9105156E+04   1.1777605E+05   1.6733293E-04   4.7540581E-09   1.1177468E-04
   7.5362319E-01   7.1751835E+04   3.5628196E+04   1.0738003E+05   6.1884608E-04   2.9304669E-08   4.1352555E-04
   7.6811594E-01   6.6766610E+04   3.3726431E+04   1.0047874E+05   1.4754198E-04   5.5288741E-09   9.8040258E-05
   7.8260870E-01   6.0646999E+04   2.9130766E+04   8.9777765E+04   1.7837401E-04   8.2068337E-09   1.2049739E-04
   7.9710145E-01   5.7105792E+04   2.7802048E+04   8.4907840E+04   2.1227014E-04   2.5087422E-08   1.4276487E-04
   8.1159420E-01   4.9347602E+04   2.4477601E+04   7.3825203E+04   2.3426488E-04   6.8567021E-09   1.5659127E-04
   8.2608696E-01   4.5597137E+04   2.2413053E+04   6.8010191E+04   4.1727040E-04   8.2367191E-10   2.7975700E-04
   8.4057971E-01   4.1557938E+04   2.0093087E+04   6.1651024E+04   3.1369494E-04   6.9431853E-09   2.1145473E-04
   8.5507246E-01   3.6140187E+04   1.7723333E+04   5.3863520E+04   3.1408541E-04   2.3737147E-09   2.1073751E-04
   8.6956522E-01   3.2039633E+04   1.6101905E+04   4.8141537E+04   1.2688690E-04   6.6756553E-09   8.4444875E-05
   8.8405797E-01   2.9961654E+04   1.4620591E+04   4.4569823E+04   2.2890255E-04   1.3608926E-08   1.5387383E-04
   8.9855072E-01   2.4675328E+04   1.3529266E+04   3.8204595E+04   5.4345350E-04   2.9946399E-08   3.5099318E-04
   9.1304348E-01   2.2106667E+04   1.1414161E+04   3.3520828E+04   3.0464558E-04   9.5073397E-09   2.0091091E-04
   9.2753623E-01   1.9594597E+04   9.4598689E+03   2.9054466E+04   5.3825184E-04   1.1150355E-08   3.6299832E-04
   9.4202899E-01   1.5003186E+04   8.3700760E+03   2.3373262E+04   1.5807609E-04   0.0000000E+00   1.0146829E-04
   9.5652174E-01   1.2192672E+04   5.7863529E+03   1.7979025E+04   1.3108374E-04   2.8315964E-07   8.8812430E-05
   9.7101449E-01   8.5386746E+03   4.5690391E+03   1.3107714E+04   5.7392700E-04   0.0000000E+00   3.7386961E-04
   9.8550725E-01   4.0672631E+03   2.2063509E+03   6.2736140E+03   3.8663625E-08   0.0000000E+00   2.5066116E-08
   1.0000000E+00   0.0000000E+00   0.0000000E+00   0.0000000E+00   0.0000000E+00   0.0000000E+00   0.0000000E+00
