   0.0000000E+00   7.3955100E+05   2.9097089E+05   1.0305219E+06   0.0000000E+00   0.0000000E+00   0.0000000E+00
   1.4492754E-02   7.1909211E+05   3.4173924E+05   1.0608314E+06   8.9914159E-04   0.0000000E+00   6.0948955E-04
   2.8985507E-02   6.8954038E+05   3.3037319E+05   1.0199136E+06   2.0302458E-04   2.2746917E-09   1.3726089E-04
   4.3478261E-02   6.9661259E+05   3.4502277E+05   1.0416354E+06   2.1708701E-04   2.4499581E-05   1.5326436E-04
   5.7971014E-02   7.0450568E+05   3.5329473E+05   1.0576110E+06   1.7367469E-04   1.5887933E-10   1.1568975E-04
   7.2463768E-02   7.0272500E+05   3.7174562E+05   1.0743191E+06   4.4259752E-05   6.2376804E-08   2.8932169E-05
   8.6956522E-02   7.1669261E+05   3.6535537E+05   1.0819217E+06   2.2636199E-04   3.0076586E-05   1.5783936E-04
   1.0144928E-01   7.6087588E+05   3.8341476E+05   1.1442906E+06   1.2022824E-04   1.0793679E-04   1.0395899E-04
   1.1594203E-01   7.7071292E+05   3.8294118E+05   1.1536541E+06   1.4750850E-04   1.0438527E-04   1.2333685E-04
   1.3043478E-01   8.0336927E+05   3.9444404E+05   1.1977291E+06   1.4420390E-04   4.4980554E-05   9.8504748E-05
   1.4492754E-01   8.1115712E+05   4.2660575E+05   1.2376871E+06   1.1162557E-04   4.4561312E-05   8.7323298E-05
   1.5942029E-01   8.5148938E+05   4.2316150E+05   1.2746509E+06   1.6084199E-04   4.1173404E-09   1.0744662E-04
   1.7391304E-01   8.6615617E+05   4.4037130E+05   1.3065275E+06   1.0908380E-05   3.0412653E-05   1.7000116E-05
   1.8840580E-01   8.6859939E+05   4.3179334E+05   1.3003344E+06   2.0810044E-04   5.6728018E-05   1.3313924E-04
   2.0289855E-01   8.6165486E+05   4.3239703E+05   1.2938895E+06   1.2094714E-04   1.3122408E-04   1.1235067E-04
   2.1739130E-01   8.6962913E+05   4.3292023E+05   1.3025494E+06   1.1547080E-04   8.1356452E-05   8.7137790E-05
   2.3188406E-01   8.5515321E+05   4.1898103E+05   1.2740395E+06   1.0153695E-04   2.7826263E-05   5.9927662E-05
   2.4637681E-01   8.2820620E+05   4.1301107E+05   1.2410390E+06   1.5434867E-04   2.3931274E-05   1.1096042E-04
   2.6086957E-01   7.9878075E+05   4.0387365E+05   1.2026123E+06   1.8986661E-04   5.2504214E-05   1.2254077E-04
   2.7536232E-01   7.7608189E+05   3.9342486E+05   1.1694270E+06   3.9115673E-05   3.6857001E-05   2.3491628E-05
   2.8985507E-01   7.5144747E+05   3.7606472E+05   1.1273228E+06   7.3259339E-05   6.4393109E-05   3.3230253E-05
   3.0434783E-01   7.1649416E+05   3.5837337E+05   1.0746871E+06   2.2709728E-05   3.7179335E-05   2.0326680E-05
   3.1884058E-01   6.8130861E+05   3.3826054E+05   1.0195347E+06   1.2343168E-04   2.2849141E-05   8.8551949E-05
   3.3333333E-01   6.4845788E+05   3.2282877E+05   9.7112192E+05   3.3589052E-05   3.3504515E-05   2.6169796E-05
   3.4782609E-01   6.0808369E+05   3.0006373E+05   9.0805270E+05   5.9061925E-05   1.0017530E-04   7.1699137E-05
   3.6231884E-01   5.7448564E+05   2.8884922E+05   8.6324394E+05   1.5737011E-04   1.3506851E-04   1.4669788E-04
   3.7681159E-01   5.4297662E+05   2.7418410E+05   8.1710244E+05   1.2665742E-04   8.4211523E-05   7.7525646E-05
   3.9130435E-01   5.0709423E+05   2.5807950E+05   7.6517373E+05   4.9546231E-05   9.7937689E-05   4.9998785E-05
   4.0579710E-01   4.7742824E+05   2.3503368E+05   7.1240779E+05   1.8366577E-04   3.1895786E-05   1.1258458E-04
   4.2028986E-01   4.4419047E+05   2.2138976E+05   6.6552797E+05   1.1992029E-04   5.8476021E-05   9.8512106E-05
   4.3478261E-01   4.1741188E+05   2.0807449E+05   6.2543586E+05   3.6551201E-04   2.9084282E-05   2.4577624E-04
   4.4927536E-01   3.8595685E+05   1.9231846E+05   5.7820198E+05   3.8934342E-04   4.8903102E-05   2.6039566E-04
   4.6376812E-01   3.6011436E+05   1.8237775E+05   5.4246843E+05   2.8995559E-04   3.8746637E-05   2.0529068E-04
   4.7826087E-01   3.3181978E+05   1.7026114E+05   5.0203500E+05   2.3531786E-04   6.9838984E-05   1.7917824E-04
   4.9275362E-01   3.0735137E+05   1.5885727E+05   4.6614178E+05   4.8426939E-04   1.5501163E-04   3.3601129E-04
   5.0724638E-01   2.8978016E+05   1.4293079E+05   4.3264600E+05   3.0711795E-04   1.1005774E-04   2.3517628E-04
   5.2173913E-01   2.6722847E+05   1.3527705E+05   4.0248447E+05   1.9740221E-04   4.6663618E-05   1.1544493E-04
   5.3623188E-01   2.4478991E+05   1.2492416E+05   3.6963215E+05   7.1109337E-04   9.0143303E-05   4.6621509E-04
   5.5072464E-01   2.3041177E+05   1.1429860E+05   3.4471037E+05   7.8299156E-04   1.2186790E-04   5.6365072E-04
   5.6521739E-01   2.1465320E+05   1.0771518E+05   3.2232953E+05   6.4113425E-04   6.8974047E-05   4.3316223E-04
   5.7971014E-01   1.9401848E+05   9.9187732E+04   2.9320621E+05   7.0555461E-04   2.1110957E-07   4.6688254E-04
   5.9420290E-01   1.8333531E+05   9.1334993E+04   2.7463334E+05   8.4758877E-04   1.3902673E-04   6.1095836E-04
   6.0869565E-01   1.6493402E+05   8.0680916E+04   2.4559689E+05   7.8433190E-04   1.5049241E-04   4.9604870E-04
   6.2318841E-01   1.5300994E+05   7.7835417E+04   2.3084536E+05   8.0477985E-04   8.1035075E-09   5.3342780E-04
   6.3768116E-01   1.4090458E+05   7.0056201E+04   2.1094356E+05   7.1217604E-04   1.0662763E-05   4.7282121E-04
   6.5217391E-01   1.2918569E+05   6.6512442E+04   1.9568129E+05   1.0203207E-03   1.5444270E-04   6.9329934E-04
   6.6666667E-01   1.1914586E+05   6.1475507E+04   1.8062136E+05   8.1686182E-04   9.3365634E-05   5.6921885E-04
   6.8115942E-01   1.0877552E+05   5.4831116E+04   1.6360664E+05   9.6979183E-04   8.4013318E-05   6.3764913E-04
   6.9565217E-01   9.9516085E+04   5.0105338E+04   1.4962142E+05   1.0376500E-03   1.6121445E-04   6.8993847E-04
   7.1014493E-01   9.4237701E+04   4.6144618E+04   1.4038232E+05   1.0656063E-03   2.3723029E-04   6.3739347E-04
   7.2463768E-01   8.5442388E+04   4.3903263E+04   1.2934565E+05   1.4669706E-03   2.7364871E-04   1.0519278E-03
   7.3913043E-01   8.0022937E+04   3.8674286E+04   1.1869722E+05   1.4889232E-03   1.8788407E-07   1.0037639E-03
   7.5362319E-01   7.1766407E+04   3.5205612E+04   1.0697202E+05   1.0954474E-03   4.9495525E-05   7.1928248E-04
   7.6811594E-01   6.5065276E+04   3.3140257E+04   9.8205534E+04   1.4867039E-03   1.9691441E-04   9.9535793E-04
   7.8260870E-01   6.0155873E+04   2.9327216E+04   8.9483090E+04   1.9738308E-03   1.8549454E-04   1.3041767E-03
   7.9710145E-01   5.4694812E+04   2.8270467E+04   8.2965278E+04   1.4718592E-03   2.9070171E-04   9.0326919E-04
   8.1159420E-01   4.8495148E+04   2.5397710E+04   7.3892858E+04   1.5525336E-03   1.5016957E-04   1.0233722E-03
   8.2608696E-01   4.5623725E+04   2.3503131E+04   6.9126855E+04   1.9675986E-03   3.7633214E-04   1.3153452E-03
   8.4057971E-01   4.2616156E+04   2.1020661E+04   6.3636817E+04   2.3748351E-03   4.6937803E-09   1.5903749E-03
   8.5507246E-01   3.7552916E+04   1.7941664E+04   5.5494580E+04   1.8054617E-03   3.0606221E-04   1.3205703E-03
   8.6956522E-01   3.3555106E+04   1.7175365E+04   5.0730471E+04   1.8293657E-03   2.1104852E-04   1.2813914E-03
   8.8405797E-01   3.0408843E+04   1.4036762E+04   4.4445604E+04   1.2938222E-03   3.4215243E-04   8.1912477E-04
   8.9855072E-01   2.6031922E+04   1.2722643E+04   3.8754565E+04   3.1753269E-03   5.8195699E-08   2.1329042E-03
   9.1304348E-01   2.2287081E+04   1.1005223E+04   3.3292304E+04   2.9632307E-03   2.9895373E-04   2.0473438E-03
   9.2753623E-01   1.8967096E+04   1.0217606E+04   2.9184702E+04   2.7373935E-03   4.8965584E-04   1.9375283E-03
   9.4202899E-01   1.5947443E+04   8.0786388E+03   2.4026082E+04   2.1187006E-03   1.0310811E-08   1.4062982E-03
   9.5652174E-01   1.2353404E+04   6.4292810E+03   1.8782685E+04   3.2200637E-03   3.9914388E-08   2.1178309E-03
   9.7101449E-01   9.2851018E+03   4.6821341E+03   1.3967236E+04   3.6003872E-03   7.1667085E-07   2.3936353E-03
   9.8550725E-01   3.7998266E+03   1.8720553E+03   5.6718819E+03   2.6158818E-03   0.0000000E+00   1.7524867E-03
   1.0000000E+00   0.0000000E+00   0.0000000E+00   0.0000000E+00   0.0000000E+00   0.0000000E+00   0.0000000E+00
