   0.0000000E+00   6.7287018E+05   3.3340414E+05   1.0062743E+06   0.0000000E+00   0.0000000E+00   0.0000000E+00
   1.4492754E-02   6.8196302E+05   3.4931661E+05   1.0312796E+06   3.5937547E-04   0.0000000E+00   2.3764726E-04
   2.8985507E-02   6.8461509E+05   3.4552793E+05   1.0301430E+06   1.8012532E-04   6.3350682E-08   1.1969634E-04
   4.3478261E-02   6.7691144E+05   3.5083208E+05   1.0277435E+06   1.1725676E-04   0.0000000E+00   7.7229818E-05
   5.7971014E-02   6.8972982E+05   3.5215812E+05   1.0418879E+06   1.9868947E-04   2.6852901E-05   1.2279374E-04
   7.2463768E-02   6.9545073E+05   3.6098576E+05   1.0562849E+06   2.3843180E-04   2.3828426E-08   1.5698983E-04
   8.6956522E-02   7.5672637E+05   3.6131411E+05   1.1180405E+06   1.1537843E-04   5.6656218E-05   6.1001535E-05
   1.0144928E-01   7.4442217E+05   3.6414660E+05   1.1085688E+06   2.1459455E-04   9.8778814E-05   1.3648580E-04
   1.1594203E-01   7.7166010E+05   3.8862420E+05   1.1602843E+06   2.5560084E-04   1.0439029E-04   1.4873520E-04
   1.3043478E-01   7.9006678E+05   4.0269495E+05   1.1927617E+06   2.0989441E-04   5.5734352E-05   1.2424623E-04
   1.4492754E-01   8.2517525E+05   4.1069328E+05   1.2357928E+06   1.7344772E-04   8.3075393E-05   8.9359277E-05
   1.5942029E-01   8.5114495E+05   4.3073886E+05   1.2819527E+06   2.0542149E-04   2.3046168E-05   1.4154241E-04
   1.7391304E-01   8.5340094E+05   4.2502714E+05   1.2783018E+06   7.2426446E-05   3.2921028E-09   4.8352167E-05
   1.8840580E-01   8.7058116E+05   4.2404111E+05   1.2944474E+06   6.2499420E-06   7.5691686E-06   6.5928200E-06
   2.0289855E-01   8.7556474E+05   4.4138162E+05   1.3169464E+06   7.0893807E-05   1.7476353E-05   5.1608441E-05
   2.1739130E-01   8.6376930E+05   4.3170785E+05   1.2952751E+06   7.2021854E-05   4.4750203E-05   5.6548763E-05
   2.3188406E-01   8.5785264E+05   4.2357481E+05   1.2812854E+06   6.2923903E-05   8.7172642E-06   4.1741071E-05
   2.4637681E-01   8.2637871E+05   4.2098959E+05   1.2472346E+06   1.7940899E-05   4.1903898E-05   2.4097892E-05
   2.6086957E-01   7.9494997E+05   4.0202141E+05   1.1968030E+06   1.1028282E-04   7.0136537E-05   7.8712516E-05
   2.7536232E-01   7.6958130E+05   3.8477071E+05   1.1542723E+06   1.9060146E-04   3.0848370E-05   1.1712184E-04
   2.8985507E-01   7.4489305E+05   3.7750442E+05   1.1223217E+06   1.2625308E-04   7.9893178E-05   9.1729726E-05
   3.0434783E-01   7.1894778E+05   3.5577541E+05   1.0747232E+06   1.4327812E-04   3.9376879E-05   9.5759477E-05
   3.1884058E-01   6.8468398E+05   3.4125705E+05   1.0258377E+06   4.1185217E-05   7.0722656E-05   1.7155960E-05
   3.3333333E-01   6.4443858E+05   3.2500315E+05   9.6940878E+05   2.6160410E-04   6.5611266E-05   1.8669820E-04
   3.4782609E-01   6.0925187E+05   3.0366298E+05   9.1285170E+05   1.2590638E-04   5.3208733E-05   7.0797215E-05
   3.6231884E-01   5.7290955E+05   2.9200141E+05   8.6482003E+05   2.6237811E-04   1.0243027E-04   1.7034378E-04
   3.7681159E-01   5.4422980E+05   2.7103658E+05   8.1520810E+05   2.1927660E-04   9.9786970E-05   1.7822180E-04
   3.9130435E-01   5.0869389E+05   2.5695693E+05   7.6562276E+05   8.4910247E-05   6.2936228E-05   7.6333032E-05
   4.0579710E-01   4.7861896E+05   2.3690096E+05   7.1551993E+05   9.5417034E-05   9.1455178E-05   8.1890026E-05
   4.2028986E-01   4.4471305E+05   2.2138976E+05   6.6605055E+05   3.2384703E-04   4.7289185E-05   2.0396303E-04
   4.3478261E-01   4.1731085E+05   2.0403323E+05   6.2129357E+05   3.2260358E-04   5.1594020E-05   2.2995243E-04
   4.4927536E-01   3.9211651E+05   1.9214736E+05   5.8423943E+05   3.2146679E-04   1.1362565E-04   1.9656053E-04
   4.6376812E-01   3.6016172E+05   1.8119378E+05   5.4130814E+05   2.5225651E-04   7.6357956E-05   1.8133354E-04
   4.7826087E-01   3.3671063E+05   1.6909009E+05   5.0577776E+05   4.4456782E-04   7.6508055E-05   3.1638232E-04
   4.9275362E-01   3.1341326E+05   1.5310738E+05   4.6652065E+05   5.6692224E-04   1.4925080E-04   4.1843120E-04
   5.0724638E-01   2.8748530E+05   1.4083078E+05   4.2829442E+05   5.3485933E-04   6.0027239E-05   3.4950831E-04
   5.2173913E-01   2.6844927E+05   1.3329851E+05   4.0166359E+05   5.9486935E-04   4.4034548E-05   4.0367403E-04
   5.3623188E-01   2.4802565E+05   1.2052109E+05   3.6854674E+05   4.6022088E-04   5.6146712E-05   2.9217118E-04
   5.5072464E-01   2.3166802E+05   1.1685097E+05   3.4851899E+05   8.2365378E-04   1.5217854E-04   5.9809526E-04
   5.6521739E-01   2.1311830E+05   1.0239160E+05   3.1547104E+05   6.8606249E-04   2.4375376E-04   5.4139294E-04
   5.7971014E-01   1.9276821E+05   1.0117679E+05   2.9394500E+05   7.5791682E-04   4.1135250E-05   5.0036863E-04
   5.9420290E-01   1.7697772E+05   9.2092729E+04   2.6905197E+05   9.6611701E-04   1.1819265E-04   6.6633281E-04
   6.0869565E-01   1.6547526E+05   8.4307227E+04   2.4978249E+05   1.1077497E-03   2.1193983E-04   8.0230288E-04
   6.2318841E-01   1.5345049E+05   7.8240718E+04   2.3169121E+05   1.3580279E-03   2.0513915E-04   9.3725405E-04
   6.3768116E-01   1.4193786E+05   7.0796716E+04   2.1273457E+05   1.0417822E-03   4.2813408E-04   8.2837234E-04
   6.5217391E-01   1.3413623E+05   6.6899730E+04   2.0100228E+05   1.0164768E-03   5.9311910E-04   8.6501687E-04
   6.6666667E-01   1.2169910E+05   5.9630583E+04   1.8132968E+05   1.1264058E-03   7.5139245E-05   7.4057593E-04
   6.8115942E-01   1.0874328E+05   5.4847238E+04   1.6359051E+05   7.6896483E-04   1.0995233E-04   4.8561864E-04
   6.9565217E-01   1.0327320E+05   5.0136911E+04   1.5341011E+05   1.1228495E-03   7.9567825E-05   7.5307569E-04
   7.1014493E-01   9.3016044E+04   4.6484826E+04   1.3950087E+05   1.1685045E-03   4.4687449E-04   8.9069714E-04
   7.2463768E-01   8.5821257E+04   4.2054386E+04   1.2787564E+05   1.7567527E-03   9.4258926E-08   1.1789850E-03
   7.3913043E-01   7.8908618E+04   3.8644571E+04   1.1755319E+05   1.4124059E-03   1.4683350E-04   9.7964352E-04
   7.5362319E-01   7.2349281E+04   3.6225642E+04   1.0857492E+05   1.8933476E-03   2.4210055E-04   1.2686823E-03
   7.6811594E-01   6.5694341E+04   3.2296739E+04   9.7991080E+04   1.9487430E-03   1.6211149E-04   1.3070678E-03
   7.8260870E-01   6.1306511E+04   3.0772529E+04   9.2079039E+04   1.3503826E-03   2.0841290E-04   9.6181684E-04
   7.9710145E-01   5.6141400E+04   2.7912264E+04   8.4053664E+04   1.5873635E-03   2.9710223E-04   1.1489094E-03
   8.1159420E-01   5.0822482E+04   2.5357117E+04   7.6179599E+04   1.8151013E-03   1.4108047E-04   1.1990047E-03
   8.2608696E-01   4.5557256E+04   2.2771981E+04   6.8329238E+04   2.0715674E-03   5.6120635E-04   1.5404338E-03
   8.4057971E-01   4.2093579E+04   2.0942274E+04   6.3035853E+04   2.4716383E-03   4.4832956E-04   1.7993209E-03
   8.5507246E-01   3.6872238E+04   1.8622342E+04   5.5494580E+04   3.1196310E-03   9.7300643E-04   2.3967743E-03
   8.6956522E-01   3.2784741E+04   1.7604749E+04   5.0389489E+04   2.6165679E-03   5.5976595E-04   1.8814410E-03
   8.8405797E-01   2.8694619E+04   1.4968405E+04   4.3663024E+04   2.5849060E-03   2.9481321E-04   1.7990081E-03
   8.9855072E-01   2.6361904E+04   1.2673757E+04   3.9035661E+04   1.9149586E-03   1.6007067E-04   1.2474652E-03
   9.1304348E-01   2.1926254E+04   1.1005223E+04   3.2931477E+04   1.8493484E-03   4.6414172E-04   1.3266739E-03
   9.2753623E-01   1.9002615E+04   9.1638780E+03   2.8166493E+04   3.3329967E-03   5.4379809E-04   2.4254473E-03
   9.4202899E-01   1.5807553E+04   7.9387490E+03   2.3746302E+04   2.3062653E-03   3.1288104E-04   1.6213951E-03
   9.5652174E-01   1.2548579E+04   6.4407618E+03   1.8989341E+04   3.5002824E-03   2.2726708E-08   2.3130586E-03
   9.7101449E-01   8.7648646E+03   4.4785631E+03   1.3243428E+04   3.8554018E-03   2.9587804E-04   2.6022603E-03
   9.8550725E-01   3.8889721E+03   2.0057736E+03   5.8947457E+03   6.4184060E-03   2.1904437E-07   4.2343759E-03
   1.0000000E+00   0.0000000E+00   0.0000000E+00   0.0000000E+00   0.0000000E+00   0.0000000E+00   0.0000000E+00
