   0.0000000E+00   6.3649881E+05   3.8796118E+05   1.0244600E+06   0.0000000E+00   0.0000000E+00   0.0000000E+00
   1.4492754E-02   6.8575170E+05   3.6144040E+05   1.0471921E+06   2.1046527E-04   1.8730678E-07   1.3775905E-04
   2.8985507E-02   6.9711775E+05   3.3567735E+05   1.0327951E+06   2.4134089E-04   0.0000000E+00   1.6290068E-04
   4.3478261E-02   6.5847318E+05   3.5158982E+05   1.0100630E+06   8.1978807E-05   1.7778918E-05   5.9630174E-05
   5.7971014E-02   7.1303022E+05   3.7280645E+05   1.0858367E+06   1.7750578E-04   6.9433392E-05   1.0976310E-04
   7.2463768E-02   7.0530131E+05   3.4961971E+05   1.0549210E+06   4.5740330E-05   8.1710870E-05   3.9779577E-05
   8.6956522E-02   7.4157163E+05   3.6611311E+05   1.1076847E+06   1.3111584E-04   2.5631357E-04   1.0428683E-04
   1.0144928E-01   7.7884506E+05   3.8124980E+05   1.1598784E+06   6.5716996E-05   9.0533851E-05   5.9734942E-05
   1.1594203E-01   7.7990048E+05   3.8824533E+05   1.1681458E+06   1.0786678E-04   1.4471881E-04   1.0092852E-04
   1.3043478E-01   7.9486578E+05   3.9587532E+05   1.1907411E+06   1.7791521E-04   4.6907599E-05   1.1338962E-04
   1.4492754E-01   8.2153811E+05   4.1258762E+05   1.2342015E+06   5.5126070E-05   1.4580279E-04   8.5435150E-05
   1.5942029E-01   8.4625411E+05   4.2447031E+05   1.2707244E+06   1.8632099E-04   7.2992086E-05   1.4043186E-04
   1.7391304E-01   8.5636874E+05   4.2509028E+05   1.2815853E+06   4.9728862E-05   2.4304225E-05   3.7531483E-05
   1.8840580E-01   8.5146288E+05   4.3004471E+05   1.2814493E+06   8.0737701E-05   9.4873972E-05   7.2918410E-05
   2.0289855E-01   8.6712139E+05   4.3250527E+05   1.2996267E+06   7.7620555E-05   7.7910294E-05   7.6434948E-05
   2.1739130E-01   8.5634348E+05   4.2645421E+05   1.2827472E+06   8.0632303E-05   2.0932495E-05   5.3317955E-05
   2.3188406E-01   8.5060679E+05   4.2404839E+05   1.2746078E+06   5.2622636E-05   8.8076357E-05   5.5938806E-05
   2.4637681E-01   8.2495239E+05   4.1372423E+05   1.2385429E+06   7.8166652E-05   5.9886210E-05   3.3356264E-05
   2.6086957E-01   8.1810304E+05   4.0425252E+05   1.2221872E+06   8.4116680E-05   8.2618151E-05   3.3056327E-05
   2.7536232E-01   7.7803605E+05   3.8919749E+05   1.1672335E+06   2.8358394E-05   1.0858284E-04   2.1629104E-05
   2.8985507E-01   7.4781033E+05   3.7856525E+05   1.1262998E+06   7.5810705E-05   7.3553723E-05   5.3420870E-05
   3.0434783E-01   7.1862304E+05   3.6508475E+05   1.0835635E+06   1.6844379E-04   5.8325125E-05   1.0564926E-04
   3.1884058E-01   6.7462675E+05   3.4180813E+05   1.0164004E+06   1.9676206E-04   5.5974132E-07   1.3044306E-04
   3.3333333E-01   6.5208183E+05   3.2058851E+05   9.7260445E+05   1.6005902E-04   1.0050329E-04   8.1151065E-05
   3.4782609E-01   6.1354571E+05   3.0577832E+05   9.1926089E+05   1.5499393E-04   9.8381162E-05   1.3101491E-04
   3.6231884E-01   5.6672642E+05   2.9248636E+05   8.5915216E+05   1.0401518E-04   8.2229213E-05   8.9884165E-05
   3.7681159E-01   5.4186916E+05   2.7086172E+05   8.1264345E+05   2.0793379E-04   6.7628724E-05   1.5908914E-04
   3.9130435E-01   5.0139717E+05   2.5549758E+05   7.5672637E+05   1.9235601E-04   2.7616625E-04   2.1679589E-04
   4.0579710E-01   4.7120397E+05   2.4077083E+05   7.1194774E+05   1.6107293E-04   1.3322679E-04   1.4039774E-04
   4.2028986E-01   4.4910269E+05   2.1945622E+05   6.6853279E+05   2.3410732E-04   1.2202931E-04   1.7309919E-04
   4.3478261E-01   4.1862426E+05   2.0817553E+05   6.2682504E+05   1.8826953E-04   1.4382107E-04   1.7349290E-04
   4.4927536E-01   3.8994107E+05   1.8975193E+05   5.7969301E+05   1.9949425E-04   1.2684837E-04   1.7494258E-04
   4.6376812E-01   3.5807794E+05   1.8304077E+05   5.4111871E+05   5.1104828E-04   4.9924148E-05   3.5362567E-04
   4.7826087E-01   3.3638916E+05   1.6674799E+05   5.0311420E+05   3.9641802E-04   9.6801347E-05   2.9562024E-04
   4.9275362E-01   3.0966915E+05   1.5217136E+05   4.6184051E+05   2.7410569E-04   7.4241407E-05   1.9132452E-04
   5.0724638E-01   2.8722550E+05   1.4425142E+05   4.3145527E+05   5.5243921E-04   2.3255109E-04   3.7719913E-04
   5.2173913E-01   2.6365027E+05   1.3700300E+05   4.0065327E+05   6.8584163E-04   1.8478059E-04   5.0353107E-04
   5.3623188E-01   2.4661257E+05   1.2424834E+05   3.7081995E+05   4.1591551E-04   2.3501510E-04   3.5528301E-04
   5.5072464E-01   2.2708172E+05   1.1641228E+05   3.4347406E+05   7.5729653E-04   3.1033452E-04   5.5314735E-04
   5.6521739E-01   2.1101995E+05   1.0744318E+05   3.1844370E+05   1.1778893E-03   1.4867872E-04   8.0254305E-04
   5.7971014E-01   1.9534452E+05   9.9756034E+04   2.9511950E+05   1.0766842E-03   4.9000294E-04   8.7765222E-04
   5.9420290E-01   1.7989778E+05   8.9930407E+04   2.6982819E+05   8.7040367E-04   2.5354387E-04   6.6437013E-04
   6.0869565E-01   1.6487989E+05   8.3080415E+04   2.4792423E+05   1.3563815E-03   2.3084503E-04   9.7881244E-04
   6.2318841E-01   1.5378530E+05   7.7729686E+04   2.3151499E+05   1.2608734E-03   3.6612470E-04   9.4286903E-04
   6.3768116E-01   1.4293669E+05   7.1158363E+04   2.1407783E+05   1.6420825E-03   3.2077870E-04   1.1802616E-03
   6.5217391E-01   1.3017916E+05   6.4525488E+04   1.9468781E+05   1.4708081E-03   5.5426336E-04   1.1670917E-03
   6.6666667E-01   1.1940942E+05   6.2381496E+04   1.8179091E+05   8.8992822E-04   4.3021754E-04   7.3050499E-04
   6.8115942E-01   1.1308011E+05   5.5314778E+04   1.6839489E+05   1.9694793E-03   6.4065313E-04   1.5182689E-03
   6.9565217E-01   1.0584634E+05   5.0026407E+04   1.5587275E+05   1.0846379E-03   8.3443771E-04   9.9524897E-04
   7.1014493E-01   9.3124292E+04   4.5742553E+04   1.3885138E+05   1.7031570E-03   5.7903214E-04   1.3137625E-03
   7.2463768E-01   8.4214855E+04   4.2478719E+04   1.2669357E+05   1.1578984E-03   8.4923066E-04   1.0177824E-03
   7.3913043E-01   7.9532637E+04   3.9446880E+04   1.1897952E+05   1.6089296E-03   1.1348077E-03   1.4418675E-03
   7.5362319E-01   7.4083333E+04   3.5846774E+04   1.0993011E+05   2.1377769E-03   7.8938357E-04   1.6962545E-03
   7.6811594E-01   6.6537859E+04   3.3154554E+04   9.9692413E+04   1.5695631E-03   6.6423103E-04   1.2207936E-03
   7.8260870E-01   6.2106344E+04   3.0505918E+04   9.2612261E+04   2.8367874E-03   8.1306977E-04   2.1600306E-03
   7.9710145E-01   5.6513380E+04   2.6562115E+04   8.3075495E+04   2.5406246E-03   1.7456678E-03   2.2792207E-03
   8.1159420E-01   4.9956497E+04   2.5302993E+04   7.5259490E+04   2.8851737E-03   1.0708377E-03   2.2734697E-03
   8.2608696E-01   4.4852694E+04   2.2359879E+04   6.7212573E+04   3.5075699E-03   1.0604661E-03   2.6651160E-03
   8.4057971E-01   4.1309714E+04   2.0537277E+04   6.1846991E+04   3.1616253E-03   1.0489724E-03   2.4512156E-03
   8.5507246E-01   3.6885081E+04   1.9572724E+04   5.6457804E+04   3.1424984E-03   9.9039220E-04   2.3402473E-03
   8.6956522E-01   3.2469017E+04   1.6190307E+04   4.8659324E+04   3.3483074E-03   1.7397820E-04   2.2796794E-03
   8.8405797E-01   3.0272202E+04   1.4260356E+04   4.4544979E+04   4.0630451E-03   1.4314544E-03   3.1496531E-03
   8.9855072E-01   2.6007478E+04   1.2502655E+04   3.8510134E+04   4.5404495E-03   1.4481719E-03   3.5364038E-03
   9.1304348E-01   2.2455466E+04   1.0560203E+04   3.3015670E+04   3.0138086E-03   1.2069603E-03   2.4207607E-03
   9.2753623E-01   1.9334125E+04   8.7494908E+03   2.8083616E+04   4.0791836E-03   4.8802950E-04   2.9536661E-03
   9.4202899E-01   1.6203908E+04   8.2301861E+03   2.4434094E+04   3.8658008E-03   2.4398269E-03   3.3766831E-03
   9.5652174E-01   1.2858562E+04   6.2570681E+03   1.9115630E+04   3.6395033E-03   2.0059678E-03   3.0768751E-03
   9.7101449E-01   8.8214121E+03   4.5577296E+03   1.3379142E+04   3.9817325E-03   3.2128611E-03   3.6658358E-03
   9.8550725E-01   4.1786949E+03   1.9723440E+03   6.1510390E+03   3.4024390E-03   2.1806777E-03   1.9989644E-03
   1.0000000E+00   2.1884092E+01   0.0000000E+00   2.1884092E+01   4.1905364E-01   0.0000000E+00   4.1905364E-01
