   0.0000000E+00   6.0012745E+05   3.0915657E+05   9.0928402E+05   4.7538309E-04   0.0000000E+00   3.1375284E-04
   1.4492754E-02   6.6908149E+05   3.4098151E+05   1.0100630E+06   5.6601818E-04   1.6790121E-07   3.7493741E-04
   2.8985507E-02   6.9257133E+05   3.3946603E+05   1.0320374E+06   5.9184562E-04   3.8685404E-07   3.9710195E-04
   4.3478261E-02   6.9156101E+05   3.4780114E+05   1.0393622E+06   4.3535075E-04   2.8766593E-08   2.8967591E-04
   5.7971014E-02   6.8726717E+05   3.4117094E+05   1.0284381E+06   4.6120450E-04   4.5986708E-08   3.0819083E-04
   7.2463768E-02   7.2363853E+05   3.6431980E+05   1.0879583E+06   4.1579094E-04   5.2418833E-08   2.7655746E-04
   8.6956522E-02   7.2515401E+05   3.5891461E+05   1.0840686E+06   3.6097098E-04   2.5050672E-09   2.4145972E-04
   1.0144928E-01   7.4756136E+05   3.7118273E+05   1.1186358E+06   1.1342208E-04   1.3032215E-07   7.5838292E-05
   1.1594203E-01   7.6588235E+05   3.8729816E+05   1.1531805E+06   1.1729714E-04   1.3306586E-08   7.7904099E-05
   1.3043478E-01   7.9604448E+05   4.1380842E+05   1.2097687E+06   1.5279058E-04   4.8353952E-08   1.0052638E-04
   1.4492754E-01   8.1638550E+05   4.1781601E+05   1.2341257E+06   1.6709078E-04   6.8167227E-07   1.1048061E-04
   1.5942029E-01   8.3123714E+05   4.2254153E+05   1.2537098E+06   2.0738268E-04   9.0723797E-07   1.3778744E-04
   1.7391304E-01   8.5308522E+05   4.3626690E+05   1.2892890E+06   2.4804622E-04   1.5458573E-08   1.6412087E-04
   1.8840580E-01   8.6784165E+05   4.3295908E+05   1.3006259E+06   1.0728780E-04   2.9661727E-08   7.1578150E-05
   2.0289855E-01   8.6289971E+05   4.2779648E+05   1.2906421E+06   1.1980009E-04   1.0991748E-08   8.0099760E-05
   2.1739130E-01   8.3997637E+05   4.2594905E+05   1.2658749E+06   1.0118356E-04   5.1423341E-08   6.7148708E-05
   2.3188406E-01   8.4501848E+05   4.0889366E+05   1.2538174E+06   1.0480463E-04   4.3096119E-08   7.0625835E-05
   2.4637681E-01   8.0988680E+05   4.0788520E+05   1.2178166E+06   3.2836776E-04   1.1933359E-08   2.1837401E-04
   2.6086957E-01   7.8501520E+05   4.0353688E+05   1.1883416E+06   1.1340863E-04   1.6655270E-07   7.4938533E-05
   2.7536232E-01   7.7400808E+05   3.9306593E+05   1.1670341E+06   2.3978901E-04   1.5422364E-08   1.5903490E-04
   2.8985507E-01   7.3398164E+05   3.7526909E+05   1.1092507E+06   1.6893626E-04   1.4448106E-07   1.1173752E-04
   3.0434783E-01   7.0382913E+05   3.6082699E+05   1.0645479E+06   1.1680059E-04   2.6231731E-08   7.7215599E-05
   3.1884058E-01   6.7831210E+05   3.4377136E+05   1.0220835E+06   1.3428949E-04   8.2235050E-08   8.9146117E-05
   3.3333333E-01   6.5287252E+05   3.2118152E+05   9.7392225E+05   2.5561013E-04   1.2142270E-06   1.7130303E-04
   3.4782609E-01   6.1007275E+05   3.0798839E+05   9.1796642E+05   2.0269826E-04   1.6136728E-07   1.4132995E-04
   3.6231884E-01   5.7939578E+05   2.8842489E+05   8.6772974E+05   1.9048896E-04   4.4674924E-08   1.2720694E-04
   3.7681159E-01   5.4586185E+05   2.6777249E+05   8.1354691E+05   5.2183237E-04   5.4835443E-08   3.5014607E-04
   3.9130435E-01   5.1321225E+05   2.5698499E+05   7.7014111E+05   4.6346801E-04   1.8620528E-08   3.0884451E-04
   4.0579710E-01   4.7142047E+05   2.3903886E+05   7.1043227E+05   5.5213314E-04   1.6490960E-07   3.6638250E-04
   4.2028986E-01   4.4241371E+05   2.2682456E+05   6.6923827E+05   7.5922252E-04   1.1492856E-08   5.0189665E-04
   4.3478261E-01   4.1577012E+05   2.0761985E+05   6.2333945E+05   9.8837599E-04   9.1563776E-09   6.5925149E-04
   4.4927536E-01   3.8769231E+05   1.9398059E+05   5.8162401E+05   1.0268883E-03   4.4516068E-08   6.8448764E-04
   4.6376812E-01   3.5904879E+05   1.7915737E+05   5.3818248E+05   1.0392954E-03   2.2745658E-07   6.9337422E-04
   4.7826087E-01   3.3085539E+05   1.6690873E+05   4.9776412E+05   1.4488932E-03   1.9341139E-08   9.6305015E-04
   4.9275362E-01   3.0801996E+05   1.5658406E+05   4.6460402E+05   1.3007391E-03   9.8626366E-09   8.6235181E-04
   5.0724638E-01   2.8809149E+05   1.4332048E+05   4.3136867E+05   1.3081074E-03   8.0255694E-08   8.7359869E-04
   5.2173913E-01   2.6874394E+05   1.3601373E+05   4.0475768E+05   1.8792188E-03   9.0799878E-08   1.2477043E-03
   5.3623188E-01   2.4806661E+05   1.2461697E+05   3.7268357E+05   1.9421803E-03   1.1800222E-05   1.2955998E-03
   5.5072464E-01   2.3081058E+05   1.1587389E+05   3.4668447E+05   1.4232131E-03   5.4554447E-07   9.4766098E-04
   5.6521739E-01   2.1420633E+05   1.0901694E+05   3.2320384E+05   2.4765564E-03   7.9686415E-07   1.6413866E-03
   5.7971014E-01   1.9871645E+05   9.8922524E+04   2.9762003E+05   2.1120076E-03   1.1494847E-07   1.4101319E-03
   5.9420290E-01   1.8274391E+05   9.0373961E+04   2.7308091E+05   3.0155361E-03   2.1316601E-07   2.0179753E-03
   6.0869565E-01   1.6848816E+05   8.1817521E+04   2.5026960E+05   2.6103151E-03   2.5527184E-08   1.7573346E-03
   6.2318841E-01   1.5473688E+05   7.6830975E+04   2.3155023E+05   3.8725740E-03   6.9857376E-08   2.5878847E-03
   6.3768116E-01   1.4267837E+05   6.8127416E+04   2.1080579E+05   3.0458383E-03   3.1174628E-07   2.0614095E-03
   6.5217391E-01   1.3563487E+05   6.5737867E+04   2.0137273E+05   3.6358064E-03   4.0064148E-07   2.4488271E-03
   6.6666667E-01   1.2062839E+05   6.1557869E+04   1.8218625E+05   4.2676894E-03   6.2681820E-07   2.8257999E-03
   6.8115942E-01   1.1119383E+05   5.4589285E+04   1.6578311E+05   4.1752257E-03   1.5762291E-07   2.8003905E-03
   6.9565217E-01   1.0480446E+05   5.1320874E+04   1.5610954E+05   4.2377592E-03   1.3200099E-07   2.8024070E-03
   7.1014493E-01   9.6866583E+04   4.6794106E+04   1.4366069E+05   5.5681831E-03   7.9467370E-06   3.7549171E-03
   7.2463768E-01   8.6760850E+04   4.1008709E+04   1.2776956E+05   5.2303564E-03   5.3892184E-07   3.5517714E-03
   7.3913043E-01   8.0453807E+04   3.8733716E+04   1.1918752E+05   5.4428367E-03   1.3285511E-07   3.6740398E-03
   7.5362319E-01   7.4389342E+04   3.7639113E+04   1.1201388E+05   6.4680494E-03   5.1901143E-08   4.2954854E-03
   7.6811594E-01   6.5794419E+04   3.3812212E+04   9.9606632E+04   6.7559823E-03   2.0678813E-07   4.4625452E-03
   7.8260870E-01   6.0310227E+04   3.0014792E+04   9.0296955E+04   5.7551955E-03   4.6824681E-07   3.8437973E-03
   7.9710145E-01   5.7050684E+04   2.7126973E+04   8.4177657E+04   7.0991357E-03   1.2446213E-06   4.8111048E-03
   8.1159420E-01   5.0511269E+04   2.6669625E+04   7.7167363E+04   7.3207382E-03   4.7251922E-07   4.7920676E-03
   8.2608696E-01   4.6740389E+04   2.2851743E+04   6.9592132E+04   7.2449773E-03   7.1993000E-08   4.8659724E-03
   8.4057971E-01   4.0996167E+04   2.1922106E+04   6.2918274E+04   8.6890762E-03   2.3069227E-07   5.6616776E-03
   8.5507246E-01   3.8413397E+04   1.9110376E+04   5.7510930E+04   7.6738326E-03   2.6480770E-07   5.1256858E-03
   8.6956522E-01   3.3858201E+04   1.6543918E+04   5.0402118E+04   9.0088855E-03   7.1954773E-07   6.0519979E-03
   8.8405797E-01   3.1539237E+04   1.4434263E+04   4.5961078E+04   1.0910935E-02   1.6908416E-08   7.4872596E-03
   8.9855072E-01   2.6276353E+04   1.2710422E+04   3.8986775E+04   1.0466522E-02   1.3715200E-07   7.0541956E-03
   9.1304348E-01   2.3141038E+04   1.1606602E+04   3.4747639E+04   9.6400771E-03   6.4316412E-08   6.4200659E-03
   9.2753623E-01   1.9286767E+04   9.8505769E+03   2.9137343E+04   1.2233110E-02   6.4712836E-08   8.0974351E-03
   9.4202899E-01   1.6553632E+04   7.6356543E+03   2.4189286E+04   1.1739716E-02   3.6599081E-06   8.0344980E-03
   9.5652174E-01   1.2824119E+04   6.6474173E+03   1.9471537E+04   1.4585546E-02   1.5234489E-07   9.6061167E-03
   9.7101449E-01   1.0155933E+04   4.9874907E+03   1.5143424E+04   9.4675204E-03   3.6316452E-07   6.3494868E-03
   9.8550725E-01   4.6467088E+03   1.8497690E+03   6.4964777E+03   9.8544481E-03   1.1372211E-06   7.0486176E-03
   1.0000000E+00   0.0000000E+00   0.0000000E+00   0.0000000E+00   0.0000000E+00   0.0000000E+00   0.0000000E+00
