   0.0000000E+00   6.7893207E+05   3.8796118E+05   1.0668933E+06   0.0000000E+00   0.0000000E+00   0.0000000E+00
   1.4492754E-02   7.2970043E+05   3.2582677E+05   1.0555272E+06   8.8050890E-04   3.4286597E-08   6.0871748E-04
   2.8985507E-02   7.1871324E+05   3.4590680E+05   1.0646200E+06   3.2422121E-04   6.2172582E-08   2.1885975E-04
   4.3478261E-02   7.0696833E+05   3.4780114E+05   1.0547695E+06   4.7138026E-04   1.2995378E-07   3.1593369E-04
   5.7971014E-02   7.1947098E+05   3.5746228E+05   1.0769333E+06   3.1906284E-04   3.7539814E-08   2.1316998E-04
   7.2463768E-02   7.1136320E+05   3.6219813E+05   1.0735613E+06   1.5470746E-04   6.2789870E-09   1.0251380E-04
   8.6956522E-02   7.2679577E+05   3.6901777E+05   1.0956872E+06   1.3568931E-04   5.2098095E-08   9.0014694E-05
   1.0144928E-01   7.6347383E+05   3.7681163E+05   1.1401772E+06   6.1613371E-05   1.3540526E-08   4.1252747E-05
   1.1594203E-01   7.7952161E+05   3.9070798E+05   1.1702296E+06   6.7388487E-05   1.5550232E-08   4.4893811E-05
   1.3043478E-01   7.9840189E+05   4.0378946E+05   1.2021072E+06   2.8250810E-04   1.2939008E-08   1.8763374E-04
   1.4492754E-01   8.3585934E+05   4.1660363E+05   1.2523872E+06   9.6818846E-05   7.1885739E-09   6.4617857E-05
   1.5942029E-01   8.5176492E+05   4.3011890E+05   1.2819527E+06   1.4875730E-04   4.0301167E-08   9.8846260E-05
   1.7391304E-01   8.5409553E+05   4.3254136E+05   1.2866369E+06   2.1525791E-04   2.1930624E-08   1.4289512E-04
   1.8840580E-01   8.8130605E+05   4.2188447E+05   1.3030157E+06   1.4488415E-04   7.4827306E-09   9.7994984E-05
   2.0289855E-01   8.6008526E+05   4.3802593E+05   1.2980029E+06   7.6842714E-05   1.2255936E-07   5.0921745E-05
   2.1739130E-01   8.6321363E+05   4.3095011E+05   1.2941132E+06   1.7884825E-04   2.3305011E-08   1.1929293E-04
   2.3188406E-01   8.4823886E+05   4.3252557E+05   1.2805750E+06   1.4270805E-04   3.7509855E-08   9.4524716E-05
   2.4637681E-01   8.2388264E+05   4.1301107E+05   1.2367154E+06   1.3902236E-04   1.2041587E-08   9.2611087E-05
   2.6086957E-01   8.0256944E+05   4.0576799E+05   1.2083374E+06   1.3500420E-04   7.1971373E-08   8.9645185E-05
   2.7536232E-01   7.7795629E+05   3.8485047E+05   1.1627270E+06   1.6052921E-04   2.6234259E-08   1.0739864E-04
   2.8985507E-01   7.5027298E+05   3.7576162E+05   1.1259967E+06   2.0897781E-04   6.1538078E-09   1.3924793E-04
   3.0434783E-01   7.1259723E+05   3.6194556E+05   1.0743985E+06   1.1290900E-04   1.7344288E-08   7.4891038E-05
   3.1884058E-01   6.7913872E+05   3.4566570E+05   1.0247700E+06   1.4940419E-04   1.8341552E-08   9.9007425E-05
   3.3333333E-01   6.4470214E+05   3.2332295E+05   9.6799214E+05   1.8691608E-04   5.7691270E-08   1.2449232E-04
   3.4782609E-01   6.1322998E+05   3.0792524E+05   9.2102894E+05   1.2252080E-04   3.3704430E-08   8.1571231E-05
   3.6231884E-01   5.6939365E+05   2.9348657E+05   8.6278930E+05   1.6351855E-04   3.8021242E-08   1.0792111E-04
   3.7681159E-01   5.4615329E+05   2.7048285E+05   8.1657785E+05   9.7844049E-05   6.4378535E-08   6.5445939E-05
   3.9130435E-01   5.0987260E+05   2.5774273E+05   7.6758726E+05   6.6208930E-05   1.0755546E-07   4.4014402E-05
   4.0579710E-01   4.7491147E+05   2.3841644E+05   7.1321965E+05   1.1303825E-04   1.1731391E-08   7.5272580E-05
   4.2028986E-01   4.4379854E+05   2.2426393E+05   6.6795795E+05   4.6812056E-04   6.7570527E-08   3.1100592E-04
   4.3478261E-01   4.2051860E+05   2.0736727E+05   6.2778484E+05   4.2137694E-04   3.4978509E-08   2.8225492E-04
   4.4927536E-01   3.8896335E+05   1.9632713E+05   5.8521715E+05   3.0503261E-04   3.4163967E-07   2.0273859E-04
   4.6376812E-01   3.6172455E+05   1.7683680E+05   5.3851399E+05   4.5968163E-04   2.8259454E-08   3.0878107E-04
   4.7826087E-01   3.3827203E+05   1.6711538E+05   5.0534148E+05   4.2554838E-04   5.4962450E-08   2.8486150E-04
   4.9275362E-01   3.1200922E+05   1.5480115E+05   4.6678808E+05   1.3639745E-04   6.0537180E-08   9.1176142E-05
   5.0724638E-01   2.8724715E+05   1.4202150E+05   4.2929031E+05   2.3730054E-04   1.0381574E-07   1.5874898E-04
   5.2173913E-01   2.6748105E+05   1.3460350E+05   4.0202141E+05   3.6398202E-05   6.7133493E-09   2.4219416E-05
   5.3623188E-01   2.4743175E+05   1.2519039E+05   3.7262213E+05   1.5363616E-04   1.7989005E-07   1.0205462E-04
   5.5072464E-01   2.2863707E+05   1.1539532E+05   3.4399251E+05   2.3896596E-04   2.3938515E-08   1.5882378E-04
   5.6521739E-01   2.1247714E+05   1.0664658E+05   3.1906543E+05   6.9074600E-04   1.4070746E-07   4.6001221E-04
   5.7971014E-01   1.9352595E+05   9.6706144E+04   2.9023209E+05   2.4103884E-04   9.9297861E-08   1.6075128E-04
   5.9420290E-01   1.7976841E+05   8.8562785E+04   2.6833119E+05   4.2738319E-04   1.0625169E-08   2.8632849E-04
   6.0869565E-01   1.6648557E+05   8.2845877E+04   2.4929537E+05   5.7495450E-04   1.0756807E-07   3.8399179E-04
   6.2318841E-01   1.5263989E+05   7.7535847E+04   2.3015811E+05   7.8358729E-04   2.9469544E-08   5.1967565E-04
   6.3768116E-01   1.3966465E+05   6.8712940E+04   2.0837759E+05   6.2668865E-04   7.4027454E-08   4.2003798E-04
   6.5217391E-01   1.3519706E+05   6.5990446E+04   2.0118751E+05   1.5840524E-04   4.3902874E-08   1.0644113E-04
   6.6666667E-01   1.1998596E+05   6.0289484E+04   1.8027544E+05   3.7599456E-04   1.2841573E-08   2.5025425E-04
   6.8115942E-01   1.1101649E+05   5.4637652E+04   1.6565414E+05   2.6183262E-04   1.4063713E-05   1.7991938E-04
   6.9565217E-01   1.0002124E+05   5.1826032E+04   1.5184727E+05   6.6825953E-04   1.4403621E-08   4.4017817E-04
   7.1014493E-01   9.1964491E+04   4.6825034E+04   1.3878953E+05   7.3713448E-04   2.4440091E-08   4.8843225E-04
   7.2463768E-01   8.6503220E+04   4.1948303E+04   1.2845152E+05   9.7574102E-04   2.3927006E-08   6.5709126E-04
   7.3913043E-01   7.5833099E+04   3.8971438E+04   1.1480454E+05   4.5195603E-04   2.8994503E-07   2.9859196E-04
   7.5362319E-01   7.1227248E+04   3.6065352E+04   1.0729260E+05   3.8727455E-04   4.0299718E-08   2.5710955E-04
   7.6811594E-01   6.5179652E+04   3.3068773E+04   9.8248424E+04   8.8688218E-04   1.9100908E-08   5.8837884E-04
   7.8260870E-01   5.9678780E+04   2.9902535E+04   8.9581315E+04   7.4648142E-04   4.7322179E-10   4.9730362E-04
   7.9710145E-01   5.5245893E+04   2.7002980E+04   8.2235096E+04   2.9246948E-04   4.7382211E-08   1.9649538E-04
   8.1159420E-01   4.9266415E+04   2.5830702E+04   7.5083587E+04   5.8034740E-04   5.9579990E-08   3.8081617E-04
   8.2608696E-01   4.4799520E+04   2.3449956E+04   6.8249476E+04   4.1983487E-04   1.5880714E-08   2.7558081E-04
   8.4057971E-01   3.9441501E+04   2.0380504E+04   5.9808940E+04   1.1101282E-03   3.6268353E-08   7.3208836E-04
   8.5507246E-01   3.7899677E+04   1.8725086E+04   5.6624763E+04   1.0079546E-03   2.6343489E-08   6.7462953E-04
   8.6956522E-01   3.2708967E+04   1.6114533E+04   4.8823500E+04   2.4849921E-04   5.7713246E-08   1.6647068E-04
   8.8405797E-01   2.7800241E+04   1.4893874E+04   4.2694114E+04   9.6441578E-04   3.8893002E-08   6.2796767E-04
   8.9855072E-01   2.5139748E+04   1.2307110E+04   3.7446858E+04   1.1780199E-03   1.1677119E-08   7.9085356E-04
   9.1304348E-01   2.1204600E+04   1.0644396E+04   3.1848996E+04   6.7755537E-04   1.8477075E-09   4.5110712E-04
   9.2753623E-01   1.9180210E+04   9.4006707E+03   2.8580881E+04   4.6335980E-04   1.3086849E-08   3.1095719E-04
   9.4202899E-01   1.5597718E+04   7.6822842E+03   2.3280002E+04   5.5033102E-04   8.4244722E-08   3.6870358E-04
   9.5652174E-01   1.2089344E+04   6.3603958E+03   1.8449740E+04   1.2556486E-03   1.3410078E-08   8.2277642E-04
   9.7101449E-01   8.6065316E+03   4.2184445E+03   1.2824976E+04   4.0087395E-04   3.4451763E-08   2.6902699E-04
   9.8550725E-01   3.6326788E+03   2.1840646E+03   5.8167434E+03   9.3435856E-04   0.0000000E+00   5.8352661E-04
   1.0000000E+00   0.0000000E+00   0.0000000E+00   0.0000000E+00   0.0000000E+00   0.0000000E+00   0.0000000E+00
