   0.0000000E+00   7.3348911E+05   3.2734225E+05   1.0608314E+06   6.4900392E-03   0.0000000E+00   4.4873986E-03
   1.4492754E-02   6.6680828E+05   3.3340414E+05   1.0002124E+06   1.7260015E-03   1.7662833E-08   1.1506652E-03
   2.8985507E-02   6.9673888E+05   3.4249698E+05   1.0392359E+06   4.6939481E-04   1.0434746E-08   3.1469493E-04
   4.3478261E-02   6.7943723E+05   3.4300214E+05   1.0224394E+06   3.8956921E-04   5.0720650E-08   2.5888430E-04
   5.7971014E-02   6.9636001E+05   3.4477019E+05   1.0411302E+06   7.1445956E-04   6.4512232E-08   4.7787312E-04
   7.2463768E-02   7.1772819E+05   3.5916719E+05   1.0768954E+06   2.7299585E-04   7.7515544E-07   1.8176637E-04
   8.6956522E-02   7.1644003E+05   3.7028066E+05   1.0865944E+06   3.7402696E-04   4.3396462E-07   2.4647485E-04
   1.0144928E-01   7.4821085E+05   3.8395600E+05   1.1321669E+06   2.5413378E-04   3.9845701E-07   1.6785915E-04
   1.1594203E-01   7.7298613E+05   3.8663514E+05   1.1596213E+06   2.0645995E-04   1.0020912E-07   1.3759019E-04
   1.3043478E-01   7.9225580E+05   4.0252657E+05   1.1947824E+06   2.0923255E-04   1.0493647E-08   1.3873856E-04
   1.4492754E-01   8.0054881E+05   4.1501238E+05   1.2154854E+06   5.0084886E-04   4.9183713E-08   3.2988760E-04
   1.5942029E-01   8.2455528E+05   4.1985501E+05   1.2444103E+06   5.5864056E-05   5.8611667E-08   3.7010617E-05
   1.7391304E-01   8.3736218E+05   4.3064702E+05   1.2680092E+06   2.9350636E-04   8.7659336E-08   1.9384568E-04
   1.8840580E-01   8.4942282E+05   4.2608117E+05   1.2752708E+06   2.5368892E-04   7.0541275E-08   1.6898616E-04
   2.0289855E-01   8.5423986E+05   4.3115217E+05   1.2851755E+06   4.2502084E-04   2.2810597E-07   2.8257621E-04
   2.1739130E-01   8.5573730E+05   4.3095011E+05   1.2866874E+06   4.1472869E-04   1.9586576E-08   2.7582068E-04
   2.3188406E-01   8.3294205E+05   4.2186990E+05   1.2546699E+06   2.3646472E-04   4.9854185E-08   1.5699398E-04
   2.4637681E-01   8.1202629E+05   4.0895495E+05   1.2208029E+06   3.5049750E-04   3.3236254E-08   2.3221022E-04
   2.6086957E-01   7.8791986E+05   4.0037964E+05   1.1882153E+06   3.6245506E-04   5.0230051E-08   2.4036497E-04
   2.7536232E-01   7.6583250E+05   3.8524928E+05   1.1509621E+06   2.0452934E-04   6.3720749E-08   1.3608283E-04
   2.8985507E-01   7.4875750E+05   3.7723921E+05   1.1259967E+06   1.3376141E-04   3.9332122E-08   8.8959353E-05
   3.0434783E-01   7.0794256E+05   3.4891970E+05   1.0566818E+06   5.8025585E-04   3.1884284E-07   3.8865917E-04
   3.1884058E-01   6.7617666E+05   3.3653842E+05   1.0126462E+06   2.6573114E-04   9.4484308E-08   1.7742155E-04
   3.3333333E-01   6.3264424E+05   3.1633859E+05   9.4894989E+05   7.4810910E-04   9.4867452E-08   4.9877930E-04
   3.4782609E-01   6.0789425E+05   3.0527317E+05   9.1304113E+05   5.9597716E-04   6.7952159E-07   3.9676690E-04
   3.6231884E-01   5.7394007E+05   2.8860675E+05   8.6245589E+05   5.3233838E-04   1.1133811E-07   3.5422520E-04
   3.7681159E-01   5.3289289E+05   2.7406753E+05   8.0681471E+05   9.3259052E-04   2.1076074E-07   6.1596776E-04
   3.9130435E-01   4.9954493E+05   2.5499243E+05   7.5439703E+05   8.7427051E-04   2.1233448E-08   5.7892154E-04
   4.0579710E-01   4.6879545E+05   2.3709040E+05   7.0577760E+05   1.2534544E-03   6.6828929E-07   8.3237408E-04
   4.2028986E-01   4.3865115E+05   2.2199072E+05   6.6058962E+05   1.1665726E-03   2.5365815E-08   7.7463303E-04
   4.3478261E-01   4.1132473E+05   2.0863017E+05   6.1985387E+05   1.4034281E-03   1.5079173E-07   9.3124537E-04
   4.4927536E-01   3.8664125E+05   1.9363839E+05   5.8020631E+05   1.7510161E-03   5.0272023E-07   1.1668205E-03
   4.6376812E-01   3.5810162E+05   1.7821020E+05   5.3624078E+05   2.2476101E-03   5.2758643E-08   1.5009587E-03
   4.7826087E-01   3.3409299E+05   1.7099591E+05   5.0504298E+05   2.9912078E-03   1.1722557E-07   1.9787560E-03
   4.9275362E-01   3.1593162E+05   1.5611604E+05   4.7191395E+05   2.9673226E-03   1.2307647E-06   1.9867165E-03
   5.0724638E-01   2.9014820E+05   1.4676277E+05   4.3688932E+05   2.8006545E-03   2.3365284E-07   1.8599110E-03
   5.2173913E-01   2.6537623E+05   1.3803437E+05   4.0341059E+05   2.9504489E-03   1.8866573E-06   1.9408555E-03
   5.3623188E-01   2.5066749E+05   1.2222088E+05   3.7280645E+05   3.9401702E-03   1.2820543E-07   2.6493124E-03
   5.5072464E-01   2.3445968E+05   1.1306229E+05   3.4746215E+05   4.3041627E-03   8.7108695E-07   2.9046194E-03
   5.6521739E-01   2.1558580E+05   1.0608314E+05   3.2163008E+05   4.6220484E-03   5.6311402E-08   3.0981338E-03
   5.7971014E-01   1.9411320E+05   9.5967351E+04   2.9006160E+05   5.0809145E-03   3.5029626E-08   3.4002278E-03
   5.9420290E-01   1.8499864E+05   9.2240580E+04   2.7723922E+05   4.8007449E-03   5.0647426E-08   3.2034959E-03
   6.0869565E-01   1.6931807E+05   8.3206704E+04   2.5248869E+05   5.5620628E-03   1.9430870E-07   3.7299160E-03
   6.2318841E-01   1.5473688E+05   7.9386134E+04   2.3412301E+05   5.4786174E-03   4.2022737E-07   3.6210585E-03
   6.3768116E-01   1.4674260E+05   7.0021758E+04   2.1676436E+05   7.5469815E-03   4.1850061E-08   5.1090807E-03
   6.5217391E-01   1.3435513E+05   6.6310379E+04   2.0064867E+05   6.4230352E-03   1.3316755E-07   4.3008966E-03
   6.6666667E-01   1.2431823E+05   6.0124759E+04   1.8444299E+05   8.3117315E-03   5.8733264E-07   5.6023909E-03
   6.8115942E-01   1.1407968E+05   5.6459444E+04   1.7052300E+05   8.3145669E-03   9.2599865E-07   5.5522429E-03
   6.9565217E-01   1.0767754E+05   5.2378548E+04   1.6005609E+05   8.5146474E-03   4.3258929E-07   5.7283380E-03
   7.1014493E-01   9.6681015E+04   4.5773481E+04   1.4245450E+05   9.8251588E-03   6.4266099E-07   6.6683079E-03
   7.2463768E-01   8.8397562E+04   4.3751716E+04   1.3214928E+05   1.0460071E-02   9.3785036E-08   6.9969410E-03
   7.3913043E-01   8.3276747E+04   4.0412623E+04   1.2368937E+05   1.1361227E-02   2.9439083E-07   7.6493046E-03
   7.5362319E-01   7.3762752E+04   3.6546223E+04   1.1030897E+05   1.1654191E-02   4.3048823E-07   7.7931863E-03
   7.6811594E-01   6.8939741E+04   3.2854319E+04   1.0179406E+05   1.1905821E-02   1.3413184E-06   8.0629958E-03
   7.8260870E-01   6.2850048E+04   3.0997043E+04   9.3847092E+04   1.4910327E-02   1.4063657E-05   9.9857932E-03
   7.9710145E-01   5.7422664E+04   2.8614893E+04   8.6023779E+04   1.3667745E-02   1.4109237E-05   9.1195779E-03
   8.1159420E-01   5.2581513E+04   2.5221807E+04   7.7803320E+04   1.4200554E-02   7.8425997E-07   9.5971918E-03
   8.2608696E-01   4.8056458E+04   2.2798569E+04   7.0855027E+04   1.7374396E-02   3.2014044E-07   1.1783851E-02
   8.4057971E-01   4.4575820E+04   2.0772437E+04   6.5348257E+04   1.6538854E-02   7.1141058E-07   1.1281714E-02
   8.5507246E-01   3.9389465E+04   2.0035072E+04   5.9424536E+04   1.4564027E-02   1.0660041E-07   9.6537724E-03
   8.6956522E-01   3.5297901E+04   1.7150107E+04   5.2448007E+04   2.0124213E-02   1.7241168E-07   1.3543780E-02
   8.8405797E-01   3.0297045E+04   1.5875205E+04   4.6172250E+04   1.9221609E-02   1.5770192E-07   1.2612780E-02
   8.9855072E-01   2.7082976E+04   1.2747086E+04   3.9830062E+04   1.9588700E-02   1.9663132E-06   1.3319070E-02
   9.1304348E-01   2.4295684E+04   1.1895263E+04   3.6190947E+04   2.2774745E-02   1.3873988E-06   1.5289032E-02
   9.2753623E-01   1.9499880E+04   1.0158407E+04   2.9658287E+04   2.6208940E-02   3.1740551E-07   1.7231926E-02
   9.4202899E-01   1.6868384E+04   8.3700760E+03   2.5238460E+04   2.4386889E-02   4.8317139E-07   1.6299368E-02
   9.5652174E-01   1.3868877E+04   7.2099794E+03   2.1078857E+04   2.3035340E-02   3.8399002E-06   1.5157377E-02
   9.7101449E-01   9.7940294E+03   4.5916581E+03   1.4385687E+04   2.3507684E-02   2.1982600E-07   1.6004398E-02
   9.8550725E-01   4.0895495E+03   2.2509237E+03   6.3404731E+03   2.4967120E-02   1.2854629E-07   1.6103531E-02
   1.0000000E+00   0.0000000E+00   0.0000000E+00   0.0000000E+00   0.0000000E+00   0.0000000E+00   0.0000000E+00
