   0.0000000E+00   6.1831313E+05   3.5158982E+05   9.6990296E+05   0.0000000E+00   0.0000000E+00   0.0000000E+00
   1.4492754E-02   7.0469512E+05   3.4401245E+05   1.0487076E+06   5.2982626E-04   1.2153229E-09   3.5602522E-04
   2.8985507E-02   6.6188299E+05   3.5083208E+05   1.0127151E+06   5.9851614E-04   1.1340197E-08   3.9117089E-04
   4.3478261E-02   6.8802491E+05   3.5638882E+05   1.0444137E+06   2.4370315E-04   0.0000000E+00   1.6054351E-04
   5.7971014E-02   7.0999927E+05   3.5935662E+05   1.0693559E+06   1.3118831E-04   6.2285550E-08   8.7115331E-05
   7.2463768E-02   7.1848592E+05   3.4658876E+05   1.0652262E+06   1.7313286E-04   7.1085718E-09   1.1677547E-04
   8.6956522E-02   7.4182421E+05   3.6118782E+05   1.1028857E+06   1.8448549E-04   1.8893245E-08   1.2408788E-04
   1.0144928E-01   7.3933451E+05   3.6934251E+05   1.1085688E+06   2.4694427E-04   8.6402619E-08   1.6469559E-04
   1.1594203E-01   7.8757257E+05   3.9392836E+05   1.1815009E+06   3.0023081E-04   2.8822762E-09   2.0012916E-04
   1.3043478E-01   7.8838292E+05   4.0985135E+05   1.1982343E+06   1.1010717E-04   3.5530048E-09   7.2444631E-05
   1.4492754E-01   8.2479638E+05   4.1357268E+05   1.2382933E+06   1.0183958E-04   8.1840352E-09   6.7834995E-05
   1.5942029E-01   8.5465809E+05   4.2908562E+05   1.2836748E+06   2.0150284E-04   1.0182994E-08   1.3415589E-04
   1.7391304E-01   8.6950284E+05   4.3348853E+05   1.3029914E+06   1.2991652E-04   8.5022978E-08   8.6671555E-05
   1.8840580E-01   8.7571046E+05   4.3954556E+05   1.3149646E+06   1.7962156E-04   4.1285721E-09   1.1961925E-04
   2.0289855E-01   8.6814974E+05   4.3429137E+05   1.3022246E+06   7.6244331E-05   4.0814438E-08   5.0830503E-05
   2.1739130E-01   8.5725277E+05   4.2983876E+05   1.2870410E+06   2.2948126E-04   1.7007268E-07   1.5283845E-04
   2.3188406E-01   8.3639922E+05   4.2163311E+05   1.2577955E+06   1.4547327E-04   2.4086646E-08   9.6732759E-05
   2.4637681E-01   8.3252975E+05   4.1947411E+05   1.2519593E+06   1.0940140E-04   8.0149912E-08   7.2741084E-05
   2.6086957E-01   8.0753682E+05   4.0298963E+05   1.2104844E+06   1.2664829E-04   7.1937480E-09   8.4491374E-05
   2.7536232E-01   7.7899319E+05   3.9565819E+05   1.1745317E+06   6.9012304E-05   5.4640064E-09   4.5772121E-05
   2.8985507E-01   7.4371856E+05   3.7553430E+05   1.1190634E+06   8.8514781E-05   3.8837450E-09   5.8827152E-05
   3.0434783E-01   7.2021068E+05   3.6082699E+05   1.0809294E+06   3.1698871E-05   3.2879013E-07   2.1209176E-05
   3.1884058E-01   6.7411011E+05   3.4153259E+05   1.0154360E+06   5.9417599E-05   3.8601640E-08   3.9452545E-05
   3.3333333E-01   6.5274074E+05   3.2549732E+05   9.7813922E+05   1.1085564E-04   1.8198943E-08   6.9266976E-05
   3.4782609E-01   6.1212495E+05   3.0637820E+05   9.1847158E+05   2.2044438E-04   1.0783239E-07   1.4690984E-04
   3.6231884E-01   5.7412193E+05   2.9400183E+05   8.6800253E+05   2.3019452E-05   7.0355218E-09   1.5223349E-05
   3.7681159E-01   5.4828078E+05   2.7258120E+05   8.2071626E+05   9.3843060E-05   6.5285868E-08   6.2690927E-05
   3.9130435E-01   5.0776777E+05   2.5720951E+05   7.6494921E+05   5.4543101E-05   1.0154718E-08   3.6208312E-05
   4.0579710E-01   4.7534446E+05   2.4114970E+05   7.1646710E+05   8.2727390E-05   1.6335059E-08   5.4880778E-05
   4.2028986E-01   4.4541853E+05   2.2562263E+05   6.7101503E+05   1.0433432E-04   2.4058624E-08   6.9265008E-05
   4.3478261E-01   4.1051648E+05   2.0827656E+05   6.1874252E+05   3.5039989E-04   1.5608207E-07   2.3247699E-04
   4.4927536E-01   3.8407473E+05   1.9478721E+05   5.7881305E+05   1.4623362E-04   3.5011177E-08   9.7024532E-05
   4.6376812E-01   3.5705973E+05   1.8031765E+05   5.3735371E+05   3.6699857E-04   9.7060197E-08   2.4389382E-04
   4.7826087E-01   3.3783575E+05   1.6479625E+05   5.0258608E+05   4.8530587E-04   2.3800746E-08   3.2622652E-04
   4.9275362E-01   3.1296754E+05   1.5549202E+05   4.6843728E+05   3.0943393E-04   2.0714260E-07   2.0668288E-04
   5.0724638E-01   2.8841623E+05   1.4336378E+05   4.3173671E+05   2.1980235E-04   2.5163845E-08   1.4683135E-04
   5.2173913E-01   2.6535518E+05   1.3256182E+05   3.9789595E+05   3.8842025E-04   1.4909313E-08   2.5903159E-04
   5.3623188E-01   2.4900866E+05   1.2441217E+05   3.7337987E+05   5.1283820E-04   1.2711462E-08   3.4201448E-04
   5.5072464E-01   2.2975374E+05   1.1485693E+05   3.4453091E+05   2.9640823E-04   1.5648071E-08   1.9766677E-04
   5.6521739E-01   2.0942676E+05   1.0660772E+05   3.1601506E+05   2.4128103E-04   6.6788945E-08   1.5990943E-04
   5.7971014E-01   1.9437840E+05   9.7823806E+04   2.9216432E+05   4.4241576E-04   7.7454395E-09   2.9434209E-04
   5.9420290E-01   1.7749520E+05   9.0207628E+04   2.6768434E+05   2.8471524E-04   9.0517051E-08   1.8881227E-04
   6.0869565E-01   1.6670207E+05   8.4307227E+04   2.5100930E+05   2.6483382E-04   2.2813968E-09   1.7588400E-04
   6.2318841E-01   1.5461353E+05   7.5033554E+04   2.2962946E+05   6.5922996E-05   7.0611123E-08   4.4364694E-05
   6.3768116E-01   1.4023295E+05   7.1278912E+04   2.1151186E+05   2.5160883E-04   6.6973189E-08   1.6682759E-04
   6.5217391E-01   1.2948878E+05   6.5737867E+04   1.9522665E+05   3.1700201E-04   1.0524824E-07   2.1025291E-04
   6.6666667E-01   1.1939295E+05   6.0273011E+04   1.7966596E+05   3.4182317E-04   6.2199088E-08   2.2713040E-04
   6.8115942E-01   1.0903347E+05   5.4960093E+04   1.6399356E+05   2.4828184E-04   1.2359413E-07   1.6510617E-04
   6.9565217E-01   9.9831808E+04   5.1289302E+04   1.5112111E+05   1.4642225E-04   4.6417964E-08   9.6713889E-05
   7.1014493E-01   9.2289235E+04   4.7010602E+04   1.3929984E+05   5.4739046E-04   8.5002501E-08   3.6262970E-04
   7.2463768E-01   8.4305783E+04   4.2387790E+04   1.2667842E+05   5.9132350E-04   1.0996881E-07   3.9354766E-04
   7.3913043E-01   7.9606925E+04   3.9699459E+04   1.1930638E+05   4.5978231E-04   1.8420460E-07   3.0673032E-04
   7.5362319E-01   7.2509572E+04   3.5671912E+04   1.0818148E+05   2.0385673E-04   4.8482609E-08   1.3662672E-04
   7.6811594E-01   6.7109736E+04   3.1810644E+04   9.8920380E+04   4.3210307E-04   1.8981706E-08   2.9314741E-04
   7.8260870E-01   5.9005236E+04   3.0870754E+04   8.9875990E+04   2.8477926E-04   2.0452089E-07   1.8693476E-04
   7.9710145E-01   5.4295278E+04   2.7554061E+04   8.1849339E+04   2.2989599E-04   2.5427893E-08   1.5251140E-04
   8.1159420E-01   4.9388195E+04   2.4639973E+04   7.4028168E+04   4.7957248E-04   1.1672587E-07   3.1991160E-04
   8.2608696E-01   4.6953087E+04   2.2599164E+04   6.9552251E+04   3.3992862E-04   1.8047907E-08   2.2948220E-04
   8.4057971E-01   4.1701646E+04   2.0550341E+04   6.2251988E+04   3.1363949E-04   2.7847218E-08   2.1009464E-04
   8.5507246E-01   3.7514387E+04   1.8532441E+04   5.6046829E+04   6.8725609E-04   2.8982607E-08   4.6000702E-04
   8.6956522E-01   3.2544791E+04   1.5962986E+04   4.8507777E+04   3.8712320E-04   1.6993134E-09   2.5972812E-04
   8.8405797E-01   2.8359227E+04   1.4757232E+04   4.3116460E+04   3.3389431E-04   2.5639777E-08   2.1961768E-04
   8.9855072E-01   2.4687550E+04   1.2673757E+04   3.7361307E+04   3.4499758E-04   5.4326453E-10   2.2796681E-04
   9.1304348E-01   2.2479522E+04   1.0704534E+04   3.3184056E+04   4.7368471E-04   1.1439643E-07   3.2085680E-04
   9.2753623E-01   1.8813181E+04   9.6019445E+03   2.8415126E+04   6.1450529E-04   9.8608601E-08   4.0684630E-04
   9.4202899E-01   1.6040703E+04   7.5890243E+03   2.3629727E+04   4.1180525E-04   8.5960563E-08   2.7955122E-04
   9.5652174E-01   1.2755234E+04   5.7978337E+03   1.8553068E+04   3.6420324E-04   5.6168380E-08   2.5040274E-04
   9.7101449E-01   9.3981968E+03   4.2749920E+03   1.3673189E+04   4.6330189E-04   3.9714271E-08   3.1843684E-04
   9.8550725E-01   3.6326788E+03   2.3066396E+03   5.9393184E+03   3.0892169E-04   0.0000000E+00   1.8894647E-04
   1.0000000E+00   0.0000000E+00   0.0000000E+00   0.0000000E+00   0.0000000E+00   0.0000000E+00   0.0000000E+00
