   0.0000000E+00   6.6680828E+05   3.1521846E+05   9.8202674E+05   2.1875597E-03   0.0000000E+00   1.4853800E-03
   1.4492754E-02   6.8120528E+05   3.6674456E+05   1.0479498E+06   1.0741608E-03   2.1584963E-08   6.9824370E-04
   2.8985507E-02   6.9257133E+05   3.3378301E+05   1.0263543E+06   2.5403200E-04   1.7474315E-08   1.7141732E-04
   4.3478261E-02   6.9661259E+05   3.5083208E+05   1.0474447E+06   4.1154054E-04   6.9909677E-09   2.7369644E-04
   5.7971014E-02   6.9995926E+05   3.4855887E+05   1.0485181E+06   5.3143695E-05   1.4780301E-08   3.5481382E-05
   7.2463768E-02   7.0014870E+05   3.5750017E+05   1.0574973E+06   5.2270671E-05   1.3774707E-05   3.5647949E-05
   8.6956522E-02   7.2262822E+05   3.7116469E+05   1.0937929E+06   1.7613922E-04   9.8940317E-09   1.1636699E-04
   1.0144928E-01   7.5037581E+05   3.8460549E+05   1.1349813E+06   1.1433584E-04   7.5898566E-05   5.0926495E-05
   1.1594203E-01   7.6701896E+05   3.9572798E+05   1.1627469E+06   1.7604026E-04   5.2461245E-05   1.2562976E-04
   1.3043478E-01   7.9141387E+05   4.0269495E+05   1.1941088E+06   7.5322166E-05   6.2291796E-05   6.4098970E-05
   1.4492754E-01   8.1684015E+05   4.0811698E+05   1.2248813E+06   1.2290194E-04   7.8142260E-09   8.1957411E-05
   1.5942029E-01   8.5562249E+05   4.2467697E+05   1.2802306E+06   1.0433843E-04   9.2486993E-05   9.6653553E-05
   1.7391304E-01   8.5258006E+05   4.3235192E+05   1.2848688E+06   9.7721767E-05   5.8605293E-05   7.0126862E-05
   1.8840580E-01   8.6259578E+05   4.2957841E+05   1.2920576E+06   9.2825289E-05   9.0079585E-05   3.3410155E-05
   2.0289855E-01   8.6154661E+05   4.3039444E+05   1.2918328E+06   5.9060002E-05   1.4219893E-08   3.9386284E-05
   2.1739130E-01   8.5962701E+05   4.3100063E+05   1.2905771E+06   1.0506710E-04   7.5501246E-05   9.4989289E-05
   2.3188406E-01   8.4473433E+05   4.2565858E+05   1.2703456E+06   1.3411958E-04   4.7790928E-05   7.4531329E-05
   2.4637681E-01   8.2432837E+05   4.1818150E+05   1.2424207E+06   1.0330217E-04   2.7049894E-05   6.1668302E-05
   2.6086957E-01   8.1456694E+05   3.9747499E+05   1.2119156E+06   1.0111409E-04   3.9241141E-05   8.0763446E-05
   2.7536232E-01   7.7564320E+05   3.9107189E+05   1.1666353E+06   6.3603775E-05   3.4244777E-05   3.9685334E-05
   2.8985507E-01   7.4837864E+05   3.8201295E+05   1.1302779E+06   1.6964144E-04   2.3044478E-08   1.1233059E-04
   3.0434783E-01   7.1198382E+05   3.5620841E+05   1.0679757E+06   1.7214034E-04   2.4498597E-05   1.0659265E-04
   3.1884058E-01   6.8520062E+05   3.4425355E+05   1.0293164E+06   1.5572943E-04   6.8871097E-05   1.0481844E-04
   3.3333333E-01   6.4305488E+05   3.2240049E+05   9.6538948E+05   4.5413096E-05   2.3956112E-05   3.0091498E-05
   3.4782609E-01   6.0675765E+05   3.0539946E+05   9.1203082E+05   1.8258639E-04   4.9132244E-05   1.3791662E-04
   3.6231884E-01   5.7639514E+05   2.8827334E+05   8.6460787E+05   2.2157353E-04   5.5099695E-05   1.4226407E-04
   3.7681159E-01   5.3577812E+05   2.6855937E+05   8.0422092E+05   1.5770972E-04   2.3339392E-06   1.0449657E-04
   3.9130435E-01   5.0614004E+05   2.5614306E+05   7.6225504E+05   2.0394498E-04   1.2684092E-05   1.3117376E-04
   4.0579710E-01   4.6995912E+05   2.4006722E+05   7.0999927E+05   5.4586329E-04   7.7605457E-05   3.6202672E-04
   4.2028986E-01   4.4946850E+05   2.2849680E+05   6.7780853E+05   2.9812288E-04   3.1621676E-05   2.0833446E-04
   4.3478261E-01   4.1796755E+05   2.0731676E+05   6.2525905E+05   6.1843975E-04   2.0261800E-05   4.0706062E-04
   4.4927536E-01   3.8590796E+05   1.9310064E+05   5.7898416E+05   6.4329835E-04   2.1089910E-05   4.2193489E-04
   4.6376812E-01   3.6080106E+05   1.8003350E+05   5.4078720E+05   3.8208187E-04   3.0055056E-08   2.5491368E-04
   4.7826087E-01   3.3207236E+05   1.6686280E+05   4.9893516E+05   5.4420143E-04   5.2250517E-05   3.5863934E-04
   4.9275362E-01   3.1169721E+05   1.5609376E+05   4.6776868E+05   9.2355341E-04   5.8180783E-05   5.9636750E-04
   5.0724638E-01   2.8869768E+05   1.4366688E+05   4.3234290E+05   8.4525616E-04   8.7628559E-05   5.9284377E-04
   5.2173913E-01   2.6931225E+05   1.3683462E+05   4.0610477E+05   7.3160963E-04   2.2807472E-04   5.5552177E-04
   5.3623188E-01   2.4753414E+05   1.2152458E+05   3.6901777E+05   1.0831989E-03   1.4942911E-04   7.7293374E-04
   5.5072464E-01   2.2839779E+05   1.1380009E+05   3.4217793E+05   1.2001066E-03   6.0729752E-05   8.2103368E-04
   5.6521739E-01   2.1537208E+05   1.0515054E+05   3.2048376E+05   1.3706368E-03   1.7523123E-04   9.6574579E-04
   5.7971014E-01   1.9564761E+05   9.7710145E+04   2.9333881E+05   8.8966290E-04   5.1333642E-05   5.9832942E-04
   5.9420290E-01   1.8135781E+05   9.2055766E+04   2.7335813E+05   1.3819053E-03   7.3762706E-05   9.4141222E-04
   6.0869565E-01   1.6650362E+05   8.3134539E+04   2.4962011E+05   2.0942394E-03   2.1292961E-04   1.4256840E-03
   6.2318841E-01   1.5563559E+05   7.7835417E+04   2.3345339E+05   1.4646249E-03   1.1307462E-04   1.0140960E-03
   6.3768116E-01   1.4333278E+05   6.9832324E+04   2.1316511E+05   1.2003208E-03   1.9788986E-04   8.7173631E-04
   6.5217391E-01   1.3292385E+05   6.6024123E+04   1.9891430E+05   1.9437670E-03   3.2793103E-04   1.3979328E-03
   6.6666667E-01   1.1967298E+05   5.9647055E+04   1.7930356E+05   2.4044921E-03   1.2650983E-04   1.6459421E-03
   6.8115942E-01   1.1079078E+05   5.4073380E+04   1.6486416E+05   2.4258815E-03   2.9892622E-04   1.6605154E-03
   6.9565217E-01   1.0218395E+05   5.1589239E+04   1.5375740E+05   1.9445580E-03   7.7062694E-05   1.2677941E-03
   7.1014493E-01   9.2382019E+04   4.7567307E+04   1.3994933E+05   2.8560941E-03   1.3584263E-04   1.9010464E-03
   7.2463768E-01   8.6685077E+04   4.3312229E+04   1.2999731E+05   2.4356099E-03   2.2963479E-04   1.6801706E-03
   7.3913043E-01   7.7794300E+04   3.9862893E+04   1.1764233E+05   3.3200633E-03   3.2079699E-05   2.1939763E-03
   7.5362319E-01   7.3354740E+04   3.7056238E+04   1.1041098E+05   2.6433140E-03   7.4209717E-05   1.7757184E-03
   7.6811594E-01   6.6294811E+04   3.3483383E+04   9.9778195E+04   2.6802946E-03   1.9594400E-04   1.7851395E-03
   7.8260870E-01   6.0478613E+04   3.0421725E+04   9.0900338E+04   3.7178931E-03   9.7577883E-05   2.5043339E-03
   7.9710145E-01   5.5135677E+04   2.7622946E+04   8.2758623E+04   3.9001230E-03   5.2558703E-05   2.6103490E-03
   8.1159420E-01   4.9171698E+04   2.4315229E+04   7.3486927E+04   3.6461153E-03   4.0509131E-04   2.5731339E-03
   8.2608696E-01   4.5863010E+04   2.2718807E+04   6.8568523E+04   4.5740670E-03   1.7196182E-04   3.0197438E-03
   8.4057971E-01   4.1740840E+04   2.0628728E+04   6.2369568E+04   5.3023907E-03   3.4990808E-04   3.5425604E-03
   8.5507246E-01   3.6448419E+04   1.9238806E+04   5.5687225E+04   3.9530098E-03   1.5217042E-04   2.6014621E-03
   8.6956522E-01   3.3580364E+04   1.6480773E+04   5.0061137E+04   5.4730325E-03   2.7326318E-04   3.7387966E-03
   8.8405797E-01   2.8856104E+04   1.4608170E+04   4.3464273E+04   3.8903226E-03   3.0879031E-04   2.6745289E-03
   8.9855072E-01   2.5115305E+04   1.2869302E+04   3.7984607E+04   4.8558230E-03   9.4849766E-08   3.2106231E-03
   9.1304348E-01   2.1938281E+04   1.0848865E+04   3.2787146E+04   6.0308303E-03   7.0349609E-04   4.2141004E-03
   9.2753623E-01   1.9594597E+04   9.6493031E+03   2.9243900E+04   5.3628648E-03   5.0538679E-08   3.5933203E-03
   9.4202899E-01   1.5959100E+04   8.3584185E+03   2.4317519E+04   3.9639518E-03   1.4215434E-03   3.0895291E-03
   9.5652174E-01   1.3099660E+04   6.1652212E+03   1.9264881E+04   3.5022302E-03   2.6970281E-04   2.3556710E-03
   9.7101449E-01   9.0023642E+03   4.9422527E+03   1.3944617E+04   4.9114426E-03   1.5601957E-03   3.7227029E-03
   9.8550725E-01   4.3681291E+03   2.1060623E+03   6.4741914E+03   6.2462087E-03   2.2374356E-03   4.7802772E-03
   1.0000000E+00   0.0000000E+00   0.0000000E+00   0.0000000E+00   0.0000000E+00   0.0000000E+00   0.0000000E+00
