   0.0000000E+00   7.1530343E+05   2.5459953E+05   9.6990296E+05   7.9740197E-04   0.0000000E+00   5.8808395E-04
   1.4492754E-02   7.0848380E+05   3.4855887E+05   1.0570427E+06   4.8546839E-04   0.0000000E+00   3.2538562E-04
   2.8985507E-02   6.7059697E+05   3.4211811E+05   1.0127151E+06   2.0797489E-04   2.2954338E-04   1.3740437E-04
   4.3478261E-02   6.9105586E+05   3.4098151E+05   1.0320374E+06   1.9362818E-04   1.4235944E-04   8.3733372E-05
   5.7971014E-02   6.8272075E+05   3.6314531E+05   1.0458661E+06   3.8131593E-04   4.8412442E-09   2.4891389E-04
   7.2463768E-02   7.2227461E+05   3.6492599E+05   1.0872006E+06   3.0812483E-04   1.1574718E-08   2.0470205E-04
   8.6956522E-02   7.3879327E+05   3.8404621E+05   1.1228395E+06   1.0650450E-04   9.2479481E-05   9.6581350E-05
   1.0144928E-01   7.5070056E+05   3.6555383E+05   1.1162544E+06   1.3716419E-04   1.1388305E-04   8.2084753E-05
   1.1594203E-01   7.8065822E+05   3.9591742E+05   1.1764809E+06   4.4706703E-05   1.3990797E-04   7.0118352E-05
   1.3043478E-01   7.9747576E+05   3.9983239E+05   1.1971398E+06   2.4001907E-04   7.3194984E-05   1.6705757E-04
   1.4492754E-01   8.2828197E+05   4.1705827E+05   1.2453402E+06   7.6151024E-05   7.7849067E-05   7.4670913E-05
   1.5942029E-01   8.4694296E+05   4.3011890E+05   1.2769930E+06   9.5456002E-05   5.4067603E-05   8.1441344E-05
   1.7391304E-01   8.5801051E+05   4.3121532E+05   1.2891627E+06   4.1374941E-05   2.4480378E-04   9.8170907E-05
   1.8840580E-01   8.6434441E+05   4.3622318E+05   1.3005676E+06   1.6580274E-05   7.4094855E-05   1.4600065E-05
   2.0289855E-01   8.5537647E+05   4.4013677E+05   1.2952426E+06   1.5309496E-04   3.8609380E-05   1.0024142E-04
   2.1739130E-01   8.6533529E+05   4.2630266E+05   1.2914864E+06   5.2157111E-05   2.7591082E-05   2.5977979E-05
   2.3188406E-01   8.4705490E+05   4.2201197E+05   1.2690195E+06   1.6440947E-04   1.3162370E-05   1.0990780E-04
   2.4637681E-01   8.3101428E+05   4.1742377E+05   1.2482152E+06   9.0260807E-05   1.1182926E-04   8.9427357E-05
   2.6086957E-01   7.9987526E+05   3.9995868E+05   1.1996656E+06   1.4807721E-04   4.8769153E-05   9.4722366E-05
   2.7536232E-01   7.7767712E+05   3.8915761E+05   1.1668746E+06   1.0182063E-04   6.0985006E-05   5.6388373E-05
   2.8985507E-01   7.5440264E+05   3.7216237E+05   1.1263756E+06   9.7638751E-05   4.4220877E-05   7.6305743E-05
   3.0434783E-01   7.1858696E+05   3.5588366E+05   1.0742541E+06   8.8847758E-05   5.5816469E-05   7.6641948E-05
   3.1884058E-01   6.7824322E+05   3.4384024E+05   1.0220146E+06   7.6622321E-05   5.8786949E-05   6.5059525E-05
   3.3333333E-01   6.4727185E+05   3.3234990E+05   9.7945703E+05   1.4421269E-04   9.7576390E-05   1.2840916E-04
   3.4782609E-01   6.0647350E+05   3.1701809E+05   9.2336529E+05   1.6112546E-04   4.5975548E-05   9.0817446E-05
   3.6231884E-01   5.7818340E+05   2.8706097E+05   8.6512313E+05   2.0498999E-04   8.5987760E-05   1.2321983E-04
   3.7681159E-01   5.4519154E+05   2.7185261E+05   8.1704415E+05   2.5340629E-04   8.3372750E-05   1.4161853E-04
   3.9130435E-01   5.1304386E+05   2.5429082E+05   7.6725049E+05   1.5721737E-04   1.3636326E-04   8.6910238E-05
   4.0579710E-01   4.6898488E+05   2.4336879E+05   7.1224542E+05   2.0688165E-04   7.4478435E-05   1.5373917E-04
   4.2028986E-01   4.4481756E+05   2.2204298E+05   6.6680828E+05   3.5051287E-04   7.9349531E-05   2.6023615E-04
   4.3478261E-01   4.1483558E+05   2.1085286E+05   6.2566318E+05   2.3232108E-04   2.1672324E-05   1.6023676E-04
   4.4927536E-01   3.8255925E+05   1.9698709E+05   5.7949746E+05   2.1550796E-04   1.5669195E-04   1.5955143E-04
   4.6376812E-01   3.6316899E+05   1.7875482E+05   5.4187645E+05   3.3232840E-04   1.8583025E-04   2.8302374E-04
   4.7826087E-01   3.3512627E+05   1.6693169E+05   5.0201203E+05   3.2180600E-04   7.7685677E-05   2.3992388E-04
   4.9275362E-01   3.0806453E+05   1.5317424E+05   4.6121649E+05   1.5499945E-04   1.7399871E-04   1.4286853E-04
   5.0724638E-01   2.8913067E+05   1.4396997E+05   4.3310064E+05   7.5432924E-04   1.2350976E-04   5.4429286E-04
   5.2173913E-01   2.6356608E+05   1.3548753E+05   3.9905361E+05   4.7966429E-04   2.5205878E-04   3.6996139E-04
   5.3623188E-01   2.4495374E+05   1.2056205E+05   3.6549531E+05   5.9313426E-04   1.7791527E-04   4.4649184E-04
   5.5072464E-01   2.2797904E+05   1.1415901E+05   3.4209817E+05   4.4722059E-04   1.6574631E-04   3.0412784E-04
   5.6521739E-01   2.0993192E+05   1.0618028E+05   3.1609277E+05   6.3768480E-04   2.0741875E-04   4.9246730E-04
   5.7971014E-01   1.9816709E+05   9.8089014E+04   2.9623716E+05   7.4682768E-04   5.0781816E-04   6.6518711E-04
   5.9420290E-01   1.7819749E+05   9.0115221E+04   2.6827575E+05   1.3504042E-03   5.3611209E-04   1.0770544E-03
   6.0869565E-01   1.6805517E+05   8.3675780E+04   2.5173095E+05   8.9954724E-04   5.1224526E-04   7.4890681E-04
   6.2318841E-01   1.5463115E+05   7.4575387E+04   2.2920654E+05   9.8601592E-04   2.6512404E-04   7.4781765E-04
   6.3768116E-01   1.4223062E+05   7.1520010E+04   2.1375063E+05   1.9433281E-03   3.9057850E-04   1.4104644E-03
   6.5217391E-01   1.2753550E+05   6.6529281E+04   1.9406478E+05   1.4696225E-03   9.2420566E-05   9.9442777E-04
   6.6666667E-01   1.2136965E+05   6.0157704E+04   1.8152735E+05   1.2718350E-03   2.9821958E-04   9.4874070E-04
   6.8115942E-01   1.1098424E+05   5.4960093E+04   1.6594433E+05   1.9747846E-03   3.7461400E-04   1.4426120E-03
   6.9565217E-01   1.0262596E+05   5.2094397E+04   1.5472036E+05   1.5714062E-03   8.1014796E-04   1.3100115E-03
   7.1014493E-01   9.3773781E+04   4.5696161E+04   1.3945448E+05   2.1760712E-03   6.3471429E-04   1.6481096E-03
   7.2463768E-01   8.6169816E+04   4.2327171E+04   1.2849699E+05   1.8929641E-03   3.4321097E-04   1.2960241E-03
   7.3913043E-01   7.7957733E+04   3.8094840E+04   1.1605257E+05   2.2447661E-03   1.0055888E-03   1.7556861E-03
   7.5362319E-01   7.3369312E+04   3.6560795E+04   1.0993011E+05   2.3007796E-03   5.7791120E-04   1.6358844E-03
   7.6811594E-01   6.5465590E+04   3.2782834E+04   9.8248424E+04   3.3366087E-03   5.9688102E-04   2.4221619E-03
   7.8260870E-01   5.9019268E+04   3.0435757E+04   8.9455025E+04   1.8725478E-03   7.0677228E-04   1.4750438E-03
   7.9710145E-01   5.4433048E+04   2.6947872E+04   8.1380920E+04   2.1172476E-03   5.0099968E-04   1.5536556E-03
   8.1159420E-01   4.9144636E+04   2.4802345E+04   7.3946982E+04   2.7707275E-03   1.0854627E-03   2.2037408E-03
   8.2608696E-01   4.4799520E+04   2.2559283E+04   6.7358803E+04   2.5843862E-03   1.2051247E-03   2.1194730E-03
   8.4057971E-01   4.2250352E+04   2.1085983E+04   6.3336335E+04   2.8032278E-03   3.4996406E-04   1.9763875E-03
   8.5507246E-01   3.6486948E+04   1.8275581E+04   5.4762529E+04   3.8924604E-03   8.4098349E-04   2.8674615E-03
   8.6956522E-01   3.2708967E+04   1.6240823E+04   4.8949790E+04   2.2732418E-03   9.6948140E-04   1.8137318E-03
   8.8405797E-01   2.9489621E+04   1.4856608E+04   4.4346229E+04   3.3534079E-03   8.4450210E-04   2.5118101E-03
   8.9855072E-01   2.7192970E+04   1.2783751E+04   3.9976721E+04   3.2015365E-03   1.0969222E-03   2.5115394E-03
   9.1304348E-01   2.2575742E+04   1.1582546E+04   3.4158289E+04   2.8862613E-03   1.0178797E-03   2.0855816E-03
   9.2753623E-01   1.8742143E+04   9.7795391E+03   2.8521682E+04   4.0335541E-03   6.5014862E-04   2.8725389E-03
   9.4202899E-01   1.6541975E+04   8.0203514E+03   2.4562326E+04   3.2814417E-03   6.3681918E-04   2.3601261E-03
   9.5652174E-01   1.2732272E+04   6.1881829E+03   1.8920455E+04   4.2279858E-03   7.9008050E-04   3.0853019E-03
   9.7101449E-01   8.5839126E+03   3.9470165E+03   1.2530929E+04   6.0234620E-03   3.2852136E-03   5.1607833E-03
   9.8550725E-01   4.0895495E+03   2.0503463E+03   6.1398958E+03   5.7187948E-03   2.2615115E-03   4.4428813E-03
   1.0000000E+00   0.0000000E+00   0.0000000E+00   0.0000000E+00   0.0000000E+00   0.0000000E+00   0.0000000E+00
