   0.0000000E+00   6.2437503E+05   3.1521846E+05   9.3959349E+05   0.0000000E+00   0.0000000E+00   0.0000000E+00
   1.4492754E-02   6.2816371E+05   3.5310529E+05   9.8126901E+05   6.7788239E-04   0.0000000E+00   4.3394943E-04
   2.8985507E-02   6.7514339E+05   3.4552793E+05   1.0206713E+06   3.3052493E-04   0.0000000E+00   2.1863230E-04
   4.3478261E-02   7.0595801E+05   3.5563108E+05   1.0615891E+06   3.4614515E-04   1.7302595E-04   2.5791125E-04
   5.7971014E-02   6.9238190E+05   3.3510905E+05   1.0274909E+06   2.5588815E-04   2.3661034E-04   1.3242287E-04
   7.2463768E-02   7.0833225E+05   3.5371148E+05   1.0620437E+06   1.0623776E-04   0.0000000E+00   7.0855494E-05
   8.6956522E-02   7.4056132E+05   3.6876519E+05   1.1093265E+06   1.7951388E-04   6.4327174E-10   1.1983933E-04
   1.0144928E-01   7.3576232E+05   3.8049206E+05   1.1160379E+06   1.9371689E-04   1.8360905E-05   1.3193012E-04
   1.1594203E-01   7.6739783E+05   3.7972080E+05   1.1471186E+06   5.5584684E-05   2.6769995E-08   3.7192805E-05
   1.3043478E-01   7.9621287E+05   4.0092690E+05   1.1971398E+06   1.7344732E-05   6.4924650E-10   1.1535810E-05
   1.4492754E-01   8.2638763E+05   4.0425252E+05   1.2304886E+06   7.6065645E-05   2.7558260E-05   4.5811957E-05
   1.5942029E-01   8.4019221E+05   4.2977447E+05   1.2699667E+06   1.0951852E-04   5.7162973E-05   5.9221601E-05
   1.7391304E-01   8.5479012E+05   4.2515342E+05   1.2798804E+06   1.3075273E-04   1.1944949E-05   9.1275560E-05
   1.8840580E-01   8.6580159E+05   4.4001186E+05   1.3056969E+06   1.2738470E-04   5.2898439E-05   7.2403532E-05
   2.0289855E-01   8.6777088E+05   4.3786356E+05   1.3056344E+06   1.2153894E-04   7.4659395E-09   8.0778329E-05
   2.1739130E-01   8.6715386E+05   4.3276868E+05   1.2998720E+06   9.0546990E-05   6.3433719E-09   6.0405933E-05
   2.3188406E-01   8.4951754E+05   4.3162576E+05   1.2811433E+06   5.9681256E-05   1.9214558E-09   3.9574841E-05
   2.4637681E-01   8.3154915E+05   4.1622030E+05   1.2477695E+06   1.3727885E-04   5.6077162E-05   1.0005512E-04
   2.6086957E-01   8.1153599E+05   4.0972506E+05   1.2212190E+06   5.7204553E-05   4.3603975E-05   4.9919019E-05
   2.7536232E-01   7.7875391E+05   3.9266713E+05   1.1714210E+06   1.0785552E-04   8.4954074E-06   7.2836688E-05
   2.8985507E-01   7.3947523E+05   3.7674668E+05   1.1160704E+06   5.4438142E-05   6.5950531E-05   5.2446757E-05
   3.0434783E-01   7.0675183E+05   3.5617232E+05   1.0627437E+06   1.2806530E-04   1.5912207E-05   8.7949015E-05
   3.1884058E-01   6.8940261E+05   3.3936271E+05   1.0286620E+06   4.8957147E-05   7.6346036E-06   3.5321628E-05
   3.3333333E-01   6.4928150E+05   3.2375123E+05   9.7296685E+05   8.6741254E-05   3.5498868E-05   4.6312800E-05
   3.4782609E-01   6.0682079E+05   3.0454700E+05   9.1124151E+05   6.0972172E-05   1.3246874E-07   4.0568040E-05
   3.6231884E-01   5.8509396E+05   2.8333290E+05   8.6830562E+05   9.8606606E-05   3.5118046E-05   5.4066053E-05
   3.7681159E-01   5.3877993E+05   2.7415496E+05   8.1287660E+05   2.0557775E-05   4.7349357E-05   2.7694099E-05
   3.9130435E-01   5.0417554E+05   2.5358921E+05   7.5770862E+05   1.5697541E-04   8.3784109E-05   1.0641780E-04
   4.0579710E-01   4.8251590E+05   2.4090614E+05   7.2336791E+05   2.3179978E-04   2.2304075E-05   1.5123063E-04
   4.2028986E-01   4.4633304E+05   2.2332329E+05   6.6955181E+05   1.5305173E-04   5.0905909E-05   9.4419049E-05
   4.3478261E-01   4.1491135E+05   2.0761985E+05   6.2253120E+05   1.3918740E-04   2.2064948E-05   9.6587599E-05
   4.4927536E-01   3.8632349E+05   1.9358950E+05   5.7991299E+05   2.8372140E-04   3.7348424E-05   2.0061141E-04
   4.6376812E-01   3.5952238E+05   1.7927576E+05   5.3872710E+05   2.1860117E-04   8.7607314E-05   1.4549589E-04
   4.7826087E-01   3.4272660E+05   1.6856197E+05   5.1126561E+05   2.6781254E-04   3.0118852E-05   1.7841028E-04
   4.9275362E-01   3.1566419E+05   1.5511316E+05   4.7077734E+05   1.8020674E-04   6.4194215E-05   1.3479966E-04
   5.0724638E-01   2.9045130E+05   1.4596173E+05   4.3641303E+05   2.2545457E-04   5.9908831E-05   1.6298701E-04
   5.2173913E-01   2.6419752E+05   1.3336166E+05   3.9751708E+05   3.2681052E-04   9.8503227E-05   2.4628913E-04
   5.3623188E-01   2.4388882E+05   1.2478080E+05   3.6866962E+05   2.9349313E-04   1.3552355E-04   1.4925736E-04
   5.5072464E-01   2.3023231E+05   1.1246408E+05   3.4267645E+05   4.8147369E-04   6.0136359E-05   3.3591488E-04
   5.6521739E-01   2.0903818E+05   1.0505339E+05   3.1405271E+05   2.9059774E-04   1.6961759E-04   1.9746055E-04
   5.7971014E-01   1.9714414E+05   9.5645313E+04   2.9277051E+05   3.1588215E-04   5.2125628E-05   2.1851807E-04
   5.9420290E-01   1.8176440E+05   8.7047312E+04   2.6881171E+05   5.1481139E-04   1.9712875E-04   4.0672288E-04
   6.0869565E-01   1.6623300E+05   8.1799479E+04   2.4803247E+05   2.7912395E-04   9.4202047E-05   1.6046999E-04
   6.2318841E-01   1.5318616E+05   7.7571090E+04   2.3073963E+05   4.9548851E-04   4.5450803E-05   3.2751064E-04
   6.3768116E-01   1.4267837E+05   7.1898879E+04   2.1457725E+05   3.3426225E-04   5.4609020E-05   2.1462723E-04
   6.5217391E-01   1.3081903E+05   6.5721028E+04   1.9652322E+05   2.4155500E-04   6.3720290E-05   1.6496545E-04
   6.6666667E-01   1.2176499E+05   6.1426089E+04   1.8319108E+05   5.7988594E-04   2.9430554E-04   3.8034068E-04
   6.8115942E-01   1.0859818E+05   5.4960093E+04   1.6355827E+05   4.5698431E-04   1.1805043E-04   3.4069728E-04
   6.9565217E-01   1.0283118E+05   5.1526095E+04   1.5435728E+05   4.2452015E-04   2.0667357E-04   2.1662118E-04
   7.1014493E-01   9.3897493E+04   4.6067298E+04   1.3994933E+05   5.7822140E-04   1.3655728E-04   3.4308398E-04
   7.2463768E-01   8.5836412E+04   4.2008922E+04   1.2783018E+05   4.2100467E-04   1.3111714E-04   3.2296988E-04
   7.3913043E-01   7.9042336E+04   4.0115472E+04   1.1914295E+05   2.0950872E-04   2.4473237E-08   1.3898676E-04
   7.5362319E-01   7.2028701E+04   3.6473364E+04   1.0850206E+05   3.2355302E-04   1.9909705E-04   2.5721195E-04
   7.6811594E-01   6.6852391E+04   3.2840022E+04   9.9692413E+04   7.4643168E-04   3.1104090E-07   5.0054522E-04
   7.8260870E-01   5.9650716E+04   3.0098985E+04   8.9749701E+04   6.3082128E-04   5.9118994E-08   4.1928453E-04
   7.9710145E-01   5.6003629E+04   2.6975426E+04   8.2979055E+04   8.2587958E-04   2.0352523E-04   6.0242168E-04
   8.1159420E-01   5.0524800E+04   2.5708923E+04   7.6220192E+04   6.9116056E-04   3.8323556E-05   4.5316641E-04
   8.2608696E-01   4.6846738E+04   2.2652339E+04   6.9499077E+04   4.6729428E-04   5.4438689E-05   3.2769390E-04
   8.4057971E-01   3.9820369E+04   1.9518252E+04   5.9338621E+04   4.4702819E-04   8.6501466E-09   2.9999005E-04
   8.5507246E-01   3.6641064E+04   1.8712243E+04   5.5353307E+04   2.8284128E-04   2.5594974E-04   1.5274121E-04
   8.6956522E-01   3.3529848E+04   1.6215565E+04   4.9745413E+04   5.3289667E-04   1.0095231E-08   3.5918449E-04
   8.8405797E-01   2.9054854E+04   1.3962230E+04   4.3017084E+04   9.9106712E-04   1.3814142E-08   6.6938798E-04
   8.9855072E-01   2.5103083E+04   1.2600428E+04   3.7703511E+04   6.9854578E-04   1.7420583E-08   4.6509628E-04
   9.1304348E-01   2.2479522E+04   1.1329968E+04   3.3809489E+04   1.0368515E-03   4.3400177E-04   7.3142438E-04
   9.2753623E-01   1.8872379E+04   8.9152457E+03   2.7787625E+04   7.9423039E-04   2.4922116E-08   5.3940559E-04
   9.4202899E-01   1.5364568E+04   7.6706267E+03   2.3035195E+04   4.2959093E-04   6.4645116E-04   4.6295816E-04
   9.5652174E-01   1.2984851E+04   6.4981661E+03   1.9483017E+04   3.4011212E-04   0.0000000E+00   2.2667461E-04
   9.7101449E-01   8.9345072E+03   4.5577296E+03   1.3492237E+04   5.2236252E-04   0.0000000E+00   3.4590645E-04
   9.8550725E-01   3.7329675E+03   1.8831985E+03   5.6161660E+03   7.7443371E-04   0.0000000E+00   5.1475257E-04
   1.0000000E+00   0.0000000E+00   0.0000000E+00   0.0000000E+00   0.0000000E+00   0.0000000E+00   0.0000000E+00
