   0.0000000E+00   7.2742722E+05   3.3340414E+05   1.0608314E+06   0.0000000E+00   0.0000000E+00   0.0000000E+00
   1.4492754E-02   6.9105586E+05   3.3491961E+05   1.0259755E+06   4.8017329E-04   2.0583297E-09   3.2342567E-04
   2.8985507E-02   6.8916151E+05   3.5424190E+05   1.0434034E+06   2.5106791E-04   0.0000000E+00   1.6582880E-04
   4.3478261E-02   6.7741660E+05   3.6901777E+05   1.0464344E+06   2.1017372E-04   2.3604473E-07   1.3598474E-04
   5.7971014E-02   6.9332907E+05   3.3037319E+05   1.0237023E+06   1.7253821E-04   2.4992303E-09   1.1685681E-04
   7.2463768E-02   7.2939733E+05   3.5340839E+05   1.0828057E+06   1.1995441E-04   0.0000000E+00   8.0803443E-05
   8.6956522E-02   7.3172106E+05   3.7305903E+05   1.1046538E+06   9.9619277E-05   6.3698939E-12   6.5987662E-05
   1.0144928E-01   7.3392210E+05   3.7984257E+05   1.1137647E+06   1.0350142E-04   1.9337421E-08   6.8209372E-05
   1.1594203E-01   7.6938689E+05   3.9118156E+05   1.1605684E+06   1.8710917E-05   4.4981403E-09   1.2403004E-05
   1.3043478E-01   8.0252734E+05   3.9949562E+05   1.2019388E+06   8.7892855E-05   1.5847062E-09   5.8685907E-05
   1.4492754E-01   8.2866084E+05   4.0349478E+05   1.2322314E+06   1.2041299E-04   3.7123633E-09   8.0977403E-05
   1.5942029E-01   8.5527806E+05   4.2302373E+05   1.2782329E+06   2.3651513E-05   1.0658457E-08   1.5828389E-05
   1.7391304E-01   8.6792423E+05   4.2654261E+05   1.2944037E+06   2.8015883E-05   3.0001043E-08   1.8782838E-05
   1.8840580E-01   8.7273780E+05   4.3663119E+05   1.3091358E+06   5.4502988E-05   1.1957532E-09   3.6334201E-05
   2.0289855E-01   8.7356215E+05   4.3521148E+05   1.3086654E+06   6.0843931E-05   1.1470095E-08   4.0612613E-05
   2.1739130E-01   8.5437337E+05   4.3418312E+05   1.2885060E+06   5.9007925E-05   2.9995229E-09   3.9126235E-05
   2.3188406E-01   8.4118244E+05   4.2097009E+05   1.2621052E+06   6.9965704E-05   4.7845450E-09   4.6633098E-05
   2.4637681E-01   8.2878564E+05   4.1782492E+05   1.2466106E+06   2.0212017E-04   4.4299236E-09   1.3437706E-04
   2.6086957E-01   7.9410804E+05   4.0888313E+05   1.2029912E+06   2.5102006E-04   3.0983734E-08   1.6569240E-04
   2.7536232E-01   7.8880389E+05   3.9143082E+05   1.1802347E+06   2.6171521E-05   3.2188421E-09   1.7492665E-05
   2.8985507E-01   7.4046029E+05   3.7561007E+05   1.1158809E+06   6.5938990E-05   1.2361930E-08   4.3750782E-05
   3.0434783E-01   7.2251997E+05   3.5278055E+05   1.0752284E+06   9.0966919E-05   8.2415119E-10   6.1126803E-05
   3.1884058E-01   6.8055087E+05   3.4511462E+05   1.0255277E+06   1.0444180E-04   1.5910481E-07   6.9311324E-05
   3.3333333E-01   6.4644823E+05   3.2826471E+05   9.7461410E+05   2.4745788E-04   5.3273249E-09   1.6413519E-04
   3.4782609E-01   6.1515590E+05   3.0814625E+05   9.2317586E+05   7.1413656E-05   9.5822157E-07   4.7863147E-05
   3.6231884E-01   5.7354605E+05   2.9703278E+05   8.7051821E+05   8.6094756E-05   3.5321766E-08   5.6712163E-05
   3.7681159E-01   5.4685274E+05   2.7371781E+05   8.2045397E+05   2.1881935E-04   2.0916948E-07   1.4581932E-04
   3.9130435E-01   5.1293161E+05   2.5802337E+05   7.7092692E+05   1.2884959E-04   2.2339656E-09   8.5729291E-05
   4.0579710E-01   4.7152871E+05   2.4028371E+05   7.1178537E+05   4.6084324E-05   4.9704245E-08   3.0545551E-05
   4.2028986E-01   4.4121178E+05   2.2604069E+05   6.6709570E+05   7.3781836E-05   2.4614648E-08   4.8796874E-05
   4.3478261E-01   4.1203195E+05   2.1095389E+05   6.2296059E+05   9.3165328E-05   6.9240675E-09   6.1618824E-05
   4.4927536E-01   3.8801007E+05   1.9468944E+05   5.8267507E+05   1.5320144E-04   7.4999397E-09   1.0202070E-04
   4.6376812E-01   3.5241860E+05   1.8154897E+05   5.3394389E+05   1.8542962E-04   5.0163797E-08   1.2239235E-04
   4.7826087E-01   3.3572327E+05   1.6500290E+05   5.0072618E+05   3.3509997E-04   5.8202186E-08   2.2466589E-04
   4.9275362E-01   3.0946858E+05   1.5767609E+05   4.6710009E+05   7.7174725E-05   6.4264388E-09   5.1132819E-05
   5.0724638E-01   2.8555848E+05   1.4700092E+05   4.3255940E+05   8.6434543E-05   7.0589761E-09   5.7061906E-05
   5.2173913E-01   2.6954378E+05   1.3411939E+05   4.0368422E+05   1.7113492E-04   3.3997577E-08   1.1427469E-04
   5.3623188E-01   2.4726791E+05   1.2324485E+05   3.7049228E+05   1.9310276E-04   2.2199862E-09   1.2887759E-04
   5.5072464E-01   2.2863707E+05   1.1523580E+05   3.4383299E+05   2.4428101E-04   1.4310174E-08   1.6243924E-04
   5.6521739E-01   2.1434234E+05   1.0635514E+05   3.2069748E+05   1.0711408E-04   6.5554635E-09   7.1590310E-05
   5.7971014E-01   1.9665161E+05   9.8695203E+04   2.9532787E+05   1.3362991E-04   1.5469393E-08   8.8984221E-05
   5.9420290E-01   1.7707013E+05   8.9634705E+04   2.6670483E+05   9.2200469E-05   2.1512487E-08   6.1213084E-05
   6.0869565E-01   1.6551134E+05   8.1348445E+04   2.4684175E+05   1.7749889E-04   6.6638554E-08   1.1900580E-04
   6.2318841E-01   1.5521267E+05   7.8275962E+04   2.3348863E+05   9.5791873E-05   1.5433024E-08   6.3679296E-05
   6.3768116E-01   1.4212729E+05   7.0056201E+04   2.1218349E+05   9.5250067E-05   1.8975464E-09   6.3800928E-05
   6.5217391E-01   1.3140838E+05   6.4373941E+04   1.9573180E+05   1.5267630E-04   1.0010360E-08   1.0250547E-04
   6.6666667E-01   1.2143554E+05   5.9894143E+04   1.8132968E+05   4.3215920E-04   2.1014245E-08   2.8941793E-04
   6.8115942E-01   1.0896898E+05   5.5879050E+04   1.6484803E+05   2.2523447E-04   4.1983610E-08   1.4888621E-04
   6.9565217E-01   1.0166301E+05   5.0421062E+04   1.5206828E+05   1.6506509E-04   1.7568208E-08   1.1034617E-04
   7.1014493E-01   9.1036650E+04   4.6299258E+04   1.3733591E+05   2.0395511E-04   2.0546377E-09   1.3519689E-04
   7.2463768E-01   8.5154449E+04   4.2433254E+04   1.2758770E+05   3.4018048E-04   4.5358533E-07   2.2710290E-04
   7.3913043E-01   7.8150882E+04   3.9833177E+04   1.1798406E+05   2.4121173E-04   1.8665675E-08   1.5977850E-04
   7.5362319E-01   7.0877524E+04   3.6327645E+04   1.0720517E+05   3.0995279E-05   1.5561340E-07   2.0498210E-05
   7.6811594E-01   6.6509265E+04   3.3240336E+04   9.9763898E+04   3.1646202E-04   1.1808868E-07   2.1098660E-04
   7.8260870E-01   5.9678780E+04   3.0379628E+04   9.0058408E+04   2.7483966E-04   4.5299932E-08   1.8213335E-04
   7.9710145E-01   5.5672981E+04   2.6548338E+04   8.2221319E+04   5.1205109E-04   1.5995178E-09   3.4671543E-04
   8.1159420E-01   4.9496443E+04   2.5357117E+04   7.4853560E+04   2.5295426E-04   2.9126621E-09   1.6726369E-04
   8.2608696E-01   4.5291384E+04   2.1096985E+04   6.6388368E+04   1.0859627E-04   4.3978533E-08   7.4075106E-05
   8.4057971E-01   4.1989064E+04   2.0916145E+04   6.2905209E+04   1.7930700E-04   1.9643117E-08   1.1968045E-04
   8.5507246E-01   3.5729211E+04   1.8134308E+04   5.3863520E+04   8.7634042E-05   1.4562967E-07   5.8171405E-05
   8.6956522E-01   3.2898401E+04   1.5470457E+04   4.8368858E+04   3.3341426E-04   1.8714176E-08   2.2677906E-04
   8.8405797E-01   2.8346805E+04   1.4173403E+04   4.2520208E+04   1.4911146E-04   6.6917690E-09   9.9408743E-05
   8.9855072E-01   2.6337461E+04   1.2918188E+04   3.9255649E+04   2.9643802E-04   0.0000000E+00   1.9888665E-04
   9.1304348E-01   2.1914226E+04   1.1293885E+04   3.3208111E+04   2.7455513E-04   0.0000000E+00   1.8118053E-04
   9.2753623E-01   1.8990776E+04   9.3651518E+03   2.8355927E+04   1.6150217E-04   7.0348655E-09   1.0816442E-04
   9.4202899E-01   1.5434513E+04   7.7405717E+03   2.3175085E+04   2.4290670E-04   0.0000000E+00   1.6177489E-04
   9.5652174E-01   1.2686349E+04   5.7289486E+03   1.8415298E+04   1.1573896E-04   5.8833814E-08   7.9749021E-05
   9.7101449E-01   9.7374819E+03   4.5238011E+03   1.4261283E+04   9.2931052E-08   8.5921274E-09   6.5633826E-08
   9.8550725E-01   3.9446880E+03   1.8163394E+03   5.7610274E+03   5.6696611E-09   1.1102357E-06   3.4696035E-07
   1.0000000E+00   0.0000000E+00   0.0000000E+00   0.0000000E+00   0.0000000E+00   0.0000000E+00   0.0000000E+00
