   0.0000000E+00   7.2742722E+05   4.1220876E+05   1.1396360E+06   0.0000000E+00   0.0000000E+00   0.0000000E+00
   1.4492754E-02   6.7438565E+05   3.3795056E+05   1.0123362E+06   7.7654762E-04   0.0000000E+00   5.1731091E-04
   2.8985507E-02   7.1113588E+05   3.3984490E+05   1.0509808E+06   5.6436724E-05   0.0000000E+00   3.8187358E-05
   4.3478261E-02   7.0418996E+05   3.3719282E+05   1.0413828E+06   5.0562726E-04   8.4300389E-08   3.4189270E-04
   5.7971014E-02   7.0962040E+05   3.4969548E+05   1.0593159E+06   2.6735577E-04   1.5696898E-04   1.6357866E-04
   7.2463768E-02   7.0757452E+05   3.6174349E+05   1.0691665E+06   1.2177818E-04   1.7241672E-04   1.1687796E-04
   8.6956522E-02   7.3576232E+05   3.5499964E+05   1.0906357E+06   9.4697228E-05   2.8399449E-09   6.3884044E-05
   1.0144928E-01   7.5632946E+05   3.6533733E+05   1.1216668E+06   1.6743266E-04   1.2149447E-04   1.4874810E-04
   1.1594203E-01   7.8368917E+05   3.9733817E+05   1.1809326E+06   1.5076609E-04   1.4204977E-09   1.0005170E-04
   1.3043478E-01   7.9596029E+05   4.0059013E+05   1.1964662E+06   1.0713419E-04   5.9918797E-05   5.3650697E-05
   1.4492754E-01   8.2744846E+05   4.0788966E+05   1.2353381E+06   3.4440875E-05   5.2099206E-05   6.0999350E-06
   1.5942029E-01   8.5197157E+05   4.2013055E+05   1.2721021E+06   8.7112950E-05   4.8418656E-05   6.8765095E-05
   1.7391304E-01   8.5655818E+05   4.3014186E+05   1.2866369E+06   1.0914410E-04   3.0612212E-05   6.6384703E-05
   1.8840580E-01   8.7687621E+05   4.3581517E+05   1.3125748E+06   4.2224511E-05   3.1604525E-05   3.8187709E-05
   2.0289855E-01   8.6181723E+05   4.2958258E+05   1.2913998E+06   7.5174463E-05   5.4551736E-05   5.5154059E-05
   2.1739130E-01   8.5467646E+05   4.3554705E+05   1.2901225E+06   1.3949655E-04   5.7117999E-05   1.0925994E-04
   2.3188406E-01   8.3800941E+05   4.3792444E+05   1.2757918E+06   1.0873887E-04   6.7402184E-05   9.4339953E-05
   2.4637681E-01   8.2722560E+05   4.1185217E+05   1.2390332E+06   6.6051616E-05   1.6532339E-05   3.8760834E-05
   2.6086957E-01   8.0379024E+05   4.0080061E+05   1.2044646E+06   6.0847821E-05   6.4274454E-05   2.0498360E-05
   2.7536232E-01   7.8569318E+05   3.9238796E+05   1.1779615E+06   1.1174846E-04   1.0355911E-04   9.6500291E-05
   2.8985507E-01   7.4727992E+05   3.7663302E+05   1.1238750E+06   8.6131516E-05   5.1304919E-05   6.6091008E-05
   3.0434783E-01   7.1137042E+05   3.5786821E+05   1.0691304E+06   7.8597418E-05   1.8624736E-05   4.8862145E-05
   3.1884058E-01   6.7052808E+05   3.3932826E+05   1.0098219E+06   5.9683987E-05   3.7439505E-05   4.6291903E-05
   3.3333333E-01   6.4325255E+05   3.2368534E+05   9.6687201E+05   1.1411725E-04   6.9873317E-05   9.8438478E-05
   3.4782609E-01   6.0647350E+05   3.0195807E+05   9.0833685E+05   7.4101276E-05   3.8247419E-05   5.7232541E-05
   3.6231884E-01   5.7969887E+05   2.8712158E+05   8.6672953E+05   2.0701883E-04   5.9233025E-05   1.2966777E-04
   3.7681159E-01   5.4149029E+05   2.7266863E+05   8.1407149E+05   2.9117913E-04   3.2510673E-05   1.9031804E-04
   3.9130435E-01   5.1281935E+05   2.5600274E+05   7.6882209E+05   1.3133883E-04   2.2339251E-05   9.4495148E-05
   4.0579710E-01   4.7691406E+05   2.3920123E+05   7.1600704E+05   1.2219825E-04   1.0526989E-05   8.1506109E-05
   4.2028986E-01   4.4615013E+05   2.2285297E+05   6.6892472E+05   5.4489715E-04   5.8913519E-05   3.7534449E-04
   4.3478261E-01   4.1498712E+05   2.0971626E+05   6.2467812E+05   1.7728863E-04   9.9983806E-05   1.4660653E-04
   4.4927536E-01   3.8940333E+05   1.9512942E+05   5.8445941E+05   4.3568681E-04   4.1916373E-05   3.0259152E-04
   4.6376812E-01   3.6141672E+05   1.8415369E+05   5.4554673E+05   1.9574651E-04   5.4697087E-05   1.3618103E-04
   4.7826087E-01   3.3677951E+05   1.6925082E+05   5.0598441E+05   4.1949283E-04   1.5306543E-04   3.2296149E-04
   4.9275362E-01   3.1187550E+05   1.5546974E+05   4.6730067E+05   7.4537263E-04   1.2116336E-04   5.3219977E-04
   5.0724638E-01   2.8919562E+05   1.4405657E+05   4.3318724E+05   2.7534065E-04   1.8114276E-04   2.4405462E-04
   5.2173913E-01   2.6910176E+05   1.3441407E+05   4.0351583E+05   6.6171261E-04   8.9902916E-05   4.2148851E-04
   5.3623188E-01   2.4618250E+05   1.2279430E+05   3.6893585E+05   6.4846993E-04   1.4710681E-04   4.7717282E-04
   5.5072464E-01   2.2835791E+05   1.1675127E+05   3.4508924E+05   3.6969378E-04   7.8647115E-05   2.1966874E-04
   5.6521739E-01   2.1055365E+05   1.0334363E+05   3.1389728E+05   3.0030402E-04   2.2523724E-04   2.7444440E-04
   5.7971014E-01   1.9636746E+05   9.6592484E+04   2.9294100E+05   7.0218238E-04   2.8699577E-04   5.5768392E-04
   5.9420290E-01   1.8340924E+05   9.2979836E+04   2.7638908E+05   1.0419025E-03   1.6402989E-04   7.0789547E-04
   6.0869565E-01   1.6890312E+05   8.3964441E+04   2.5286756E+05   1.0777994E-03   3.2389792E-04   8.2349105E-04
   6.2318841E-01   1.5167069E+05   7.4751605E+04   2.2642229E+05   4.2837697E-04   1.6199660E-05   2.8592661E-04
   6.3768116E-01   1.4030184E+05   7.1571674E+04   2.1187351E+05   8.5883381E-04   1.5227218E-04   5.7049139E-04
   6.5217391E-01   1.3186302E+05   6.6579797E+04   1.9842598E+05   1.0272180E-03   5.1297196E-04   8.4086856E-04
   6.6666667E-01   1.2270393E+05   6.0338902E+04   1.8304283E+05   1.2635536E-03   2.6455435E-04   9.0047704E-04
   6.8115942E-01   1.0971060E+05   5.3847671E+04   1.6354215E+05   1.3417834E-03   2.2115527E-04   9.7271236E-04
   6.9565217E-01   1.0208923E+05   5.0247414E+04   1.5233665E+05   1.4572220E-03   2.6850857E-04   1.0605147E-03
   7.1014493E-01   9.5258326E+04   4.7381739E+04   1.4264006E+05   1.2640938E-03   7.0414705E-05   8.3566534E-04
   7.2463768E-01   8.6063733E+04   4.1811910E+04   1.2786049E+05   1.5538068E-03   7.7519320E-05   1.0387473E-03
   7.3913043E-01   7.8388603E+04   3.8287989E+04   1.1667659E+05   1.1864377E-03   2.7464633E-04   8.7043916E-04
   7.5362319E-01   7.1241820E+04   3.6021636E+04   1.0726346E+05   1.3499723E-03   1.8832570E-05   8.9687758E-04
   7.6811594E-01   6.6280514E+04   3.3168851E+04   9.9449366E+04   2.2632019E-03   3.4495306E-04   1.6229677E-03
   7.8260870E-01   5.9748941E+04   2.9439473E+04   8.9188414E+04   1.4033865E-03   3.0976802E-04   1.0293694E-03
   7.9710145E-01   5.4198838E+04   2.8325575E+04   8.2524413E+04   2.1593021E-03   1.8836627E-04   1.4229137E-03
   8.1159420E-01   4.8792830E+04   2.5938950E+04   7.4718249E+04   2.3949380E-03   1.5248745E-04   1.5487342E-03
   8.2608696E-01   4.3430276E+04   2.1854721E+04   6.5284997E+04   2.3631954E-03   2.6542986E-04   1.6609305E-03
   8.4057971E-01   4.0970039E+04   2.0223731E+04   6.1193769E+04   2.4274357E-03   1.6655594E-04   1.5983128E-03
   8.5507246E-01   3.6641064E+04   1.8699400E+04   5.5340464E+04   2.2758563E-03   4.0605665E-04   1.4846336E-03
   8.6956522E-01   3.2860514E+04   1.6569175E+04   4.9429690E+04   2.6830250E-03   1.1312277E-07   1.7836306E-03
   8.8405797E-01   2.8036257E+04   1.3713792E+04   4.1750049E+04   3.0197022E-03   3.2099291E-04   1.9226761E-03
   8.9855072E-01   2.5481951E+04   1.2795973E+04   3.8277924E+04   2.4025786E-03   1.1339903E-07   1.5993853E-03
   9.1304348E-01   2.2960624E+04   1.1546464E+04   3.4507088E+04   2.0617272E-03   1.4806052E-08   1.3718547E-03
   9.2753623E-01   1.9689314E+04   9.4361896E+03   2.9125504E+04   2.8387572E-03   1.3718077E-03   1.8938279E-03
   9.4202899E-01   1.6192250E+04   7.9037765E+03   2.4096027E+04   2.9683750E-03   6.2309180E-08   1.9946952E-03
   9.5652174E-01   1.2870043E+04   6.3718767E+03   1.9241919E+04   3.7389383E-03   1.5823645E-08   2.5008099E-03
   9.7101449E-01   8.7874836E+03   4.9309432E+03   1.3718427E+04   3.5218073E-03   5.1041617E-04   2.1787690E-03
   9.8550725E-01   4.0226903E+03   2.0614895E+03   6.0841798E+03   2.0162875E-03   6.0188447E-04   1.1312545E-03
   1.0000000E+00   0.0000000E+00   2.1884092E+01   2.1884092E+01   0.0000000E+00   2.3608485E-05   2.3608485E-05
