   0.0000000E+00   7.8198426E+05   4.2433254E+05   1.2063168E+06   0.0000000E+00   0.0000000E+00   0.0000000E+00
   1.4492754E-02   6.8423623E+05   3.5916719E+05   1.0434034E+06   9.6993792E-05   4.5733744E-08   6.3619198E-05
   2.8985507E-02   7.0128530E+05   3.4931661E+05   1.0506019E+06   4.4520901E-05   2.4494707E-09   2.9718836E-05
   4.3478261E-02   6.7438565E+05   3.3542477E+05   1.0095578E+06   5.2328572E-05   0.0000000E+00   3.4955538E-05
   5.7971014E-02   7.0185360E+05   3.4439132E+05   1.0462449E+06   1.2938528E-04   1.8153182E-09   8.6795643E-05
   7.2463768E-02   7.0681678E+05   3.6159195E+05   1.0684087E+06   1.9272170E-04   1.8032483E-08   1.2749926E-04
   8.6956522E-02   7.3513087E+05   3.5777800E+05   1.0927826E+06   6.1690823E-05   1.0703933E-08   4.1502150E-05
   1.0144928E-01   7.4204071E+05   3.8244053E+05   1.1244812E+06   1.2319495E-04   2.0415015E-09   8.1296468E-05
   1.1594203E-01   7.7450161E+05   3.8294118E+05   1.1574428E+06   1.0150669E-04   1.9284021E-09   6.7923200E-05
   1.3043478E-01   8.0547410E+05   4.0522074E+05   1.2106948E+06   1.1941437E-04   5.5293921E-10   7.9446442E-05
   1.4492754E-01   8.3495005E+05   4.0614686E+05   1.2410211E+06   8.7671536E-05   1.2036172E-09   5.8984468E-05
   1.5942029E-01   8.3199488E+05   4.1737514E+05   1.2493011E+06   7.3099942E-05   2.1939954E-08   4.8678452E-05
   1.7391304E-01   8.6059944E+05   4.2932098E+05   1.2897941E+06   5.5024210E-05   1.1885383E-08   3.6713602E-05
   1.8840580E-01   8.6959028E+05   4.4916299E+05   1.3184618E+06   6.3482135E-05   1.1752176E-05   4.3499690E-05
   2.0289855E-01   8.6630953E+05   4.3651045E+05   1.3026576E+06   1.0374719E-04   1.2739488E-04   9.1288684E-05
   2.1739130E-01   8.6457756E+05   4.2832329E+05   1.2929008E+06   2.8713506E-05   4.7887174E-05   3.1010074E-05
   2.3188406E-01   8.5235905E+05   4.2442726E+05   1.2767390E+06   1.3466060E-05   1.8050987E-06   9.5367941E-06
   2.4637681E-01   8.2299118E+05   4.1737919E+05   1.2402812E+06   3.2544259E-05   1.5483008E-05   2.6704293E-05
   2.6086957E-01   8.0357975E+05   4.0298963E+05   1.2064010E+06   1.3048836E-04   5.7376758E-05   1.0577130E-04
   2.7536232E-01   7.7109678E+05   3.8983558E+05   1.1609324E+06   6.7110966E-05   7.3132028E-05   6.6447463E-05
   2.8985507E-01   7.4989411E+05   3.7356419E+05   1.1233825E+06   3.5421751E-05   1.2027726E-05   2.6405982E-05
   3.0434783E-01   7.1360754E+05   3.5790429E+05   1.0713675E+06   7.6698118E-05   4.1766596E-05   5.6803012E-05
   3.1884058E-01   6.9398347E+05   3.3932826E+05   1.0333117E+06   2.0108144E-04   7.7309093E-09   1.3504822E-04
   3.3333333E-01   6.5017102E+05   3.2553027E+05   9.7566834E+05   1.7191679E-05   6.2127452E-05   2.0060428E-05
   3.4782609E-01   6.1329313E+05   3.0994588E+05   9.2317586E+05   5.8478641E-05   6.4237881E-05   5.9387386E-05
   3.6231884E-01   5.8600324E+05   2.8936448E+05   8.7530711E+05   1.4904456E-04   2.2285778E-08   9.9785447E-05
   3.7681159E-01   5.4160687E+05   2.7482527E+05   8.1640299E+05   3.9547081E-05   6.6940706E-05   4.8491976E-05
   3.9130435E-01   5.0566295E+05   2.5392598E+05   7.5958893E+05   5.5235567E-05   2.2873898E-05   2.9998372E-05
   4.0579710E-01   4.7648106E+05   2.3825406E+05   7.1470807E+05   7.9032075E-05   3.9627715E-05   5.3706003E-05
   4.2028986E-01   4.4991269E+05   2.2476038E+05   6.7462081E+05   7.4751348E-05   3.9475868E-05   5.5299806E-05
   4.3478261E-01   4.1417887E+05   2.0698840E+05   6.2111676E+05   1.6081265E-04   1.4780263E-04   1.5600007E-04
   4.4927536E-01   3.8468580E+05   1.9324730E+05   5.7790866E+05   1.9509839E-04   1.7770963E-05   1.2577994E-04
   4.6376812E-01   3.5940398E+05   1.8055444E+05   5.3995843E+05   1.9566679E-04   5.2648133E-05   1.3490493E-04
   4.7826087E-01   3.3783575E+05   1.6759758E+05   5.0538741E+05   1.6639651E-04   6.2726168E-05   1.2823608E-04
   4.9275362E-01   3.1015945E+05   1.5373140E+05   4.6384628E+05   1.8767636E-04   9.3098414E-05   9.5031719E-05
   5.0724638E-01   2.8151000E+05   1.4576689E+05   4.2725524E+05   2.6604851E-04   5.7656224E-05   1.7288413E-04
   5.2173913E-01   2.6796516E+05   1.3119369E+05   3.9913780E+05   3.6146865E-04   5.5804955E-05   2.4258229E-04
   5.3623188E-01   2.4786181E+05   1.2222088E+05   3.7006221E+05   1.4602961E-04   5.9324211E-05   1.0630871E-04
   5.5072464E-01   2.2528708E+05   1.1563461E+05   3.4090175E+05   2.1638927E-04   9.4049900E-05   1.2741529E-04
   5.6521739E-01   2.1239942E+05   1.0594713E+05   3.1832712E+05   4.5519155E-04   7.9636916E-05   3.2544265E-04
   5.7971014E-01   1.9299553E+05   9.7501768E+04   2.9047836E+05   1.9773027E-04   3.2634824E-05   1.4208519E-04
   5.9420290E-01   1.8207858E+05   8.8063788E+04   2.7014237E+05   1.3401659E-04   1.3342158E-04   1.3090758E-04
   6.0869565E-01   1.6814538E+05   8.4198979E+04   2.5234436E+05   4.2898834E-04   8.0656840E-06   2.8847595E-04
   6.2318841E-01   1.5293946E+05   7.5756047E+04   2.2867788E+05   2.8528604E-04   2.0821903E-04   2.5495045E-04
   6.3768116E-01   1.4421107E+05   7.3001041E+04   2.1721211E+05   4.0203293E-04   2.1440111E-05   2.7411979E-04
   6.5217391E-01   1.3162728E+05   6.6849214E+04   1.9847650E+05   1.2176797E-04   1.0785854E-04   1.0627771E-04
   6.6666667E-01   1.1960709E+05   6.0569517E+04   1.8014366E+05   4.7150552E-04   1.2312514E-08   3.1305688E-04
   6.8115942E-01   1.1038773E+05   5.3686450E+04   1.6407418E+05   3.2331280E-04   7.2654554E-08   2.1750089E-04
   6.9565217E-01   9.8379479E+04   5.0373703E+04   1.4875318E+05   5.8951275E-04   2.8703337E-05   3.9927857E-04
   7.1014493E-01   9.1933563E+04   4.5603377E+04   1.3753694E+05   8.9009744E-04   2.0328217E-04   6.6117676E-04
   7.2463768E-01   8.6639612E+04   4.2493873E+04   1.2913349E+05   3.5498248E-04   1.4737744E-04   2.8323068E-04
   7.3913043E-01   7.8061736E+04   3.8808004E+04   1.1686974E+05   2.0852582E-04   9.2528019E-06   1.3629456E-04
   7.5362319E-01   7.3311024E+04   3.6109067E+04   1.0942009E+05   6.8972108E-04   2.5302261E-04   3.7999767E-04
   7.6811594E-01   6.6394890E+04   3.2339630E+04   9.8734520E+04   7.7990255E-04   2.1747375E-05   5.1808479E-04
   7.8260870E-01   6.0436517E+04   3.0183178E+04   9.0619695E+04   6.8931459E-04   1.5331988E-07   4.5976805E-04
   7.9710145E-01   5.4253947E+04   2.7719386E+04   8.1973332E+04   8.3051764E-04   2.9613118E-04   6.4582656E-04
   8.1159420E-01   5.0227117E+04   2.4477601E+04   7.4704718E+04   8.6672863E-05   2.7722187E-04   1.4444077E-04
   8.2608696E-01   4.5783248E+04   2.2319998E+04   6.8103246E+04   9.7068899E-04   1.5755852E-08   6.5255294E-04
   8.4057971E-01   4.1087618E+04   2.0171473E+04   6.1259092E+04   3.5801005E-04   4.9264519E-05   2.2601656E-04
   8.5507246E-01   3.6782337E+04   1.7954507E+04   5.4736843E+04   3.9842220E-04   6.3219060E-09   2.6773166E-04
   8.6956522E-01   3.2746854E+04   1.7150107E+04   4.9896961E+04   1.1951966E-04   3.2741226E-05   8.9398416E-05
   8.8405797E-01   2.9725637E+04   1.5353484E+04   4.5079122E+04   1.1196541E-03   3.7527837E-09   7.3831043E-04
   8.9855072E-01   2.6019700E+04   1.3284835E+04   3.9304535E+04   1.0969014E-03   2.4164270E-08   7.2615423E-04
   9.1304348E-01   2.2347218E+04   1.1233747E+04   3.3580965E+04   1.5916034E-04   7.1410614E-08   1.0593381E-04
   9.2753623E-01   1.9843229E+04   9.9097751E+03   2.9753004E+04   1.0796757E-03   1.1919532E-08   7.2006663E-04
   9.4202899E-01   1.6227223E+04   7.7755441E+03   2.4002767E+04   9.1410324E-04   4.1376975E-04   6.6583816E-04
   9.5652174E-01   1.2789677E+04   6.6703790E+03   1.9460056E+04   3.8759324E-04   5.5186700E-09   2.5473770E-04
   9.7101449E-01   8.6291506E+03   4.4672536E+03   1.3096404E+04   8.8239570E-04   5.6872922E-08   5.8141040E-04
   9.8550725E-01   3.7775402E+03   1.7717667E+03   5.5493069E+03   4.9958848E-04   6.6586004E-08   3.4006585E-04
   1.0000000E+00   0.0000000E+00   0.0000000E+00   0.0000000E+00   0.0000000E+00   0.0000000E+00   0.0000000E+00
