   0.0000000E+00   7.0317964E+05   3.0309467E+05   1.0062743E+06   0.0000000E+00   0.0000000E+00   0.0000000E+00
   1.4492754E-02   6.6680828E+05   3.6598682E+05   1.0327951E+06   7.8114154E-04   2.0325521E-07   5.0429877E-04
   2.8985507E-02   6.7817433E+05   3.5424190E+05   1.0324162E+06   3.3594600E-04   1.0122686E-08   2.2067607E-04
   4.3478261E-02   7.1201990E+05   3.4906403E+05   1.0610839E+06   6.0525838E-04   2.9301541E-04   4.6053709E-04
   5.7971014E-02   6.6813432E+05   3.6390304E+05   1.0320374E+06   2.6794079E-04   1.3014477E-08   1.7345957E-04
   7.2463768E-02   7.1015082E+05   3.7492811E+05   1.0849274E+06   3.7263693E-04   1.4232184E-05   2.3963790E-04
   8.6956522E-02   7.2944785E+05   3.5790429E+05   1.0873521E+06   1.5180509E-04   3.2673818E-09   1.0183840E-04
   1.0144928E-01   7.5232428E+05   3.7876009E+05   1.1310844E+06   9.3838341E-05   1.5021026E-08   6.2420199E-05
   1.1594203E-01   7.7753255E+05   3.8710873E+05   1.1646413E+06   1.5273969E-04   4.7047630E-09   1.0196985E-04
   1.3043478E-01   8.0193799E+05   4.0606267E+05   1.2080007E+06   1.7346022E-04   5.6314728E-05   1.0831815E-04
   1.4492754E-01   8.2866084E+05   4.0447984E+05   1.2331407E+06   1.9365173E-04   8.8020872E-05   1.1132775E-04
   1.5942029E-01   8.3847008E+05   4.2901673E+05   1.2674868E+06   2.6089998E-04   4.0902460E-05   1.8539114E-04
   1.7391304E-01   8.4935968E+05   4.3279394E+05   1.2820905E+06   1.2678971E-04   8.6884085E-05   7.4055044E-05
   1.8840580E-01   8.5653389E+05   4.4315939E+05   1.2995767E+06   1.2525465E-04   3.4227336E-05   8.1444416E-05
   2.0289855E-01   8.6165486E+05   4.2606451E+05   1.2873946E+06   3.1193225E-05   4.6348062E-05   1.5091499E-05
   2.1739130E-01   8.6629509E+05   4.3317280E+05   1.2993164E+06   1.1181897E-04   5.8361569E-05   5.7225967E-05
   2.3188406E-01   8.3890923E+05   4.2428518E+05   1.2631944E+06   1.0867382E-04   4.1623650E-07   7.2303378E-05
   2.4637681E-01   8.2606670E+05   4.0815264E+05   1.2341302E+06   1.4514403E-04   2.0333557E-05   1.0329552E-04
   2.6086957E-01   8.0172751E+05   4.0943039E+05   1.2110737E+06   2.0677933E-04   3.5112872E-05   1.4849387E-04
   2.7536232E-01   7.8222354E+05   3.8955642E+05   1.1717002E+06   1.1956575E-04   2.4710130E-05   8.3479613E-05
   2.8985507E-01   7.4841652E+05   3.7561007E+05   1.1238750E+06   1.5824220E-04   4.3092629E-05   1.0230998E-04
   3.0434783E-01   7.0639100E+05   3.6100741E+05   1.0672180E+06   2.3054500E-04   2.8733610E-05   1.6230074E-04
   3.1884058E-01   6.7862209E+05   3.4029266E+05   1.0187770E+06   1.5786422E-04   2.1405940E-05   1.0583971E-04
   3.3333333E-01   6.4486686E+05   3.2454192E+05   9.6930994E+05   2.1894668E-04   5.8813191E-05   1.6515278E-04
   3.4782609E-01   6.0896772E+05   3.0953544E+05   9.1837686E+05   3.2703030E-04   6.7811560E-05   1.9465810E-04
   3.6231884E-01   5.7466750E+05   2.8715189E+05   8.6175878E+05   1.9367947E-04   4.5977723E-05   1.1530383E-04
   3.7681159E-01   5.4344292E+05   2.6745191E+05   8.1077825E+05   1.8491041E-04   1.1963776E-05   1.2775058E-04
   3.9130435E-01   5.0296877E+05   2.5151245E+05   7.5448122E+05   2.1356271E-04   6.0274029E-05   1.5806791E-04
   4.0579710E-01   4.7004030E+05   2.3847056E+05   7.0834849E+05   3.2869310E-04   1.5534819E-04   2.3359104E-04
   4.2028986E-01   4.4210016E+05   2.2491715E+05   6.6693893E+05   4.9300976E-04   2.9970786E-05   3.3488451E-04
   4.3478261E-01   4.1875055E+05   2.1049925E+05   6.2922454E+05   7.9193600E-04   2.3993870E-05   5.3491436E-04
   4.4927536E-01   3.8984330E+05   1.9354061E+05   5.8331059E+05   3.8812470E-04   8.6024587E-05   2.5675194E-04
   4.6376812E-01   3.6037483E+05   1.8159633E+05   5.4187645E+05   3.4093594E-04   7.8904052E-05   2.5237750E-04
   4.7826087E-01   3.3379449E+05   1.7083518E+05   5.0462967E+05   5.8072215E-04   8.3959011E-05   4.0154459E-04
   4.9275362E-01   3.1062747E+05   1.5413256E+05   4.6471545E+05   5.2328328E-04   2.6874510E-05   3.4236294E-04
   5.0724638E-01   2.8906572E+05   1.4444626E+05   4.3349033E+05   7.4199014E-04   7.0088179E-05   5.1761613E-04
   5.2173913E-01   2.6672331E+05   1.3371948E+05   4.0044279E+05   1.1860818E-03   4.7405332E-05   8.0327856E-04
   5.3623188E-01   2.4792325E+05   1.2322437E+05   3.7112714E+05   8.2898444E-04   5.6602560E-05   5.3527300E-04
   5.5072464E-01   2.2939481E+05   1.1336140E+05   3.4273627E+05   1.2626456E-03   1.7908962E-04   7.8858074E-04
   5.6521739E-01   2.1529436E+05   1.0643286E+05   3.2170780E+05   1.6113342E-03   2.6632669E-05   1.0849024E-03
   5.7971014E-01   1.9638641E+05   9.7918523E+04   2.9424810E+05   1.4324853E-03   2.2596650E-04   8.8521416E-04
   5.9420290E-01   1.8010107E+05   9.0336998E+04   2.7041959E+05   1.5530969E-03   6.1876267E-05   1.0146840E-03
   6.0869565E-01   1.6881291E+05   8.3044332E+04   2.5182116E+05   1.4440267E-03   1.6122822E-04   9.9938630E-04
   6.2318841E-01   1.5482499E+05   7.6725245E+04   2.3151499E+05   1.5997334E-03   4.7003038E-05   1.0750308E-03
   6.3768116E-01   1.4262671E+05   7.0968929E+04   2.1357842E+05   1.6168399E-03   5.3843710E-05   1.0975990E-03
   6.5217391E-01   1.3258708E+05   6.6293541E+04   1.9888062E+05   2.4835546E-03   2.5379291E-04   1.7007382E-03
   6.6666667E-01   1.2013421E+05   5.8312780E+04   1.7844699E+05   2.1869215E-03   1.2368956E-04   1.5097026E-03
   6.8115942E-01   1.1050058E+05   5.5153557E+04   1.6565414E+05   1.9357243E-03   1.4471157E-04   1.3388446E-03
   6.9565217E-01   1.0171036E+05   5.1478736E+04   1.5314174E+05   1.9363669E-03   1.9064492E-04   1.3081752E-03
   7.1014493E-01   9.4531517E+04   4.7443595E+04   1.4195965E+05   2.9481533E-03   2.1157572E-04   2.0327334E-03
   7.2463768E-01   8.6094042E+04   4.1978612E+04   1.2807265E+05   3.2827053E-03   2.5456275E-05   2.2023382E-03
   7.3913043E-01   7.9740643E+04   3.9521168E+04   1.1926181E+05   3.4629455E-03   1.4046737E-04   2.3482979E-03
   7.5362319E-01   7.2684434E+04   3.5934205E+04   1.0861864E+05   3.9850023E-03   3.6531358E-04   2.7757612E-03
   7.6811594E-01   6.6480671E+04   3.3540571E+04   1.0003554E+05   3.2964362E-03   1.4820879E-04   2.2308862E-03
   7.8260870E-01   6.0871514E+04   2.8920283E+04   8.9791797E+04   3.5955251E-03   2.0619663E-04   2.4926459E-03
   7.9710145E-01   5.6389386E+04   2.7581615E+04   8.3971002E+04   3.4411502E-03   4.9034888E-04   2.4389505E-03
   8.1159420E-01   5.2229707E+04   2.5154152E+04   7.7383859E+04   3.3503149E-03   3.0061082E-04   2.3577631E-03
   8.2608696E-01   4.5424320E+04   2.3037854E+04   6.8462174E+04   3.7440955E-03   1.5664289E-04   2.5364884E-03
   8.4057971E-01   4.0525848E+04   2.0903081E+04   6.1428929E+04   5.6644457E-03   5.8826323E-04   3.9054333E-03
   8.5507246E-01   3.7180469E+04   1.8057250E+04   5.5237720E+04   4.8572046E-03   1.9395213E-04   3.3102073E-03
   8.6956522E-01   3.3491961E+04   1.7086962E+04   5.0578924E+04   5.0176046E-03   6.2511569E-08   3.3225032E-03
   8.8405797E-01   2.8843682E+04   1.4831764E+04   4.3663024E+04   6.1050696E-03   4.8095212E-04   4.1868245E-03
   8.9855072E-01   2.5469730E+04   1.3480380E+04   3.8950110E+04   5.8529355E-03   3.1574615E-04   3.9251943E-03
   9.1304348E-01   2.2299108E+04   1.1269830E+04   3.3568938E+04   6.4834832E-03   8.8694022E-05   4.3248253E-03
   9.2753623E-01   1.9653795E+04   9.7795391E+03   2.9433334E+04   5.9663329E-03   5.5828198E-04   4.1533286E-03
   9.4202899E-01   1.6215565E+04   7.7755441E+03   2.3991109E+04   6.4754590E-03   7.0795797E-08   4.3767745E-03
   9.5652174E-01   1.2318962E+04   6.5900130E+03   1.8908975E+04   5.6389098E-03   1.1054841E-03   3.9669305E-03
   9.7101449E-01   9.1606972E+03   4.7952292E+03   1.3955926E+04   6.2539954E-03   3.5481562E-07   4.1052524E-03
   9.8550725E-01   4.1006926E+03   1.9500576E+03   6.0507503E+03   6.0893259E-03   2.3149877E-03   4.8632086E-03
   1.0000000E+00   0.0000000E+00   2.1884092E+01   2.1884092E+01   0.0000000E+00   4.7697337E-06   4.7697337E-06
